item_id,user_id,region,city,parent_category_name,category_name,param_1,param_2,param_3,title,description,price,item_seq_number,activation_date,user_type,image,image_top_1,deal_probability
Устройство легко разбирается для профилактической промывки и дезинфекции./,,,,,,,,,,,,,,,,,
— поддержка двух SIM-карт/,,,,,,,,,,,,,,,,,
"Предназначен для школьников от 14 лет и взрослых.\"",7900.0,10,2017-03-27,Company,4606b177aa53d291c855ea9ee01e542e48643e0da8f948ce1dd0a0193d02a3ef,2273.0,0.25,,,,,,,,,,
467bbe14ca1d,22ddb0bfd02d,Алтайский край,Барнаул,Личные вещи,"Одежда, обувь, аксессуары",Мужская одежда,Обувь,42,Бутсы счастливые 42 р,Прошиты уреплены кожей,500.0,39,2017-03-15,Private,bcd387c7c9f3cd5b6d6423ce283f7c2dcfd0619b50b24077501e237992260ed4,470.0,0.0
У Вас есть домашний любимец или Вы планируете его завести?!/,,,,,,,,,,,,,,,,,
"В первом томе собрания М. Дрюона в серии \"\"Проклятые короли\"\" вышли романы \"\"Железный король\"\" и \"\"Узница Шато-Гаияра\"\". /",,,,,,,,,,,,,,,,,
"Знает лоток\"",1500.0,5,2017-03-16,Private,e3c6aeaae754453037fcb00625d81b10aaef3a6b575d78596943ac83a33dc28b,2076.0,0.15785,,,,,,,,,,
гриф: красное дерево,накладка: палисандр/,,,,,,,,,,,,,,,,
db5e2a7e0ba0,165fa76eeefb,Свердловская область,Садовый,Для дома и дачи,Растения,,,,Навоз,"навоз конский  без сена, немного опила",250.0,178,2017-03-21,Private,,,0.0
"район тц.Башкирия\"",350.0,81,2017-03-28,Private,2bdd716e7e8bbb1168a6ead131ac03a59ed2b8ee9e241402ec8516388b1be8cd,618.0,0.0,,,,,,,,,,
de0eb13bd457,06af22da4567,Удмуртия,Ижевск,Хобби и отдых,Коллекционирование,Пластиковые карточки,,,Карточки,продам карточки,50.0,171,2017-03-20,Private,9a2c5601bd5dd8f1d208bf5b956a4952e1d9abe116a34abe214cabf764d74467,2403.0,0.0
378671fbef10,0feca080c31e,Волгоградская область,Волгоград,Транспорт,Автомобили,С пробегом,Subaru,Legacy,"Subaru Legacy, 2000","в прекрасном состоянии!есть пару косяков по кузову!авто из краснодара!в полнейшей комплектации!есть все))))) и все работает!постоянный полный привод!все подогревы климаты,круизы,блокировкми и т.д.два комплекта колес на литье!лето р17.зима р16!вся обслуженна ни чего делать не надо!))торг",260000.0,26,2017-03-22,Private,332354c3b6320e23818435ff48772981772f95d6d830517c4670906a5dedaee2,1132.0,0.0
215f2127513e,277c1df4a57c,Воронежская область,Воронеж,Личные вещи,"Одежда, обувь, аксессуары",Женская одежда,Обувь,38,Туфли женские Strenesse,"Идеальное состояние, покупались за 18 000. Высота каблука 10 см и платформа 1,5 см. Цвет карамель",3000.0,2,2017-03-18,Private,,,0.0
ebcfb48b512c,a809dc728a04,Нижегородская область,Нижний Новгород,Хобби и отдых,Велосипеды,Дорожные,,,Порш. каенн Cкладной на литых дисках 63,Продаем Абсолютно Новый с завода вело Порш на литых колесах 26 дюймов! /,,,,,,,
7b935458dbaf,2274787ed120,Воронежская область,Россошь,Транспорт,Автомобили,С пробегом,Ford,Focus,"Ford Focus, 2010","Вы можете приобрести данный автомобиль в кредит. Так же Вы можете воспользоваться услугой Trade-in. Мы гарантируем юридическую чистоту автомобилей и прозрачность всех сделок в нашем автосалоне. Наши специалисты проконсультируют по любым вопросам, связанным с покупкой или продажей автомобиля",445000.0,372,2017-03-21,Shop,87af2c20e713943ab6452dfb2d21707b4e8e26e914b00803b6f1482c3a2263bb,1102.0,0.0
• пятиточечный ремень безопасности/,,,,,,,,,,,,,,,,,
вкладыш-матрасик /,,,,,,,,,,,,,,,,,
АКЦИИ!!!!   СКИДКИ!!!!/,,,,,,,,,,,,,,,,,
d3c5bf963525,c062b3346fc5,Ханты-Мансийский АО,Сургут,Недвижимость,Квартиры,Продам,2,Вторичка,"2-к квартира, 60 м², 3/5 эт.","Продается двухкомнатная квартира в центре города. В квартире выполнен капитальный ремонт. Балкон застеклен, обшит пластиком. Санузел раздельный - кафель. В кухне на полу керамогранит, во всей остальной квартире ламинат. Счетчики ХГВС установлены. После продажи остается: мягкая мебель, кух.гарнитур, два шкафа - купе. В шаговой доступности большое количество торговых центров. Удобная транспортная развязка. Возможен торг.",4200000.0,9707,2017-03-17,Shop,484d0d5836fce02b9f98bb0597143f02676fc6797aefa9ecf2fde8f37baa32ca,2220.0,0.0
ae2f39955dc2,5577917cd588,Краснодарский край,Сочи,Недвижимость,Квартиры,Продам,2,Вторичка,"2-к квартира, 51 м², 6/21 эт.","Просторная однокомнатная квартира в строящемся жилом доме Белый дворец. Строительство идет по 214 фз. Продажа по ДДУ. Квартира с прекрасным панорамным видом на черноморское побережье. В 10 минутах ходьбы чистейший пляж, стадион, тропа здоровья. Удобная транспортная доступность до центра сочи( 10 минут.), олимпиский парк (25 мин.)",3470000.0,668,2017-03-22,Shop,04335024b56f4c0ecfb3907d49c5f901e885916b97ced71359ca63398f9eb0c2,2218.0,0.0
- канализация (септик);/,,,,,,,,,,,,,,,,,
Кирпичный дом 14\13 этаж,по улице стартовая 5а,дому 5 лет./,,,,,,,,,,,,,,,
/,,,,,,,,,,,,,,,,,
/,,,,,,,,,,,,,,,,,
/,,,,,,,,,,,,,,,,,
/,,,,,,,,,,,,,,,,,
/,,,,,,,,,,,,,,,,,
/,,,,,,,,,,,,,,,,,
/,,,,,,,,,,,,,,,,,
/,,,,,,,,,,,,,,,,,
/,,,,,,,,,,,,,,,,,
/,,,,,,,,,,,,,,,,,
/,,,,,,,,,,,,,,,,,
/,,,,,,,,,,,,,,,,,
/,,,,,,,,,,,,,,,,,
/,,,,,,,,,,,,,,,,,
/,,,,,,,,,,,,,,,,,
/,,,,,,,,,,,,,,,,,
/,,,,,,,,,,,,,,,,,
/,,,,,,,,,,,,,,,,,
/,,,,,,,,,,,,,,,,,
/,,,,,,,,,,,,,,,,,
/,,,,,,,,,,,,,,,,,
/,,,,,,,,,,,,,,,,,
/,,,,,,,,,,,,,,,,,
/,,,,,,,,,,,,,,,,,
/,,,,,,,,,,,,,,,,,
/,,,,,,,,,,,,,,,,,
/,,,,,,,,,,,,,,,,,
/,,,,,,,,,,,,,,,,,
/,,,,,,,,,,,,,,,,,
/,,,,,,,,,,,,,,,,,
/,,,,,,,,,,,,,,,,,
/,,,,,,,,,,,,,,,,,
/,,,,,,,,,,,,,,,,,
/,,,,,,,,,,,,,,,,,
/,,,,,,,,,,,,,,,,,
/,,,,,,,,,,,,,,,,,
/,,,,,,,,,,,,,,,,,
/,,,,,,,,,,,,,,,,,
/,,,,,,,,,,,,,,,,,
/,,,,,,,,,,,,,,,,,
36e29af18d47,ad687f2465ab,Татарстан,Альметьевск,Личные вещи,"Одежда, обувь, аксессуары",Женская одежда,Обувь,< 35,"Босоножки кожаные,новые.Производство:Италия;35р",Производство:Италия.35р.,2500.0,1,2017-03-23,Private,db11df5661e4112e51b83c51fa654f982ed86e2bcb7538d4ca4cee40d8a3758a,505.0,0.0
"+ 2 комплекта колёс на литых дисках . Автосалонам просьба не звонить . Обмен не интересует .\"",1699000.0,57,2017-03-26,Private,06bf223ad7047a5f610236117cfd9cc7e45d509fe4c42bca5a032d9ecdb9ad57,1118.0,0.0,,,,,,,,,,
Технические характеристики: /,,,,,,,,,,,,,,,,,
250 ч/,,,,,,,,,,,,,,,,,
033869123d14,55e604aff05f,Татарстан,Набережные Челны,Личные вещи,"Одежда, обувь, аксессуары",Женская одежда,Рубашки и блузки,46–48 (L),Рубашка,Новая.,100.0,38,2017-03-24,Company,ec72533038676eb0ce87cde131dd92a18477b362b2b867d62f2401ff4f8f591a,415.0,0.0
-радио;/,,,,,,,,,,,,,,,,,
"сваи для установки теплицы в ПОДАРОК!\"",22950.0,101,2017-03-15,Shop,28477714424073ed2ccdc2b1dd4a4d8b82a4afe62f6cc6adfe3d9cf4c47567e7,1358.0,0.0,,,,,,,,,,
bafe190618e6,e4e7aa97c773,Краснодарский край,Тамань,Недвижимость,Земельные участки,Продам,Промназначения,,Участок 3 га (промназначения),"Участок расположен в п. Волна 30 ГА можно по отдельности пром назначение,в собственности,под контейнерные площадки,зерновой терминал,( кроме наливных),любые грузы.Цена за 1 ГА.",7000000.0,23,2017-03-22,Company,,,0.06514
6b09c2196bad,48052cc67361,Ярославская область,Ярославль,Личные вещи,Детская одежда и обувь,Для девочек,Обувь,36,Ботиночки,"Стелька  23,5. Б.у 1 раз. Состояние новых",400.0,266,2017-03-21,Company,a6812c20e80c88eed6a48e4f33175afe1ce007c200e9815bc44d82df936df3d7,47.0,0.0
cf5f00500fb8,8d8aa69c1abb,Омская область,Омск,Транспорт,Автомобили,С пробегом,ВАЗ (LADA),2101,"ВАЗ 2101, 1976","Здравствуйте. Для вас представляю ваз классика 2101 состояние нормальное заводится ездит передачи включаются 4х ступка не работает генератор и пробит бак. Двигатель на 3 кузов на 4 коробка на 5 торг. Обмена нет, доки в наличии.",14000.0,16,2017-03-28,Private,7f399120b0aa281e8f63bf0762a0ed3ee87ce89ffa28abf01ae79b4c49e2a057,1148.0,0.7376
Дуги фиксируются с помощью колец,которые находятся вне доступа ребенка,что дает возможность обеспечить надежность крепления и избежать случайного их снятия./,,,,,,,,,,,,,,,
7cda3e8b1ac4,33d09dfdbd90,Краснодарский край,Краснодар,Личные вещи,"Одежда, обувь, аксессуары",Аксессуары,,,Сумка на руку eleganzza,Материал : натуральная кожа/,,,,,,,
- электро стеклоподъемники;/,,,,,,,,,,,,,,,,,
6a75b9d3cc73,947400a37a13,Самарская область,Самара,Хобби и отдых,Спорт и отдых,Фитнес и тренажёры,,,Тренажерный обруч,Очень хороший обруч хорошего качества,700.0,6,2017-03-18,Private,e242c2233fbee7190414345d80293cf2df282b601819401d858f1877307d7718,2699.0,0.0
Гарантия на дом 5 лет /,,,,,,,,,,,,,,,,,
Palit GeForce GTX 760 980Mhz PCI-E 3.0 2048Mb 6008Mhz 256 bit 2xDVI 2xHDMI/,,,,,,,,,,,,,,,,,
4.	Драйзер – «Финансист»,«титан»,«Стоик»,«Сестра Керри»,«Американская трагедия»/,,,,,,,,,,,,,
Мы находимся: Московское шоссе 17,Вертикаль,ТЦ Сила спорта 2 Этаж!/,,,,,,,,,,,,,,,
Особенности:/,,,,,,,,,,,,,,,,,
-ФРЕЗЕР ПО ДЕРЕВУ/,,,,,,,,,,,,,,,,,
Самый нижний уровень это сухой,отделанный кирпичном погреб,с отделениями по хранение продуктов. Выше располагается техэтаж,где имеются стеллажи для хранения зап.частей,инвентаря и пр. Верхний уровень (надземный),находится чуть выше уровня основной поверхности грунта,что позволяет совсем избежать каких-либо подтоплений.  В гараж с легкостью помещается 2 автомобиля. Есть смотровая яма,версткаки и шкафы. Кровля полностью заменена и выполнена из качественных герметичных материалов. В данном гараже можно легко организовать СТО или мелкое производство. Удобный круглогодичный проезд. /,,,,,,,,,,
 Витринные образцы с микро царапинами/,,,,,,,,,,,,,,,,,
8 встроенной/,,,,,,,,,,,,,,,,,
Три хромированные ножки на усиленных уголках. /,,,,,,,,,,,,,,,,,
5c3fd36192c0,c39c28291dcf,Свердловская область,Екатеринбург,Личные вещи,"Одежда, обувь, аксессуары",Женская одежда,Рубашки и блузки,40–42 (XS),Белая блузка,"Новая белая блузка оджи 400р, джемпер манго 200р. За 500р отдам все",400.0,59,2017-03-15,Private,4e9028262e60c03236cdb96a46e1b958f1834be140b3e2550c9bc2b83318c371,415.0,0.0
e9200ae4705b,f498885a4ca7,Волгоградская область,Волгоград,Личные вещи,Детская одежда и обувь,Для мальчиков,Обувь,26,Сандали,Хорошего состояния,200.0,4,2017-03-27,Private,d114449362a9bfa8ab237eae909925873ed7557db1526e038895daa4734e560a,704.0,0.0
1883616ff730,c8d1532c578a,Саратовская область,Саратов,Личные вещи,Детская одежда и обувь,Для мальчиков,Комбинезоны и боди,50-56 cм (0-2 мес),Набор одежды 56 размера,"Одежда в отличном состоянии, некоторые вещи абсолютно новые.",1100.0,8,2017-03-27,Private,ddc6f789cebbfe54defa90ca0f00fba59ccc8bb1a2eda1560106f8a3f245c3ff,54.0,0.0
Подходит по д ипотеку,возьмем материнский капитал./,,,,,,,,,,,,,,,,
43bef47e2d6e,e5764370878a,Саратовская область,Энгельс,Личные вещи,"Одежда, обувь, аксессуары",Женская одежда,Трикотаж,44–46 (M),Новая кофточка,,600.0,54,2017-03-24,Private,b4854ee1b55d4be57464587b41e456342acf21e2b80b303621d9c71b5889d286,575.0,0.0
Компрессор 2/,,,,,,,,,,,,,,,,,
Участок 3 сотки (10х30),огорожен забором с воротами и калиткой. Двор усыпан щебнем./,,,,,,,,,,,,,,,,
1274ff0e191f,d6815ff0a143,Челябинская область,Усть-Катав,Недвижимость,Земельные участки,Продам,Поселений (ИЖС),,Участок 6 сот. (ИЖС),"Продам земельный участок с нежилым домом, ровный участок, газ по огороду",200000.0,4,2017-03-24,Private,b88b201e81c08fffa008959cfe2045aa840032f05a51b46d347897f71f37f13b,1320.0,0.24295
Встроенный аудиоадаптер	/,,,,,,,,,,,,,,,,,
"Куйбышевский район. Елена . (прошу не беспокоить до 12.00 и после 20.00 - маленький ребенок)\"",3500.0,7,2017-03-21,Private,02cb19e591bee2638b03e86aa465fde08f5183dc6d3cb6e957f498a8facf5a64,825.0,0.0,,,,,,,,,,
- Чувствительность: 200 мВ /,,,,,,,,,,,,,,,,,
8cbc0bbba7e9,7f77182da8df,Нижегородская область,Дзержинск,Личные вещи,"Одежда, обувь, аксессуары",Женская одежда,Платья и юбки,42–44 (S),Платье-карандаш,"платье-карандаш, состояние идеальное, с боку скрытая молния, длина чуть выше колен, на груди вышито бисером. очень красивое и приятное к телу,",1300.0,75,2017-03-22,Private,d6f075688da14e2c0e4a7e3fa7c4dab64f59669e7b4301ab425152f1f791d65b,403.0,0.0
8dc4465dc0c3,32d5ba05c262,Тульская область,Тула,Бытовая электроника,Планшеты и электронные книги,Планшеты,,,Продаю планшет Asus Transformer Pad,"Планшет в хорошем состоянии,не особо пользованный. Не падал,ни разу не был в ремонте.Продаю из за не надобности.",6000.0,8,2017-03-24,Private,37d52503cea3824dd7a495a34b9e93d1e1e06554c00ac189f3a0fe92cd260c65,2952.0,0.0
330ec335cc26,0412340d3025,Свердловская область,Екатеринбург,Личные вещи,"Одежда, обувь, аксессуары",Женская одежда,Обувь,37,Мокасины,,1000.0,18,2017-03-23,Private,bc0bbdb1f1482a4746cd84014cda26dc714a91c94d25ad223c36f7d6eaeb6f8d,418.0,0.0
12726e4ca645,7e2ce0f4fca2,Нижегородская область,Дзержинск,Личные вещи,"Одежда, обувь, аксессуары",Женская одежда,Платья и юбки,42–44 (S),Юбка,Джинцовая юбочка,300.0,93,2017-03-18,Private,aeb5b31030cd4d846f0aefac329b644c7be28d5b146d301379d420a1e5af234f,377.0,0.0
ca6b31bcd6ce,818d647950cc,Воронежская область,Воронеж,Бытовая электроника,Товары для компьютера,Мониторы,,,19дюймовый монитор Samsung 931С SyncMaster,"Осуществляем обмен старой техники на новую, даем большую скидку!!!!/",,,,,,,
5a965baaa7f6,d60c33ed068e,Башкортостан,Стерлитамак,Бытовая электроника,Телефоны,iPhone,,,iPhone 4S,Продам iPhone 4S. Состояние отличное,6000.0,37,2017-03-16,Private,83f51ec12228f8faf0e283f49095db5d8d6067bc56bc0853a8cf21583aa47da8,2918.0,0.04303
8dc39d7747ef,54ec81db9bca,Тюменская область,Тюмень,Личные вещи,Товары для детей и игрушки,Детские коляски,,,Tako Jumper Х коляска 2 в 1,Возможна оплата кредитной картой или наличными./,,,,,,,
4612180e660e,da6c3869c2a4,Свердловская область,Екатеринбург,Личные вещи,Детская одежда и обувь,Для девочек,Комбинезоны и боди,74-80 см (7-12 мес),Демисезонный комбинезон размер 68-74,Теплый комбинезон от -10 до +5/,,,,,,,
=============================================/,,,,,,,,,,,,,,,,,
4813cc93279b,e6d2e1e73134,Красноярский край,Красноярск,Бытовая электроника,Аудио и видео,"Музыкальные центры, магнитолы",,,Проигрыватель вега 109 стерео,продам!!! Работает! Состояние хорошее.,3000.0,35,2017-03-18,Private,a31fb758c50ec3a17c0b8ec838b837fadc5099864aa8617327c5d5495f8a4c73,3060.0,0.18788
b624366a8c5f,5f87937d7bb7,Ростовская область,Красный Сулин,Для дома и дачи,Ремонт и строительство,Инструменты,,,Редуктор кислородный,Новый в коробке.,500.0,14,2017-03-22,Private,f6b3202a7163af4b6e1d4f3cb1c0f30d30c11da970ffa9b08452d9f108e90358,1242.0,0.0
Окно 175 x 172 см,две створки - 1шт - 7000р./,,,,,,,,,,,,,,,,
Также есть три учебных заведения ./,,,,,,,,,,,,,,,,,
1. ШхГхВ: 570х570х2203 мм/,,,,,,,,,,,,,,,,,
- проводим юридическую экспертизу представленных документов и оцениваем судебную перспективу. /,,,,,,,,,,,,,,,,,
Игровой джостик для компьютера или ноутбука,удобен в руке,сначала непривычный,но потом можно к нему приловчиться,новый/,,,,,,,,,,,,,
12bdf84f16cc,932fa9cd3913,Пермский край,Кунгур,Личные вещи,Детская одежда и обувь,Для девочек,Верхняя одежда,134-140 см (8-10 лет),Куртка весенняя,,500.0,13,2017-03-27,Private,8a04d18bddf8d5bfb80413f8276dfb62c4c807541cfb209420e608770d345788,2296.0,0.0
Комбинезоны,куртки на весну/,,,,,,,,,,,,,,,,
• Водительская подушка безопасности/,,,,,,,,,,,,,,,,,
64e5e6150dc4,a6bdae015718,Башкортостан,Уфа,Бытовая электроника,Телефоны,BlackBerry,,,Blackberry Q5,камера 5 и 2 мп. заряд держит 2-3 дня. поддерживает приложения с плей маркет. кабель и зарядка оригинал,4500.0,11,2017-03-22,Private,43fbf4a14ba63ab41310c217f38ae1606ac81371d30d659960f949c4038d2435,2921.0,0.19927
Розничный магазин Sport City находится по адресу: г.Анапа,ул.Краснодарская 5,ЦУМ 1этаж/,,,,,,,,,,,,,,,
858fd61049af,46f01a426910,Кемеровская область,Новокузнецк,Личные вещи,"Одежда, обувь, аксессуары",Женская одежда,Платья и юбки,40–42 (XS),Платье летнее,"Платье, h&m, размер xs",250.0,34,2017-03-26,Private,269a195ebfd9be1682fd819388be3f1f3a48ef6ace9d3f1b8855ad0221869c34,386.0,0.0
- Низкие цены,каждый день!/,,,,,,,,,,,,,,,,
8b80b125ab73,7fb533649d97,Кемеровская область,Кемерово,Личные вещи,Детская одежда и обувь,Для девочек,Верхняя одежда,122-128 см (6-8 лет),Пальто,"Продаю пальто! Наше любимое было два сезона весна-осень!  Заказывала из Германии, фирма verbaudet. Размер 128-134. Воротник вязанный, отстегивается! Для школы нам была не заменимая вещь!",1000.0,12,2017-03-26,Private,fa42308341e90ddf5ad83fb074241be6dd8de077c053f20928777cd9e32aeb8d,523.0,0.0
eb7524034678,ec4e4d742a69,Волгоградская область,Волгоград,Личные вещи,Детская одежда и обувь,Для девочек,Обувь,22,Сапоги детские зимние,"Размер 22. Зимние. Все натуральное. Ортопедия, профилактика, фирма BabyOrtho. Как новые, только чуть-чуть задет носок сапога. В них не ходили.",1000.0,15,2017-03-24,Private,526ca5c07d00155e4adf4b9f7e0b4f3f547d9390a6b6ee9c4a3cbfbc29c6dc64,88.0,0.0
d8d9295c6aeb,dd78fec5c9e3,Краснодарский край,Краснодар,Бытовая электроника,Телефоны,iPhone,,,iPhone 5s,Тач ид работает/,,,,,,,
5b95926fe612,54a7f7cf598f,Нижегородская область,Нижний Новгород,Для дома и дачи,Бытовая техника,Другое,,,Фильтр предварительной очистки до 6000 л/ч Gardena,Продаю Фильтр предварительной очистки до 6000 л/ч Gardena 01730-20.000.00 новый,2000.0,3,2017-03-24,Company,75ac02d395a2453b7b5b6bf0cb235f39b0fdd17d4f4ae21cde968215667931f4,1676.0,0.0
b1a6bd373f11,7ff3d9dfe38d,Татарстан,Казань,Личные вещи,Детская одежда и обувь,Для мальчиков,Пижамы,62-68 см (2-6 мес),Пижама mothercare,Пижама в отличном состоянии. 0-3 месяца.,500.0,12,2017-03-22,Private,67076b3a9f5313a453a52eab022ab1b3bcb78a320622c5c38a0a5008b87df8ec,78.0,0.0
На ваш iphone 4-4s можно с дефектом даже разбитый главное что бы работал/,,,,,,,,,,,,,,,,,
d2fa1b3891dc,ec9ecc2c1816,Татарстан,Набережные Челны,Личные вещи,"Одежда, обувь, аксессуары",Женская одежда,Обувь,36,Сопоги весна-осень,"Состояние хорошее ,натуральная кожа,производство спартак",500.0,22,2017-03-23,Private,1e81c935fc1d19336012678cf7fb0873b6d01c7e0e7a3c76f7f27d2e811424b0,438.0,0.0
- нож комбинированный;/,,,,,,,,,,,,,,,,,
"Ручки петли и наличники есть\"",,12,2017-03-27,Private,5d311912a7f9c41c42e06c35f6c102c37147d6b92e707fa6700dc8f9351ae31d,1373.0,0.86521,,,,,,,,,,
5064f07b1bec,69742f1559b6,Краснодарский край,Краснодар,Транспорт,Автомобили,С пробегом,Hyundai,Tucson,"Hyundai Tucson, 2007","Авто в отличном состоянии. Я вторая хозяйка. ПТС оригинал, 2 ключа, сервисная книжка. Пробег родной не скрученный, не битая, в машине не курили. Продаю срочно или обмен на более дешевый авто с доплатой мне.",575000.0,6,2017-03-27,Private,c56f4cc44786d767b72fcd076a4109b8c4b821b76cc3c579a0c0c9db79de862e,1132.0,0.2267
9b6c4f91b0c4,68a3f4a6c928,Краснодарский край,Краснодар,Личные вещи,Часы и украшения,Ювелирные изделия,,,Золотые серьги б/у, /,,,,,,,
Очистите,а затем высушите кожу в области бедер и голеней;/,,,,,,,,,,,,,,,,
Воздушное охлаждение двигателя позволяет эксплуатировать электроагрегат только при непродолжительных нагрузках,в качестве резервного источника электроэнергии. Портативный однофазный бензогенератор Champion GG3000 эксплуатируется на строительных площадках,при дорожных работах,в личном хозяйстве на даче и прочих местах деятельности человека,где требуются небольшие габариты,малый вес и недолгое время работы./,,,,,,,,,,,,
Размер упаковки: 40 X 8 X 32 см/,,,,,,,,,,,,,,,,,
Возможность размещения наружной рекламы./,,,,,,,,,,,,,,,,,
вес 158 г,ШxВxТ 77x150.10x9 мм/,,,,,,,,,,,,,,,,
10d6d65684eb,d4fc7514c0db,Омская область,Омск,Бытовая электроника,Аудио и видео,"Видео, DVD и Blu-ray плееры",,,Двд toshiba,СОСТОЯНИЕ хорошее!!!Есть пульт!!!Есть новые ДВД ДИСКИ 25р/шт!!!,850.0,70,2017-03-26,Company,e667ccf18066f58c9c4e1dc91d19c685c3d46405d0f0aca5abf2b80a0ae4abe6,3042.0,0.0
Есть возможность лично убедиться в работоспособности ( в магазине возможно подключение машинки и проверка всех циклов работы). /,,,,,,,,,,,,,,,,,
• Поможем настроить купленную у нас технику,зарегистрировать Аpple ID,настроить почтовые сервисы на Вашем устройстве и все это абсолютно бесплатно;/,,,,,,,,,,,,,,,
"К Пасхе есть в наличии пряники в форме яиц! Звоните!\"",50.0,81,2017-03-24,Private,3ed031ecc86d305348bfddf3496685ee352947e4abf1f901dfe1cf338afebf34,929.0,0.0,,,,,,,,,,
Возможность установки люльки или прогулочный блок по ходу движения коляски или лицом к родителям;/,,,,,,,,,,,,,,,,,
"Автомобиль покупал в 2014 году.\"",725000.0,3,2017-03-19,Private,70caf9f9699795da97293518cf449836ba1313638eca3cff1a21f1f37e8eba5b,2264.0,0.0,,,,,,,,,,
• Оплата: наличный,безналичный,по картам или перевод на карту!/,,,,,,,,,,,,,,,
Описание: /,,,,,,,,,,,,,,,,,
4b3a66fed417,0a32fe153c7e,Удмуртия,Ижевск,Для дома и дачи,Посуда и товары для кухни,Товары для кухни,,,Бак алюминевый 40л,Бак алюминевый 40л. Хорошее состояние б/у торг,1000.0,118,2017-03-25,Private,e2cbf4c23c2f3312755b07a134fb85a7fa0dc46062888919f557427de279278b,1642.0,0.0
40994e3d78a7,8a3c25bc1879,Ростовская область,Ростов-на-Дону,Недвижимость,Коммерческая недвижимость,Сдам,Складское помещение,,"Складское помещение, 150 м²",Сдам 150 кв.м  Теплый склад. Цоколь. Реклама по фасаду. Аренда+электричество (380Вольт). Разгрузка большегрузного транспорта.,12000.0,7,2017-03-16,Private,fde9cc1e77eb5a305459285d35fc1a963f1063f4718c0f71dcdbda7c48e34353,1086.0,0.14720999999999998
57fbd136bb44,279c689307ff,Тюменская область,Тюмень,Личные вещи,"Одежда, обувь, аксессуары",Мужская одежда,Верхняя одежда,46–48 (M),Новый горнолыжный костюм мужской,"Продам новый горнолыжный костюм, мужской, размер М (46).",5000.0,131,2017-03-27,Private,0c239d68f7397c8571274a16bf9f20fa6fde30a5dcc568668069fd7d43aee058,529.0,0.0
505d1ccb0b37,f6adbab92c31,Свердловская область,Екатеринбург,Личные вещи,"Одежда, обувь, аксессуары",Женская одежда,Обувь,37,Ботинки замшевые hm. 37 размер,Новые замшевые ботинки hm. С бирками и чеком. Ботинки Zara hm,3599.0,96,2017-03-28,Private,a3b71121edfa9850aab33dbbaac0e8b3b5e620353ed124a85878c283468ebb6a,2618.0,0.0
1) 40×30-1500/,,,,,,,,,,,,,,,,,
9d5a3d656e83,b9dd1c4a6adf,Краснодарский край,Ленинградская,Для бизнеса,Оборудование для бизнеса,Другое,,,Тестомес,СРОЧНО !!! Продам тестомес на 30 литров в отличном тех.состоянии.,35000.0,12,2017-03-21,Private,1a76de44cc5c3c002db3b90e4203d4a9d94d05ee405aa7b8711d9d3977f55884,1658.0,0.0
Max вес пользователя 100 кг /,,,,,,,,,,,,,,,,,
"...............................\"",1500.0,11915,2017-03-27,Shop,82a52997443338b946bd99bb5f0130c1cd48086314647bedb4f9b70aa2c59a3b,2913.0,0.0,,,,,,,,,,
Socket  AM2 Sempron 1 ядерный 100р/,,,,,,,,,,,,,,,,,
PCGA-AC5E/,,,,,,,,,,,,,,,,,
- высота рулона 1.2м,длинна рулона 10м ― стоимость 970рублей\рулон/,,,,,,,,,,,,,,,,
- идеально подходящий дождевик; /,,,,,,,,,,,,,,,,,
А также можем помочь построить ваш будущей дом или коттедж под ключ/,,,,,,,,,,,,,,,,,
"•	Долго сохраняет свою первоначальную форму и не мнётся\"",7000.0,3,2017-03-15,Private,1b67d8d4f00df89a82660487412f9e078cbf7776d792f6c63de0a76d2c4572a0,1432.0,0.0,,,,,,,,,,
Forza Horizon 2/,,,,,,,,,,,,,,,,,
9e20b4ce2bc4,93532029fdb6,Кемеровская область,Новокузнецк,Личные вещи,Детская одежда и обувь,Для девочек,Обувь,23,Сандалии,"Продам сандалии, б/у, на одном содран нос, на липучке, пятка регулируется липучкой.",200.0,45,2017-03-15,Private,98e28c3f5347243eb3b7c52ad638a92d5f2ed2a1a4c8f303d7bf8c90064ce8dd,93.0,0.0
Я второй владелец,купил авто в 2014 г./,,,,,,,,,,,,,,,,
Режим работы: Пн-Пт 11:00 - 18:30; Сб 11:00 - 17:00; Вс - выходной./,,,,,,,,,,,,,,,,,
Кому что интересно,пишите в личку,"на почту или вайбер.\"",200.0,70,2017-03-15,Private,bccc04ff86b555c45075d61a13902dc47efcfac08dac11289a9114772fec43bf,1154.0,0.38925,,,,,,,,
Материал подклада: текстиль /,,,,,,,,,,,,,,,,,
9657ab934205,a316ec571c4e,Алтайский край,Белокуриха,Хобби и отдых,Спорт и отдых,Фитнес и тренажёры,,,Брусья-турник складные 3 в 1,Габариты: 100/75/44/,,,,,,,
СОЛЬСТА/,,,,,,,,,,,,,,,,,
abd87f5ca136,c4a14462c1e0,Ростовская область,Миллерово,Личные вещи,"Одежда, обувь, аксессуары",Женская одежда,Верхняя одежда,44–46 (M),Плащ,Красивый классический импортный с подкладкой чёрный плащ. Евро длина. Недорого. 2 тыс. руб.,2000.0,13,2017-03-23,Private,b3c9f929ecb6d4325586e86d4f11aeeebb1abf2e48acb3254cc15368180fa4cc,523.0,0.0
Успешных покупок и хорошего настроения/,,,,,,,,,,,,,,,,,
2 лампы (высокая1500р; вторая крепится на стол500р)/,,,,,,,,,,,,,,,,,
На спинке кроватки вырезан рисунок – Мишка./,,,,,,,,,,,,,,,,,
"Стул компактен в сложенном состоянии.\"",3500.0,162,2017-03-18,Private,8b4f909868e4d584f650f9fcf2da353d842f0e4b12144860f9a6da53619848de,811.0,0.39373,,,,,,,,,,
539fa6a14f7a,3b2a9d9d76f6,Татарстан,Казань,Для дома и дачи,Бытовая техника,Другое,,,Весы напольные до 150 кг. С отдельным дисплеем,"Весы напольные, с выносным дисплеем. Макс предел взвешивания 150 кг.",7000.0,71,2017-03-19,Company,,,0.0
Габариты  кровати - высота 1920 см.,ширина 1235 см.,"длина 2055 см.\"",7000.0,17,2017-03-27,Private,7a1472bf0993270c20b6242d4f611f4736bf15f3450548b797359eef9ab688b4,819.0,0.0,,,,,,,,
dba09dd44611,206fe13a8b51,Татарстан,Заинск,Личные вещи,"Одежда, обувь, аксессуары",Женская одежда,Другое,,Кофта твое,"Породам кофту марки ТВОЕ в отличном состоянии. Одевала всего 1 раз. Размер 46-48. Длина кофты- 67см, ширина кофты- 45 см, длина рукова- 62 см.",600.0,28,2017-03-17,Private,874fc311c409c1bef2d44d03e4d88db9128f48722cd7f768ab22e8f75ba3e7b4,568.0,0.0
955ece53c240,a3a54fd9fdf5,Нижегородская область,Нижний Новгород,Личные вещи,"Одежда, обувь, аксессуары",Женская одежда,Верхняя одежда,Без размера,Кожаная куртка,Новая,1800.0,250,2017-03-26,Company,0e571932fe28786eab2aa2c2963883970a5f7476881a2a95ff0424b6c6c3a48f,527.0,0.0
механизм «книжка»/,,,,,,,,,,,,,,,,,
- Окна выходят на ул. Чуйкова./,,,,,,,,,,,,,,,,,
Умные часы для детей с GPS и телефоном./,,,,,,,,,,,,,,,,,
Общие характеристики:/,,,,,,,,,,,,,,,,,
8bfd52330aae,f48aff1c1ab9,Краснодарский край,Краснодар,Недвижимость,Квартиры,Сдам,На длительный срок,1,"1-к квартира, 40 м², 1/1 эт.",Вся мебель и быт.техника! Риэлтор-3т.р. по факту заселения!,11000.0,1049,2017-03-16,Company,38db24cc7b69f891e59ef4806eb07ab467eba184f535bda8defd56ad4b930dbf,2220.0,0.0
f6f0c90aa070,7071aeeb1fc0,Алтайский край,Барнаул,Личные вещи,Детская одежда и обувь,Для мальчиков,Обувь,27,Ортопедическая обувь 27 размер,"Сандали бело-синие 27 размер по стельке 17,5 см, 900 рублей /",,,,,,,
Окна 2 шт. деревянные/,,,,,,,,,,,,,,,,,
- Несколько положений спинки,включая горизонтальное/,,,,,,,,,,,,,,,,
d822aebd316b,3f2db2be6d74,Татарстан,Казань,Личные вещи,"Одежда, обувь, аксессуары",Женская одежда,Верхняя одежда,44–46 (M),Жилет из натурального меха.новый,Продаю новый меховой жилет из натурального меха.смотриться очень красиво.приятный цвет.,18000.0,1,2017-03-21,Private,d080872885e508b64513738c6fb8cf61259875e482b1c655d85b686d7bee05ee,531.0,0.0
Кровать двойная 1600мм/1400мм ортопедическое,металлическое,разборное на ножках/,,,,,,,,,,,,,,,
есть/,,,,,,,,,,,,,,,,,
— Колеса (материал) - спицованные (сталь)/,,,,,,,,,,,,,,,,,
f33905548e56,211c93641d72,Самарская область,Чапаевск,Личные вещи,"Одежда, обувь, аксессуары",Женская одежда,Трикотаж,> 50 (XXL),Джемпер женский,"Теплый джемпер, 56-58 размера",400.0,52,2017-03-24,Private,beb45278400278d990e5c90873f4721c2f9052af44632169191201156b5a3a46,64.0,0.0
Возможность подключения MP3 плеера./,,,,,,,,,,,,,,,,,
Артикул товара:3539108/,,,,,,,,,,,,,,,,,
973b19e33ecc,1449e8f1b579,Омская область,Омск,Личные вещи,Товары для детей и игрушки,Игрушки,,,Пуф для малышей,"Очень удобный пуф для малышей,которые учатся сидеть.Безопасное изделие в виде машины.",1200.0,114,2017-03-15,Company,f6a3940ecd61bdfa010be0468b63480f85e9a0416901d2580d56bbc4de1548fe,956.0,0.0
Будем рады видеть Вас в числе наших довольных покупателей!/,,,,,,,,,,,,,,,,,
0c79e255bfb1,a982a5029cfd,Ставропольский край,Ставрополь,Личные вещи,Детская одежда и обувь,Для девочек,Брюки,74-80 см (7-12 мес),Джинсы,Джинсы в отличном состоянии. Размер 80.,300.0,13,2017-03-24,Private,24218376b579662a143c737ef760b07c474d8d050d4dd2ce354c93f5512806c1,118.0,0.0
a3aea938d827,de7aba02d31a,Краснодарский край,Сочи,Транспорт,Автомобили,С пробегом,Honda,Fit,"Honda Fit, 2010","Сами покупали из США 4 года назад. один владелец, ездит женщина. в отличном состоянии, не битая, не крашеная. в подарок два комплекта резины, летней и зимней.",520000.0,65,2017-03-18,Private,3ee4c8b239adca6c68915d403bce6768631fbe3721f49b3a855ee2402cf409f7,2264.0,0.0
👌Натуральная кожа/эластичный материал/,,,,,,,,,,,,,,,,,
f1fc8309acee,04bdc6a42682,Пермский край,Пермь,Недвижимость,Квартиры,Продам,2,Вторичка,"2-к квартира, 54 м², 9/9 эт.","Продается 2-х комнатная квартира на Садовом в хорошем состоянии на 9 этаже 9-этажного дома, большой застекленный балкон + над ним такой же большой тех.этаж, солнечная сторона,  с/у раздельный - в ванной плитка, туалет - пласт.панели./",,,,,,,
b127ee9938d3,80c9b1eb28a5,Удмуртия,Глазов,Личные вещи,Товары для детей и игрушки,Велосипеды и самокаты,,,Электромобиль детский б/у,"Продается электромобиль, состояние хорошее",5500.0,7,2017-03-19,Private,8c6bd3b5c9a119f48e7756b6843df1d903627c01ee6f48e21ad59bff353dea28,891.0,0.0
толщина листа 0,45 мм /,,,,,,,,,,,,,,,,
1544fa690b7a,13c604b72c11,Ярославская область,Рыбинск,Услуги,Предложение услуг,Другое,,,Временная прописка (регистрация),"Предлагаю временную регистрацию гражданам РФ, СНГ и ближнего зарубежья",2000.0,16,2017-03-16,Private,,,1.0
Верх - Nylon Taslan/,,,,,,,,,,,,,,,,,
"Пазлы фирмы \"\"Step\"\" - любой за 50 р.\"",50.0,118,2017-03-26,Private,82e1a893f524f3b3f1da0e32732727c24305b38f27d1d58d6d10e06f569e55b7,907.0,0.0,,,,,,,,,,
bfac41bae974,fc7066ef75a1,Свердловская область,Нижний Тагил,Личные вещи,Товары для детей и игрушки,Детская мебель,,,Кровать-трансформер,"Складная кроватка-трансформер(кроватка,манеж),на колёсиках/",,,,,,,
Обращайтесь по телефону за более подробной информацией!/,,,,,,,,,,,,,,,,,
20c77822a491,d626f52844ab,Башкортостан,Уфа,Личные вещи,"Одежда, обувь, аксессуары",Женская одежда,Платья и юбки,42–44 (S),Платье синее,,300.0,44,2017-03-23,Private,a6bfe3e0db4abcffdfed89fef4e8f25be071747c7aec1b0c42b62c06906d788d,386.0,0.0
MP3,FM-радио/,,,,,,,,,,,,,,,,
445065fd5951,79a33fe699fc,Тульская область,Тула,Бытовая электроника,Телефоны,Samsung,,,Samsung Galaxy J1 золотистый,"\"Описание \"\"Смартфон SAMSUNG Galaxy J1 (2016) SM-J120F золотистый\"\"/",,,,,,,
Системная шина 800 МГц - 1333 МГц/,,,,,,,,,,,,,,,,,
Продаю так как у меня имеются противопоказания к применению (корсет сдавливает живот,"а мне нельзя его сдавливать).\"",3000.0,10,2017-03-28,Private,317ecf8d353b3bb3626a728e364dcf5d3fb5365068888efdbfb68233800f1515,731.0,0.0,,,,,,,,,
Щедрый уход в удобной широкой баночке обязательно станет Вашим фаворитом,и Вы захотите всегда иметь его под рукой!/,,,,,,,,,,,,,,,,
- Бесплатно сделаем Micro или Nano Sim./,,,,,,,,,,,,,,,,,
Все изделия проходят через Крымскую Государственную Инспекцию Пробирного Надзора./,,,,,,,,,,,,,,,,,
Таймер - 5/30/60/ сек. (+ время работы по умолчанию 120 сек)/,,,,,,,,,,,,,,,,,
f3afbbe62ea9,a87b94c28965,Ростовская область,Арпачин,Недвижимость,"Дома, дачи, коттеджи",Продам,Коттедж,,Коттедж 58 м² на участке 4.3 сот.,"ПРОДАМ ДОМ-ДАЧУ в Ростовской области, станица Маныческая, до города Ростова-на-Дону около 50 км./",,,,,,,
8443ae651190,9615f25c8a90,Саратовская область,Саратов,Личные вещи,"Одежда, обувь, аксессуары",Женская одежда,Свадебные платья,44–46 (M),Свадебное платье,"материал -гипюр , сзади корсет. /",,,,,,,
c730043811ba,4b6d553fb4eb,Краснодарский край,Краснодар,Личные вещи,"Одежда, обувь, аксессуары",Женская одежда,Рубашки и блузки,> 50 (XXL),Красивые блузы 500 за обе,Размер 54 /,,,,,,,
Зарядка (ЗУ): блок питания для гарнитур и сотового телефона Nokia ACP-7E/AC-3E/,,,,,,,,,,,,,,,,,
9640c87722b3,ec22e5f5125a,Ростовская область,Ростов-на-Дону,Личные вещи,Красота и здоровье,Косметика,,,"Avon много разного, наборы, парфюм","Много разного, пишите-звоните буду рада ответить!!!! Цены обсуждаются!",49.0,496,2017-03-19,Company,3d1e9b80bf49c6b41e3046e683b7513a673338de90a42f27a50903308c3e0043,784.0,0.0
9e203e435492,0cf11c301d65,Свердловская область,Екатеринбург,Для бизнеса,Оборудование для бизнеса,Промышленное,,,TOS SN-50B Токарный станок б/у,ВЫКУП И ПОМОЩЬ В РЕАЛИЗАЦИИ ВАШИХ/,,,,,,,
Доставка в любую точку города-300 рублей. Cборка 8% от стоимости. Продукция изготовлена из качественных материалов на крупных российских фабриках,соответствует ГОСТу./,,,,,,,,,,,,,,,,
Экран 17 дюймов./,,,,,,,,,,,,,,,,,
MP3,AAC,WAV/,,,,,,,,,,,,,,,
fda3685df3e0,7634d47a125f,Удмуртия,Ижевск,Личные вещи,"Одежда, обувь, аксессуары",Женская одежда,Верхняя одежда,46–48 (L),Куртка,,800.0,21,2017-03-21,Private,a6ba995d21267d1cf870ab34aea858da0f763f7945aee2fd1d120b18f72a645b,96.0,0.0
f82f93ee45fd,1bacb6c46ec3,Ярославская область,Ярославль,Недвижимость,Земельные участки,Продам,Поселений (ИЖС),,Участок 75 сот. (ИЖС),"\"Земельный участок 75 соток, находится в 20км от города Ярославль, в начале села Толбухино. Он находится рядом с дорогой, ведущей от федеральной трассы М8 \"\"Холмогоры\"\" в село Толбухино. Участок с 2 сторон окружает лесной массив","с двух других сторон окружает поле. Сам участок ровный . В самом селе Толбухино находятся крупное озеро.  Возможно межевание участка.\"",,49,2017-03-15,Private,,
fa33b43367a2,f313e43afa30,Челябинская область,Златоуст,Личные вещи,Детская одежда и обувь,Для мальчиков,Верхняя одежда,74-80 см (7-12 мес),Куртка для мальчика,продам курточку для мальчика,300.0,11,2017-03-21,Private,6b21c785a5dce6dfb0fa184d2a43f0c1ca07a88a50d248c72604766c4998151b,52.0,0.0
"Вотсап\"",1200.0,243,2017-03-16,Company,bd5bb9c0b25e81432e73c140719de110d2dbe16974e40b8eab6ba92d4955edde,47.0,0.0,,,,,,,,,,
31e5550570ec,055ac19f99f8,Ставропольский край,Ставрополь,Животные,Собаки,Московская сторожевая,,,Самый верный друг и невероятно отличный охранник,"От адекватных , титулованных производителей породы , прекрасные детки готовы к продаже./",,,,,,,
Межсетевой экран (Firewall)/,,,,,,,,,,,,,,,,,
ffaf5e1cfcc8,55a6f2f670d6,Краснодарский край,Новороссийск,Бытовая электроника,Телефоны,iPhone,,,iPhone 6 space gray,"Продаю в связи с покупкой нового телефона, телефон в хорошем состоянии, работает без нареканий, в подарок отдам чехлы, новое защитное стекло (на обе стороны), кому интересно можем встретится и вы все проверите и убедитесь",15000.0,29,2017-03-26,Private,e47aca5dcc00b6a44ffd6e9f8500750a69f2c32c6404d488c3b063bb772276a0,2911.0,0.76786
5be2c68ab486,bd9eab5a9e20,Новосибирская область,Новосибирск,Личные вещи,Детская одежда и обувь,Для девочек,Брюки,146-152 см (10-12 лет),Джинсы с хб подкладом acoola,Джинсы для девочки,500.0,2,2017-03-25,Private,f4fe9ae6dade31a5788989feb305677d57122f920b26ceb3b6b99ef570b0ae55,662.0,0.0
3f0596218f8f,3402ba11fa9e,Пермский край,Пермь,Личные вещи,"Одежда, обувь, аксессуары",Женская одежда,Топы и футболки,40–42 (XS),Шёлковый топ,"🌞Весна пришла, а это значит пора начинать готовиться к лету 😊 для вас я приготовила шелковый топ в бельевом стиле всего за 900 руб 😱 /",,,,,,,
Мы сами являемся не только владельцами собак,но и практикующими дрессировщиками. Поэтому отлично знаем все насущные проблемы в этой сфере и всеми силами стараемся их решить,постоянно совершенствуя свои навыки и знания. Собственное производство и контроль качества товаров для собак позволяет это осуществить. С уверенностью можем поручиться за свою продукцию./,,,,,,,,,,,,,,,
Все запчасти оригинальные,"покупался в \"\"Билайн\"\" не ремонтировался!/",,,,,,,,,,,,,,,,
5 ч/,,,,,,,,,,,,,,,,,
Выполнен из 100%хлопка/,,,,,,,,,,,,,,,,,
Вес	55 кг/,,,,,,,,,,,,,,,,,
Поддержка сетей: GSM 850MHz,GSM 900MHz,GSM 1800MHz,GSM 1900MHz,/,,,,,,,,,,,,,
119687b9220d,417b7ca4070b,Красноярский край,Красноярск,Для дома и дачи,Ремонт и строительство,Инструменты,,,"Шуруповерт Инстар 4,8В 0,6 А/ч max 2,5Н/м блистер",Был ремонт в СЦ. /,,,,,,,
====================================================/,,,,,,,,,,,,,,,,,
Разрешение видеосъемки,макс 1920 x 1080 пикселей/,,,,,,,,,,,,,,,,
b08d96834178,9887b9d4c398,Ставропольский край,Ставрополь,Личные вещи,Товары для детей и игрушки,Игрушки,,,Продаю кинетичесеий песок и песочницу,"Продаю 2.5 кг кинетического песка Kinetic sand. Это оригинальный песок, которые не липнет к рукам, не имеет запаха. К нему идет очень удобная песочница размером 54*64+10. Размер идеален для токого количества песка: можно стоить прямо в ней замки, тунели для машинок и все, что подскажет фантазия вашего ребенка./",,,,,,,
"По вопросам лучше писать в сообщения авито\"",350.0,50,2017-03-25,Private,f39daab7956d722f49cf7f2f15b77c1be421cc85de4f103b88f5ba86794894dc,2283.0,0.0,,,,,,,,,,
-подставка для аксессуаров на ручке/,,,,,,,,,,,,,,,,,
16 /,,,,,,,,,,,,,,,,,
4568412dac03,366465181d29,Нижегородская область,Нижний Новгород,Личные вещи,"Одежда, обувь, аксессуары",Женская одежда,Платья и юбки,Без размера,Платье и пиджак,"Одевали один раз на праздник , в идеальном состоянии. Размер 56",1000.0,20,2017-03-21,Private,1b08839b9a88af9c20f25fc706e6a0052e423894dc0c4bacb303bb804ca99ac3,563.0,0.0
568ad3562741,7812d082a980,Свердловская область,Екатеринбург,Личные вещи,"Одежда, обувь, аксессуары",Аксессуары,,,Украшение на голову,Новое,100.0,345,2017-03-20,Private,7943137d8ac0dc39417d4ccf0e9d78939e0eb85c7a42250cfed90a16e347ec47,1478.0,0.0
Аккумулятор 1.3 Ач/,,,,,,,,,,,,,,,,,
e530a3c77526,6c89437628c7,Башкортостан,Уфа,Личные вещи,Красота и здоровье,Приборы и аксессуары,,,Перинка Фрейка,"Продам перинку Фрейка в хорошем состоянии, размер s,для малышей от 0-3 месяцев.",350.0,15,2017-03-21,Private,5591bbc4e5e5fefc59ea0ab5b23011da23992e25b92ee9133e98e4a473d3ac99,704.0,0.0
"Уборка помещения и вынос мусор\"",800.0,2,2017-03-23,Private,23f08f151711e666c4e40cb8974bde89363057abf1a5be97d92f0feaf53dc5e4,2219.0,1.0,,,,,,,,,,
29f195e54046,373f0dc3e74a,Калининградская область,Советск,Транспорт,Автомобили,С пробегом,Land Rover,Другая,"Land Rover, 1999","Продам ренж ровер.в хорошем состоянии.2.5дизельВсе расходники поменяны.Пневмо работает отлично, абс.,   гур,электро пакет,салон кожа,зимняя резина.БЕЛОРУСКИЙ УЧЁТ",270000.0,16,2017-03-17,Private,98e677b104fbf068e82f87a81b0bd0e668f1c4def078c4e0437cfc150aa4964c,2264.0,0.0
"Торг уместен ;)\"",1500.0,24,2017-03-22,Private,6fe24e9205602a5cca17e68d8f0bae05d0fa44875a988f47de4c1a727add9b0b,535.0,0.0,,,,,,,,,,
Высота ручки: 90-106 см;/,,,,,,,,,,,,,,,,,
"4я категория в шкуре Охл-135₽\"",145.0,65,2017-03-18,Company,8daf79b6dfb8e214b836970a14cb55d4a52c5633d7a6ec1cad9e2d97c55e2cbd,1170.0,0.0,,,,,,,,,,
1795dcbf7bbb,c1b2dd986ab3,Нижегородская область,Нижний Новгород,Услуги,Предложение услуг,Другое,,,Баня,"Русская баня на дровах с вениками, бильярд. От 500 р. Пятый час в подарок. Кол-во до 10 чел.",500.0,9,2017-03-17,Private,,,1.0
2014/,,,,,,,,,,,,,,,,,
78a917221063,6059daa9bfb9,Татарстан,Казань,Личные вещи,"Одежда, обувь, аксессуары",Аксессуары,,,Разный мех от куртки,Цена за шт,50.0,128,2017-03-20,Private,55f18d91652d2dc0ab50e353806a057ba3f984db07fbf687c620b69b4b80c8d7,341.0,0.13011
Карбюратор в сборе (GX 390 уст. на генераторах 5 - 5,5 кВт без привода воздущной заслонки) 2100р/,,,,,,,,,,,,,,,,
12мм - 2440х1525/,,,,,,,,,,,,,,,,,
для перемещения воздушных потоков в системах вентиляции /,,,,,,,,,,,,,,,,,
Огромный ассортимент,цены от производителя,"качественные сервисные услуги - все условия для удобной и выгодной покупки в магазинах \"\"Комфорт\"\"\"",2990.0,209,2017-03-18,Company,8ff1b3b8cb713f4412ec5ff581cfdf6092d2cca98574a800d057fd8811101987,1373.0,0.0,,,,,,,,
"Возможен торг\"",2500.0,8,2017-03-19,Private,95cd2aab5fb0481648c92e57b31d28d49048439dfb34075abbb9452de9bfcd3d,510.0,0.0,,,,,,,,,,
663a6b458a4c,563bc57357b5,Ярославская область,Рыбинск,Личные вещи,Детская одежда и обувь,Для мальчиков,Трикотаж,Без размера,Футболки,"Футболки на мальчиков, трикотаж, спорт, размеры и фасоны разные. ул. Волжская набережная д 105 КЛЕВЕР",200.0,731,2017-03-19,Company,f8d6118cc85b73011446f1e696f31038d986512c13ac455c2d560d59bef2b7e7,111.0,0.0
Цена 6500,"цена с играми(13) 7500.\"",6500.0,13,2017-03-19,Private,38c115232e89dc7afb1ff33c04f52f7f7be5f69f1c5dda464985e72b1bca81d3,2897.0,0.76786,,,,,,,,,
4cda93239431,8e918a2ce48c,Краснодарский край,Краснодар,Услуги,Предложение услуг,Ремонт и обслуживание техники,Мобильные устройства,,Сложный ремонт iPhone на Монтажников,Рады приветствовать Вас!/,,,,,,,
c87e3bb4299c,6fd19533ed8f,Краснодарский край,Краснодар,Личные вещи,Товары для детей и игрушки,Велосипеды и самокаты,,,Продаю детский мотоцикл BMW,"Продаю децкий мотоцикл,точная копия   BMW r1200,  состояние нового практически не использовался. Работает от Акб 6 вольт,звуковая имитация двигателя,имеются доп.колеса для устойчивости. Детям от 3х лет.",8500.0,69,2017-03-23,Company,725342a3655b2a0ba3dd6fb450227dd05911cb6cd192b8334fcd50efce78d4cd,2407.0,0.80323
0d0b6d872e54,209dbcaf79ca,Новосибирская область,Новосибирск,Личные вещи,Детская одежда и обувь,Для мальчиков,Верхняя одежда,134-140 см (8-10 лет),Пуховик,"Продам пуховик на мальчика, цвет-коричневый, размер - 8А ( рост указан 128, на возраст 8-10 лет). Италия, в очень хорошем состоянии! Идеальный вариант для школьника!",3500.0,67,2017-03-20,Private,bb6e517a7bbea8d53701150a48ef4df6d633ca487935e786d9324ecaeebcedde,646.0,0.0
В 3 режиме: 750 м3/ч ±15%./,,,,,,,,,,,,,,,,,
Каждая модель в объявлении по одной цене./,,,,,,,,,,,,,,,,,
0d264170d6d4,2022038f6b59,Воронежская область,Воронеж,Личные вещи,Детская одежда и обувь,Для девочек,Другое,,Костюм для девочки,"костюм для девочки б/у( одевали пару раз,быстро выросли из него),размер 2-3 года,пр-во Tурция",600.0,27,2017-03-18,Private,c52e48a6df74885eb29a16413694e63fb3bf8fed453c55711c3bf1c0e1e625c4,99.0,0.0
4 штанишек р 62,68,74/,,,,,,,,,,,,,,,
Частота работы процессора	1.8 ГГц/,,,,,,,,,,,,,,,,,
177508d8d914,b9c231ff5526,Челябинская область,Миасс,Недвижимость,Квартиры,Сдам,На длительный срок,2,"2-к квартира, 50 м², 2/5 эт.","сдам 2-ком кв. с обстановкой в наличии мебель и бытовая техника, чисто и уютно!",11000.0,87,2017-03-18,Company,e912cef2903f8b4a9de40e4e3106dbbe2f1940a9c4dc7202457b8c8d3cf8e736,2220.0,0.4542
61a6770873ef,272d08e37a0b,Тульская область,Тула,Личные вещи,Детская одежда и обувь,Для мальчиков,Верхняя одежда,98-104 см (2-4 года),Продам отличный комплект 86 по 104 рост,"\"Продам отличный комплект осень-зима-весна. Состояние идеальное. Куплен в прошлом году в Рио в  \"\"Елена и Ко\"\" за 6500 р.Рост написано 98",но за счет резиночек на штанинах и рукавах можно носить с 86 роста. Нам к сожалению мал. У нас на данный момент рост 106 см. Стирала только специальным средством . Цвет ярче чем на картинке.Стирается отлично,сушится за ночь. Подстежка,мех на капюшоне и сам капюшон отстегиваются .Кнопки,замки,помочи все в идеальном состоянии.  Очень теплый,не промокает!!!Приходите,смотрите
4 1 ТБ/,,,,,,,,,,,,,,,,,
Системный блок,монитор,мышка,"клавиатура.\"",10000.0,6,2017-03-26,Private,3174cda5bd28868a4cd0370781772ecec0017605f4e33a9055d59b23d8f1496c,2796.0,0.0,,,,,,,
"Цена 1600000\"",1600000.0,2,2017-03-20,Private,9aef83fce397051b5cea41674d50878d22cc7188998e2939b98263f4b82f7cd4,823.0,0.0,,,,,,,,,,
был куплен 18.02.2017 ..../,,,,,,,,,,,,,,,,,
320ce96d8627,76e504f48dd3,Самарская область,Самара,Бытовая электроника,"Игры, приставки и программы",Игры для приставок,,,Soul Calibur V (PS3),Мы на АНТОШКЕ (ул.Антонова-Овсеенко 7Б)!!!/,,,,,,,
93f2447a7799,4061f5752082,Челябинская область,Челябинск,Личные вещи,Товары для детей и игрушки,Игрушки,,,Комплект в детскую кроватку Малютка 7 предметов,Полный ассортимент товаров можно посмотреть на нашем сайте ▸ ▹ ►/,,,,,,,
8cf586a5cc47,7ef0933ad667,Краснодарский край,Краснодар,Личные вещи,Часы и украшения,Ювелирные изделия,,,"\"Золотая подвеска-иконка 585\"\" (новая)\"","\"💜Весь ассортимент магазина Вы можете просмотреть, нажав на название магазина \"\"Golden life\"\"💜/",,,,,,,
04c45928e787,cfa96df021e1,Краснодарский край,Геленджик,Недвижимость,Квартиры,Сниму,На длительный срок,1,Сниму 1-к квартиру,"Учительница 50 лет без вредных привычек, компаний, детей и животных снимет квартиру, студию или комнату с удобствами и отдельным входом на длительный срок. Чистоту, порядок и своевременную оплату гарантирую.",,14,2017-03-27,Private,50e58092f49f13a58aa74bdd11092f8f217e60b2d2e62f2045cc1c6abd806c60,1558.0,0.17262
Поддержка Bluetooth/,,,,,,,,,,,,,,,,,
ce4ff1e0d562,12579c1b7ce5,Новосибирская область,Новосибирск,Для дома и дачи,Мебель и интерьер,"Кровати, диваны и кресла",,,Продам диван,Продам мини диван на 2 сидячих места,1800.0,16,2017-03-19,Private,,,0.0
/,,,,,,,,,,,,,,,,,
/,,,,,,,,,,,,,,,,,
/,,,,,,,,,,,,,,,,,
/,,,,,,,,,,,,,,,,,
/,,,,,,,,,,,,,,,,,
/,,,,,,,,,,,,,,,,,
/,,,,,,,,,,,,,,,,,
/,,,,,,,,,,,,,,,,,
/,,,,,,,,,,,,,,,,,
/,,,,,,,,,,,,,,,,,
/,,,,,,,,,,,,,,,,,
/,,,,,,,,,,,,,,,,,
/,,,,,,,,,,,,,,,,,
/,,,,,,,,,,,,,,,,,
/,,,,,,,,,,,,,,,,,
/,,,,,,,,,,,,,,,,,
/,,,,,,,,,,,,,,,,,
/,,,,,,,,,,,,,,,,,
/,,,,,,,,,,,,,,,,,
/,,,,,,,,,,,,,,,,,
/,,,,,,,,,,,,,,,,,
/,,,,,,,,,,,,,,,,,
/,,,,,,,,,,,,,,,,,
/,,,,,,,,,,,,,,,,,
/,,,,,,,,,,,,,,,,,
/,,,,,,,,,,,,,,,,,
/,,,,,,,,,,,,,,,,,
/,,,,,,,,,,,,,,,,,
/,,,,,,,,,,,,,,,,,
/,,,,,,,,,,,,,,,,,
— вес: 118 г/,,,,,,,,,,,,,,,,,
d826c7b02353,4a04e0bfd4e7,Саратовская область,Балаково,Личные вещи,"Одежда, обувь, аксессуары",Женская одежда,Трикотаж,42–44 (S),Пуловер,,500.0,24,2017-03-23,Private,d161a52ce42e06ff05550c00f56ffbdad58f0aae7229af7fa564809e4f1cbea3,110.0,0.0
— Подсветка клавиатуры/,,,,,,,,,,,,,,,,,
4dc5c086fdfd,24df7c627f5d,Челябинская область,Челябинск,Личные вещи,Детская одежда и обувь,Для девочек,Обувь,34,Балетки,"ПРОДАМ БАЛЕТКИ 34 РАЗМЕРА В ОТЛИЧНОМ СОСТОЯНИИ,ОДЕТЫ ОДИН РАЗ.КУПЛЕНЫ В ДЕТСКОМ МИРЕ.",500.0,13,2017-03-22,Private,f6d2c3ebecb50f55c2584d3ed52423ae0361e6777387036ed012a6199318cfd0,87.0,0.0
Чизкейк с клубникой: Белки — 5,17 грамм,жиры — 22,87 грамм,углеводы – 21,26 грамм,энергетическая ценность — 299 ккал./,,,,,,,,,,,
d5db08c5d988,99578514399e,Ростовская область,Сальск,Транспорт,Автомобили,С пробегом,LIFAN,Solano,"LIFAN Solano, 2012","Автомобиль внешне и технически в хорошем состоянии. Нареканий по двигателю, коробке, ходовой части нет, ухоженный салон. ПТС оригинал. /",,,,,,,
Описание:/,,,,,,,,,,,,,,,,,
В этой игре вы узнаете Мастера Чифа с более мрачной стороны,столкнетесь не только с внешними,но и с внутренними демонами главного героя./,,,,,,,,,,,,,,,
Эргономичная (удобная) конструкция корпуса/,,,,,,,,,,,,,,,,,
eeeb5ccd3c2a,3b57f38f33f0,Тульская область,Тула,Транспорт,Автомобили,С пробегом,ВАЗ (LADA),Priora,"LADA Priora, 2013","Продаю свой любимый автомобиль, на который не жалел ни денег ни времени))) Очень красивый и ухоженный. Сделана очень качественная шумо-вибро изоляция всего салона, стоит хорошая музыка, ксенон SIEMENS  в ближнем и противотуманках, ходовые огни в зеркалах, задние диодные фары и многое другое. По технической части все супер и не требует ни каких вложений. Роскошный внешний вид без единого изъяна. Машина полностью обслужена. Торг у капота, перекупщиков и других личностей прошу не беспокоить !!!!!!",290000.0,1,2017-03-26,Private,bf455aa5f70a852070dd13c545eb64e36d215d28c2615aab18141d25f4582640,1102.0,0.0
4b62ebac3896,baae1eea9ca9,Новосибирская область,Новосибирск,Для дома и дачи,Бытовая техника,Для дома,Швейные машины,,Ножная швейная машинка,,5000.0,8,2017-03-19,Private,abe42e2559198a5db453ba59837d4028cad9028aab3e48a37f75640a1222ab43,1941.0,0.0
— Ширина: 988 мм/,,,,,,,,,,,,,,,,,
— Проверьте уровень масла в картере двигателя,трансмиссии,при необходимости долить,/,,,,,,,,,,,,,,
Имеется территориальная возможность строительства нового дома,без сноса действующего (для проживания)./,,,,,,,,,,,,,,,,
"еврораскладушки\"",400.0,96,2017-03-26,Company,ddec9d4f1f5780d8e7118c7005ed22e031709a49d85edb3a7cea6cd11c11d4a7,2219.0,0.38925,,,,,,,,,,
Потребляемая мощность (в режиме ожидания)	6.7 Вт/,,,,,,,,,,,,,,,,,
"Мы будем рады Вам!\"",2000.0,63,2017-03-16,Private,7bb3042cafa1180a5e3e231ce6537e0e91e84de525422ce0fe800637c5319637,618.0,0.0,,,,,,,,,,
8f74794407e6,866769696394,Челябинская область,Чебаркуль,Личные вещи,Красота и здоровье,Приборы и аксессуары,,,Продам уф лампу,Новая уф лампа 36 ват/,,,,,,,
Не бликует./,,,,,,,,,,,,,,,,,
1 теннисный корт (с жестким покрытием)/,,,,,,,,,,,,,,,,,
Вход/выход аналогового Y/C сигнала (4-pin)/,,,,,,,,,,,,,,,,,
2c8e53a60e1e,debf69fee7ac,Иркутская область,Усть-Илимск,Недвижимость,Квартиры,Сдам,На длительный срок,2,"2-к квартира, 51 м², 4/9 эт.","Сдам уютную квартиру с мебелью и бытовой техникой,",7000.0,174,2017-03-22,Company,,,0.83972
✔Все товары такие же как на фото/,,,,,,,,,,,,,,,,,
По ходовой заменил все что требовалось,перечислять долго... все в идеале!/,,,,,,,,,,,,,,,,
Производство Германия. /,,,,,,,,,,,,,,,,,
Доставка по Ростовской области до 7 дней./,,,,,,,,,,,,,,,,,
"Вче предложения по телефону и сам.\"",4000.0,1,2017-03-17,Private,54ac0925f6a9aa2cdbafe8149343054ba27ac1f14712c5c2ca52f2c0cf2a4454,2932.0,0.33973000000000003,,,,,,,,,,
• Камера: 13Мп f2/2 5 линз,30 фото в секунду,панорамные линзы./,,,,,,,,,,,,,,,
04c80186a20e,ec0fa477846b,Новосибирская область,Новосибирск,Хобби и отдых,Спорт и отдых,Фитнес и тренажёры,,,Коврик для фитнеса,"Коврик Nordway 180*60, б/у 2 недели.",300.0,166,2017-03-16,Company,0a40965f631d50c37e7acebb3ddc10586e03c98e97cf427fe181a8786344788b,2598.0,0.0
Не использовался./,,,,,,,,,,,,,,,,,
9bcc598c278a,792fcb03d7e1,Нижегородская область,Нижний Новгород,Бытовая электроника,Телефоны,iPhone,,,iPhone 6s 32gb артикул 0414,полный комплект. активирован в октябре 2016года. идеальное состояние/,,,,,,,
4b7fc4c2478b,9208757989cf,Иркутская область,Иркутск,Личные вещи,Детская одежда и обувь,Для девочек,Трикотаж,146-152 см (10-12 лет),Кофточка,Качественная,300.0,39,2017-03-18,Private,a91b579534d949b07e917a7fd50cafe9677c67fb156d27e2e10fca61f2e37810,108.0,0.0
Наличие звонка: нет./,,,,,,,,,,,,,,,,,
Компания «Загород» предлагает автономную канализацию в коттедж с монтажом «под ключ» за 8 часов и без предоплаты!/,,,,,,,,,,,,,,,,,
f1c9c64183b5,26708b6f23ed,Свердловская область,Среднеуральск,Личные вещи,"Одежда, обувь, аксессуары",Женская одежда,Верхняя одежда,44–46 (M),"Пальто, можно для беременной","Продам пальто, без пояса, фасон подойдёт и беременной, торг. Я похудела и стало большое. Куплено в ноябре 2016 г. за 9000",3500.0,42,2017-03-15,Private,f55c66444b5e8454e374bb5ef96164e92231114782a8496ce8c69b411e09c2ff,523.0,0.0
Глубина - 50 см. /,,,,,,,,,,,,,,,,,
"высокий поддон\"",35500.0,360,2017-03-16,Company,fc0be6834d5c67e95fdefc2e702047e174439c94ec0b74983dab1cde443f3cc4,1396.0,0.0,,,,,,,,,,
- Постоянные акции,смотрите на нашем сайте Ретехника!/,,,,,,,,,,,,,,,,
• Пьезо-поджиг горелок;/,,,,,,,,,,,,,,,,,
Тип корпуса/,,,,,,,,,,,,,,,,,
размер 31,32,33,35,36,38/,,,,,,,,,,,,
Контроль ГВС с 2 датчиками;/,,,,,,,,,,,,,,,,,
0649fb20b76e,bf472b01a74c,Волгоградская область,Волгоград,Недвижимость,Квартиры,Продам,2,Новостройка,"2-к квартира, 43.3 м², 4/9 эт.","Строительная компания «Пересвет-Юг» представляет первый проект в Краснооктябрьском районе — жилой комплекс «Традиция». Если вы хотите жить близко к центру, не переплачивая за это, то квартира в одном из двух новых домов — верное решение./",,,,,,,
092a1ff1115e,a23ea935f926,Иркутская область,Иркутск,Личные вещи,"Одежда, обувь, аксессуары",Аксессуары,,,Перчатки лаковые новые,"Очень красивые, новые, мягонькие, размер 7.",1000.0,55,2017-03-26,Private,89e5e521aa0734cf6807e10011993f300671b80ab381de2eeae3b1266ea51d20,130.0,0.0
75b3e19f40fd,f4762867f19f,Ставропольский край,Ставрополь,Бытовая электроника,Товары для компьютера,Комплектующие,Видеокарты,,Gtx 660,"Хорошая видеокарта от асус не разбиралась стоит заводская пломба, не греется выше 75 градусов",6000.0,51,2017-03-19,Private,37f2134c9e4066d30b6cceffd3580961ff5df28ae25c82c6c0a0a17b6d29e461,2865.0,0.0
У вас есть прекрасная возможность существенно сэкономить/,,,,,,,,,,,,,,,,,
fc8fbd66e3f8,d23efed5cdc8,Кемеровская область,Новокузнецк,Личные вещи,"Одежда, обувь, аксессуары",Женская одежда,Обувь,37,Баскони 37,"Идеальное состояние,полностью натуральные,колодка оч удобная.",1500.0,67,2017-03-21,Private,7a145af26e700953690e62a0ecd912a58e6ed41a5ddcd0dfa56b8d3f91ed30e5,438.0,0.0
— Мы работаем без комиссии./,,,,,,,,,,,,,,,,,
- На участке есть электричество и собственная скважина/,,,,,,,,,,,,,,,,,
./,,,,,,,,,,,,,,,,,
./,,,,,,,,,,,,,,,,,
./,,,,,,,,,,,,,,,,,
2e49baa8604c,57ac6dfdc1ef,Ярославская область,Ярославль,Хобби и отдых,Коллекционирование,Другое,,,Статуэтки фарфор,"Клоун вербилки-2000р(без сколов и трещин), собака-лфз-2000р(без сколов и трещин), лошадь-лфз-приклеена голова и скол ушка,под реставрацию- 300р",1.0,20,2017-03-16,Company,73841ccd191af8811a305de46d82f99d5f65eb0d7764825708430a9482ae5059,1609.0,0.0
При необходимости помогу со скотом./,,,,,,,,,,,,,,,,,
"Срочно!\"",1222000.0,91,2017-03-25,Company,0e14675cc45de62163da782f97b83d9ba890f6d6af49d3528d8845b4cbf66e01,2217.0,0.01629,,,,,,,,,,
510724222415,875d22399dc2,Кемеровская область,Кемерово,Животные,Товары для животных,,,,Рулетка для средней и Малой собаки. Б У,,200.0,8,2017-03-25,Private,d013b6d0ec9e05117536d9f424c03224b42886e3361d175e9af14705129b8edd,2035.0,0.11487
fec923568545,7c3a9cb46ca0,Ставропольский край,Ессентуки,Недвижимость,Квартиры,Продам,4,Вторичка,"4-к квартира, 91 м², 3/5 эт.","Продам 4－х комнатную квартиру в комфортабельном для сеймейного проживания районе. Жилье располложено в непосредственной близости от десткого сада,школы и большого колличества разнообразных торговых площадок./",,,,,,,
Ложе состоит из 4 секций. Съемные,вентилируемые и моющиеся ABS ложементы,легко поддаются чистке,не способствуют накоплению грязи и предотвращают рост бактерий./,,,,,,,,,,,,,,
Кеды H&M 25 европейский,я бы сказала на 24р,состоянее новых,одели 2 раза,можно получше помыть белую подошву 350р/,,,,,,,,,,,,,
______________________________________________________/,,,,,,,,,,,,,,,,,
c101be5a7645,73c72a7ee792,Омская область,Омск,Личные вещи,"Одежда, обувь, аксессуары",Мужская одежда,Обувь,43,Туфли кожаные новые,продаю туфли натуральная кожа новые.цвет коричневый 43 размер,2700.0,969,2017-03-20,Company,3345c97aee8c338c4d2d62d94d6e5d165a1c1c7f3bca642a266715dd5a740838,639.0,0.0
Качественная разборка и сборка мебели./,,,,,,,,,,,,,,,,,
63dcb01cd8aa,295302c807fe,Свердловская область,Екатеринбург,Для дома и дачи,Растения,,,,Ахименес,"Ахименес фиолетовый, может расти ампелем,можно поставить решётку и будет тянуться вверх. Цветет большими фиолетовыми колоколами. Чем большее количество купите,тем дешевле",15.0,61,2017-03-16,Private,08975b8ae69e96886b65df722b621df8c2292872e6f6e2be7cd692ae635e5a4d,1760.0,0.4850100000000001
879137f31bcb,c3ac6f6498e2,Краснодарский край,Новокубанск,Для дома и дачи,Ремонт и строительство,Стройматериалы,,,Контейнер металлический,,2000.0,2,2017-03-18,Private,6bf7be69f91ddf1405ba3073e83d28d0ccf2be6fa8da439ca1a4313765baab2b,2024.0,0.0
В комплекте: смартфон,зарядное устройство QuickCharge,кабель USB Type-C,наушники,"булавка для слота SIM-карт.\"",11500.0,105,2017-03-27,Company,700591f20a138895ea48a9e5e825cd084e5667c442a6eb49d79f67fcfbeb45d1,2917.0,0.0,,,,,,
6 ночей /,,,,,,,,,,,,,,,,,
нет /,,,,,,,,,,,,,,,,,
__________________________________/,,,,,,,,,,,,,,,,,
Интерфейс: USB 2.0/,,,,,,,,,,,,,,,,,
94e7c8c8ac43,45d15ab0b13e,Нижегородская область,Нижний Новгород,Животные,Птицы,,,,Продаю кур породы брама,,,1,2017-03-16,Private,7192ca2c7b6f5c9259ee91f8035eca8b7c959080cd867ba8494200004810f152,2214.0,0.39355
2c3fe3d77add,24997cc48094,Омская область,Омск,Хобби и отдых,Коллекционирование,Открытки,,,"\"Открытки \"\"Приглашение на свадьбу\"\"\"","\"Открытки \"\"Приглашение на свадьбу\"\"  -  11 шт./",,,,,,,
Просмотр по договоренности,"звоните.\"",2850000.0,278,2017-03-16,Shop,ed633f05430cbb54e9b6bcaa3f96b880621829230a2afb28b8ad49609630a894,1514.0,0.0,,,,,,,,,
b16a4ffc5398,9bf10bd38655,Краснодарский край,Краснодар,Личные вещи,"Одежда, обувь, аксессуары",Аксессуары,,,Очки Hermes №2140NV с антибликовым покрытием,"Внимание! скажите, что увидели данную модель часов на авито и получи скидку 10% /",,,,,,,
Сдам 3-Х комнатную квартиру  65 м² на 5 этаже 10-этажного панельного дома по адресу: Павловский тракт,д. 225 на длительный срок. Меблированная квартира в хорошем состоянии. Удобное расположение (хорошая транспортная развязка,наличие магазинов,д/садов,школ). Бытовая техника: телевизор,плита,стиральная машинка,холодильник. /,,,,,,,,,,
200d432dd776,1849e5c935b1,Новосибирская область,Новосибирск,Личные вещи,"Одежда, обувь, аксессуары",Женская одежда,Верхняя одежда,42–44 (S),Пальто,Весна-осень,500.0,2,2017-03-25,Private,87e1398261fc47560091adff1b3e21ab9755d3b3010232b1495a273f8f6b063c,523.0,0.0
"- ТАК ЖЕ КУПИМ ВАШЕ ЦЕННОЕ ИМУЩЕСТВО -\"",1997.0,53637,2017-03-15,Shop,ac53f7a1dae37b401e02e33812808050406e09c89522f2c1e4143b874064ecd4,1255.0,0.0,,,,,,,,,,
c6136c81ac09,6dcf322e18e5,Пермский край,Пермь,Личные вещи,Детская одежда и обувь,Для девочек,Брюки,86-92 см (1-2 года),Кофта+штаны для девочки на 92 размер,Кофта с капюшоном и велюровые штаны.18-24 мес (92 см)/,,,,,,,
3b3d2b831681,82948e90273f,Ростовская область,Батайск,Личные вещи,Детская одежда и обувь,Для девочек,Верхняя одежда,74-80 см (7-12 мес),Комбинезон на весну,"размер 68-74, в отличном состоянии ! отвечаю на смс, ватсап.",300.0,30,2017-03-19,Private,7e9e676791958a62d057f608aab314a35b46e0bd7aab5d745b6c14324250bb4f,84.0,0.0
a3c7217d19aa,4502d07e3e76,Саратовская область,Балаково,Для дома и дачи,Мебель и интерьер,Шкафы и комоды,,,Шкаф вместительный,,4000.0,5,2017-03-20,Private,0f96edc54a03be0bc7c9c02752106fe2dc30536ee1ac2e6e1c3a2e907223737d,1376.0,0.0
"Торг\"",700.0,24,2017-03-23,Private,0bef9e0522467055be6fd6f215e2a4e5c4924f69d427c7db33d2c95f1dafe076,419.0,0.0,,,,,,,,,,
Квартира в хорошем состоянии./,,,,,,,,,,,,,,,,,
Производитель Россия,Давлекановская обувная фабрика/,,,,,,,,,,,,,,,,
Размер 44-46,маломерка/,,,,,,,,,,,,,,,,
"Фото не грузит\"",18000.0,1,2017-03-27,Private,,,0.08177000000000001,,,,,,,,,,
26b529a1ab65,5880e21d2df0,Ханты-Мансийский АО,Нягань,Личные вещи,Товары для детей и игрушки,Детские коляски,,,Коляска 3в1 сам,Состояние отличное,15000.0,25,2017-03-26,Private,d9782d3c63c5b4a40b11b950fe43afd733dbe851281c8c3f4c3ab15bbc65d3fd,1002.0,0.0
"торг уместен\"",4300.0,9,2017-03-24,Company,c8220aea28d72a233b3dba67a3002ff46e404902dd11f44b808d78250923ca05,1785.0,0.75207,,,,,,,,,,
Пеноматериал Cushlon в передней части обеспечивает поддержку и адаптивную амортизацию/,,,,,,,,,,,,,,,,,
? Адрес: г. Оренбург пр.Гагарина 27/2./,,,,,,,,,,,,,,,,,
bc4822d53742,86b8b33a6706,Пермский край,Лысьва,Недвижимость,Квартиры,Продам,2,Вторичка,"2-к квартира, 37 м², 3/5 эт.",1,1050000.0,8,2017-03-22,Private,,,0.20952
Подвеска,ходовая,двигатель в отличном состоянии./,,,,,,,,,,,,,,,
Коннектор на шлейфе	30 pin. обмен на  б/п 400-500 вт.,"зарядку для ноутбука 19 в. 3-5 а.\"",500.0,234,2017-03-16,Company,c120acbffeb8d25b923678f01c9583252cc890eb970a0474ad6d061ca5dc3783,2851.0,0.0,,,,,,,,,
Не один элемент кузова даже не подкрашивался !!!/,,,,,,,,,,,,,,,,,
"рядом ТЦ \"\"Медведь\"\"","\"\"Спортмастер\"\"",центр. рынок,автовокзал ;/,,,,,,,,,,,,,,
Возможно приобретение недвижимости на различных условиях – рассрочка,ипотека,100% оплата. /,,,,,,,,,,,,,,,
92e1b6e3d76f,60538a3aecb7,Волгоградская область,Волгоград,Личные вещи,Детская одежда и обувь,Для девочек,Платья и юбки,98-104 см (2-4 года),Сарафан желтый,флис. очень мягкий и удобный. отличное состояние,350.0,22,2017-03-26,Private,76dd0ca10173369fbbd9e3cf3b678b8f952cabd9a056f4fc43e9b699049c08c2,80.0,0.0
61f9fe9ff027,6c9b43b9c6df,Волгоградская область,Волгоград,Личные вещи,Товары для детей и игрушки,Игрушки,,,"\"Детская игра \"\"тик так бумм \"\"\"",.,400.0,35,2017-03-19,Private,cf6480f97136dfc364b15dabb5e5ebd5b21b1b9ef744f8931ecb84d804d35455,970.0,0.0
- с 5 лет – в сопровождении родителей/,,,,,,,,,,,,,,,,,
Звоните,"покупайте.\"",90.0,157,2017-03-22,Company,7a78105d24da151fad0ae88530f7bc9f05feb7a26f8fcaaf76e85580207a785f,1397.0,0.0,,,,,,,,,
Регулируемая подножка./,,,,,,,,,,,,,,,,,
Чистое./,,,,,,,,,,,,,,,,,
-Сервис обслуживания высшего уровня;/,,,,,,,,,,,,,,,,,
"Вес товара: 19.5 кг.\"",8200.0,662,2017-03-26,Company,1d40597a9758736d5b1580379c922c946f2c62cd2d18d67051849dc82b7e9c3e,2368.0,0.0,,,,,,,,,,
"- Акции;\"",55.0,15,2017-03-21,Private,d8c89d721d803c8da4410f8d12cf2d1cdd5c6f9ebc3f624fe4e24213e12f8cb7,1302.0,0.0,,,,,,,,,,
a8ebef66f51a,8f87230ece9d,Кемеровская область,Кемерово,Недвижимость,Квартиры,Продам,1,Вторичка,"1-к квартира, 48 м², 9/12 эт.","\"В квартире произведены отделочные работы из дорогостоящих импортных строительных материалов,  установлена встроенная кухня \"\"LORENA\"\"со всей необходимой бытовой техникой. В квартире никто никогда не проживал","Чистая продажа.\"",3500000.0,69,2017-03-27,Company,ce820fb7e729cd4ec65dc128b6f544ba72837cb67a4f9077bc92c2e0819a4db5,2222.0
Форматы графических файлов	нет/,,,,,,,,,,,,,,,,,
Вторчермет/,,,,,,,,,,,,,,,,,
b896a4f637bb,122466d440be,Самарская область,Самара,Бытовая электроника,Телефоны,iPhone,,,Apple iPhone 6s 16GB Space Gray,"Apple iPhone 6s 16GB с чеком, куплен в Re Store, больше года назад, полный комплект, кроме наушников, состояние на 4, есть потертости, все работает, без торга.",26000.0,102,2017-03-17,Company,adbc412d19b6cdb4763f4d9d150c59e098520a16926b134bb1db0305bf994c09,2918.0,0.0
Материнская плата ASUS M5A78L-M LX3/,,,,,,,,,,,,,,,,,
1a2dcaffa928,e6252b59d69b,Башкортостан,Уфа,Недвижимость,"Дома, дачи, коттеджи",Продам,Дача,,Дача 96 м² на участке 9 сот.,Продам 1-этажный дом 96 м² на участке 9 сот./,,,,,,,
На этапе выбора дизельного генератора для аренды клиент получает квалифицированную консультацию,которая дает возможность принять правильное решение. Если требуется,менеджеры компании помогают выполнить расчет мощности электростанции в кВт на основании технических условий клиента./,,,,,,,,,,,,,,,
fa2a9c32cdac,1622a457f351,Ростовская область,Ростов-на-Дону,Личные вещи,"Одежда, обувь, аксессуары",Женская одежда,Обувь,37,Кроссовки Louis Vuitton,"Минимальный торг,надевала ровно два раза! Кроссовки Новые!",2800.0,19,2017-03-16,Private,67a3f64ce3c4ac8f2c4d29297425d44880580fc44e37bca5ed3843f84c31ee40,480.0,0.80323
ca1da3d154b3,e060b7120f32,Пермский край,Лысьва,Личные вещи,Детская одежда и обувь,Для девочек,Брюки,86-92 см (1-2 года),Джинсы,Хорошее состояние.,250.0,10,2017-03-21,Private,10d5ec5348f75bfd1739902dc475be090489017ce6962b1939e6138f1bfcb37a,84.0,0.0
793f610bb94b,10fad791e4d4,Саратовская область,Балаково,Личные вещи,"Одежда, обувь, аксессуары",Женская одежда,Топы и футболки,42–44 (S),Вещички на лето 42-44 размера,Очень много разных кофточек на лето б.у в нормальном состояние на 42-44 размер. Цена 2000 руб ТОРГ. Или просто поменяю на 12 пачек смеси беллакт ( возможно вперемешку с кашами),2000.0,656,2017-03-28,Company,0764bb07e17dc874bb1e0af3ce0e02a21d6db6dd67fa20a64c5fea37d217d04f,113.0,0.0
"Минимальная: 30 Гц\"",1000.0,14,2017-03-21,Private,43d565f397db6a8e6b67f5c8866b87c9c724c2ad3c66f28333a9d9b98f6eb6d7,3054.0,0.76786,,,,,,,,,,
поддержка двух SIM-карт/,,,,,,,,,,,,,,,,,
Предпочтение семейным парам,девушкам. Строго гражданам РФ,без животных и маленьких детей. /,,,,,,,,,,,,,,,
Голубые в центре-тонкие,про-во Россия./,,,,,,,,,,,,,,,,
МФУ /,,,,,,,,,,,,,,,,,
На ярлычке заявлен xs,но если вы маленького роста (как я 156,р-р 40-42) то скорее всего будет выглядеть слишком большим./,,,,,,,,,,,,,,,
Автоматический поворот  экрана/,,,,,,,,,,,,,,,,,
ccab92d0404b,292d4214d8a2,Самарская область,Самара,Для дома и дачи,Ремонт и строительство,Камины и обогреватели,,,Котел газовые аппарат аогв 29-1,"Газовый котёл, абсолютно новый, в эксплуатации не был. Все запчасти на месте. Документов нет. Самовывоз Красноярский район",5000.0,60,2017-03-19,Company,8e77f48963c4b24978e3f284559076f082e99a6c83523d809577952e09937d79,1197.0,0.0
Скупка-Ломбард Золотой Стандарт!/,,,,,,,,,,,,,,,,,
— Защита цепи;/,,,,,,,,,,,,,,,,,
32139ff165a3,f6d88b08cd19,Свердловская область,Екатеринбург,Личные вещи,Детская одежда и обувь,Для девочек,Платья и юбки,146-152 см (10-12 лет),"Платье-туника Monnalisa, костюм Armani р.12",Все оригинал из Италии!!!/,,,,,,,
"Легкосплавные диски 18\"\"/",,,,,,,,,,,,,,,,,
11:00 – Начало пешеходного маршрута./,,,,,,,,,,,,,,,,,
5a98ce51ea49,dc6fd0e5af47,Ставропольский край,Михайловск,Недвижимость,"Дома, дачи, коттеджи",Продам,Коттедж,,Коттедж 150 м² на участке 3 сот.,"Продаю коттедж, 150кв.м., 2 этажа, 1 этаж гостинная+ кухня+с/узел, 2 этаж - 3 спальни. 3 сотки, центральные коммуникации, центр города. Все формы расчета. ",2300000.0,307,2017-03-17,Shop,d25d076b9294c1be3b57f9f78786c3701f07e15da3590be57f3ceb74f16d1f50,1408.0,0.0
9d847017f473,4de707fce83b,Краснодарский край,Белореченск,Для дома и дачи,Мебель и интерьер,"Кровати, диваны и кресла",,,"\"Кровать \"\"Патерно\"\"\"","\"Кровать \"\"Патерно\"\"/",,,,,,,
Самсунг hd080hj- 80гб sata 2 (7200 rpm/8mb) -500р/,,,,,,,,,,,,,,,,,
Количество скоростей: 2/,,,,,,,,,,,,,,,,,
bd95322358b1,eb6f23e12daf,Краснодарский край,Успенское,Недвижимость,Коммерческая недвижимость,Продам,Торговое помещение,,Продам магазин,"Продам магазин, все коммуникации (газ, вода, свет) земля в собственности.",1000000.0,35,2017-03-17,Company,de9abd35c401965733dadcb2d43284bfc1f3dcaa5b6e4589fc856495a3967616,1337.0,0.0
2515f7b66aa4,a9e1cba3ad8c,Тюменская область,Тюмень,Недвижимость,Квартиры,Сдам,На длительный срок,3,"3-к квартира, 60 м², 5/16 эт.",Сдаётся уютная квартира в хорошем районе. Есть вся необходимая посуда и мебель для проживания. По цене могу уступить,20000.0,1,2017-03-21,Private,ecfde6a49f73e717338c783edf961820173ea7bc064b1bfa68f01b54247f5fe6,1449.0,0.7684
Материал корпуса - анодированный алюминий/,,,,,,,,,,,,,,,,,
897484fb2d53,e457d8b3faab,Челябинская область,Челябинск,Личные вещи,"Одежда, обувь, аксессуары",Женская одежда,Верхняя одежда,40–42 (XS),Лёгкая куртка ветровка,"Размер 40, плотная ткань, яркий цвет, без подклада.",500.0,60,2017-03-25,Private,545c9b4d82ccaed958287592d177827e4095213e9e62509a70843a8ef42377db,539.0,0.12579
Никаких химикатов,масел  и пр. в них не было!!!/,,,,,,,,,,,,,,,,
Дитя Света/,,,,,,,,,,,,,,,,,
e9f8255602fd,efa0ec112c9b,Оренбургская область,Оренбург,Для бизнеса,Оборудование для бизнеса,Для магазина,,,Витрина,Витрина стеклянная с подсветкой в хорошем состоянии.,3500.0,31,2017-03-28,Private,1bf6002936bc1e317f70ed60c7f286f61243fc2fc760e7d0c8064d902ee0392a,1511.0,0.12041
Доска обрезная 25*200*3000-6000 м3 8300р/,,,,,,,,,,,,,,,,,
753f4c243f58,4ff5af676ef4,Новосибирская область,Новосибирск,Личные вещи,Детская одежда и обувь,Для девочек,Другое,,Велюровый костюм Chippi Chuppo,"Велюровый костюм для девочки яркой расцветки, мягкий и приятный на ощупь. Не успела поносить. Вещь новая. Размер 3-6 месяцев, 62см. Производство Турция.",450.0,4,2017-03-17,Private,bd6f43af3ff9e6460406307ca22a4ad470908ece7df33ab194d96145be2e1ef8,109.0,0.0
4b61e2f92fd6,98ff09fc17b7,Ростовская область,Рассвет,Личные вещи,"Одежда, обувь, аксессуары",Женская одежда,Верхняя одежда,44–46 (M),Пальто,Пальто на каждый день. В отличном состоянии. Размер М/,,,,,,,
Вращающиеся ролики  заменят профессионального массажиста в домашних условиях:/,,,,,,,,,,,,,,,,,
В наличии шикарный  набор из 2 -х кукол Клодин и Клод,"коллекция \"\"Чемпионы\"\". С аксессуарами. /",,,,,,,,,,,,,,,,
Описание/,,,,,,,,,,,,,,,,,
98cb625da476,7c1780dc9e95,Свердловская область,Екатеринбург,Бытовая электроника,Телефоны,iPhone,,,Продам iPone 7,iOS 10/,,,,,,,
8f78f4411337,147c6a2919e4,Ставропольский край,Ставрополь,Для дома и дачи,Ремонт и строительство,Двери,,,Остекление,"Фасадное остекление, алюминиевые окна и двери, вентилируемые фасады, офисные перегородки. Собственное производство, монтаж. Гибкая система скидок.",0.0,1,2017-03-22,Private,583923486c05337cf462e1de9359590bacf16c824bf8a00d8769ce24a6622d91,1410.0,0.07009
c8746ad7be2c,b1ba65dfd815,Башкортостан,Уфа,Личные вещи,"Одежда, обувь, аксессуары",Женская одежда,Джинсы,26,Джинсы 4244,"Джинсы ,размер 42-44,состояние идеальное",900.0,86,2017-03-19,Private,662c22c576754bb7b947e610095e3c02be5fd742eab4155e743c43404d20ad76,567.0,0.0
Стекло: устойчивое к царапинам минеральное стекло /,,,,,,,,,,,,,,,,,
Интерьер/,,,,,,,,,,,,,,,,,
25beca91ed57,a6d0bf59ff67,Красноярский край,Красноярск,Личные вещи,Детская одежда и обувь,Для мальчиков,Обувь,20,Ботиночки-носочки,"Продам ортопедические ботиночки-носочки известной фирмы Attipas. Обувь предназначена для первых шагов малыша. Очень мягкая, легкая и удобная. Одеваются как носочки, подошва гибкая и мягкая, что формирует правильное хождения малыша. За счет рельефной подошвы , не скользкие. На подошве маленькие дырочки, позволяющие ножке дышать. Длинна подошвы 11.5 см Состояние идеальное.",200.0,27,2017-03-23,Private,bd51d12f092130145add73a2211a547d11c7f43b85ea88f13f40f2ee54da0fc6,90.0,0.0
3b882d34ae87,fea37e4a0dfb,Свердловская область,Екатеринбург,Личные вещи,Детская одежда и обувь,Для девочек,Обувь,24,Ботинки весна,,250.0,4,2017-03-24,Private,6933fc0aee120737780694e9d86a723640eba9ddaf061e9b83e6ab2a5dadcbdc,88.0,0.0
Высокие потолки,толстые кирпичные стены,отличная теплозвукоизоляция,качественная предчистовая отделка. /,,,,,,,,,,,,,,
2a3f653f30fd,f9b12b3fb49f,Тюменская область,Тюмень,Для дома и дачи,Бытовая техника,Для кухни,Холодильники и морозильные камеры,,"Холодильник Минск, б/у. Арт-FQ9544",В продаже холодильник Минск./,,,,,,,
трусики и майка. лосины./,,,,,,,,,,,,,,,,,
Гриф: клен / многослойный орех с карбоновым усилением/,,,,,,,,,,,,,,,,,
Время работы в режиме разговора 18 ч/,,,,,,,,,,,,,,,,,
9b575eaaf8a0,0001ca77e128,Самарская область,Самара,Личные вещи,"Одежда, обувь, аксессуары",Женская одежда,Рубашки и блузки,40–42 (XS),Боди,,300.0,126,2017-03-22,Private,e6a63d761315ca0d3a3c4942fb7dd4d86c8b97ee4d6f6d5924b106fd16870d0a,553.0,0.80323
1.Темно-синие Zara утеплённые размер:12/18 до 86 см- 400р./,,,,,,,,,,,,,,,,,
424fb679e01a,da3d52c15610,Калининградская область,Калининград,Бытовая электроника,Товары для компьютера,Сетевое оборудование,,,Антенна TP-link TL-ANT5830B 5GHz 30dBi новая,"Антенна TP-LINK TL-ANT5830B создана для установки за пределами зданий и призвана обеспечить подключение любых точек доступа или роутеров, работающих на волнах частотного диапазона 5 ГГц. Данная модель может осуществлять передачу данных на большие расстояния. Практичность эксплуатации и отсутствие необходимости в дополнительной настройке антенны позволят без труда работать с устройством даже новичку. TP-LINK TL-ANT5830B обладает усилительным коэффициентом 30 дБи, что обеспечивает стабильность передаваемого сигнала.",1900.0,4813,2017-03-24,Company,e9a077f89fa81c111fc603d0887d21ba1a795db136e15f28f09c4085dd142f72,2490.0,0.0
092b826343b8,51fb9b5e1fa0,Ростовская область,Ростов-на-Дону,Недвижимость,Квартиры,Продам,1,Вторичка,"1-к квартира, 45 м², 1/1 эт.","Продаю по сути однокомнатную квартиру на земле с небольшим двориком. Квартира 45 кв.м., 1/1 кирп., дом новый, ремонт новый, мебель остается, бонусы при просмотре./",,,,,,,
1000 км назад сделана замена масла/,,,,,,,,,,,,,,,,,
dde7232b5501,87ea4849b704,Иркутская область,Иркутск,Недвижимость,Квартиры,Продам,2,Вторичка,"2-к квартира, 60 м², 5/11 эт.",Продаёт собственник. Агентствам прошу не беспокоить.,3600000.0,147,2017-03-21,Private,f9eff49e29ecd8cd81527d80c23c6cecaaa2ac2f6d7c65736e9e9cb7232e329f,2217.0,0.0
53af837eb01e,9637e497c32d,Волгоградская область,Волгоград,Личные вещи,Товары для детей и игрушки,Игрушки,,,Качалка,,500.0,2,2017-03-19,Private,04e4e9f037bbd6b7919ae5665a7394fbb97fb6dae402c93901bd4e78407734cf,860.0,0.0
ОПТОВАЯ БАЗА/,,,,,,,,,,,,,,,,,
0d899f06f30d,ec9d713e1db8,Пермский край,Пермь,Личные вещи,"Одежда, обувь, аксессуары",Мужская одежда,Верхняя одежда,46–48 (M),Куртка новая мужская,"Куртка НОВАЯ SIERRA весна. Куплена в Германии рост 176, размер 46-50 (нужно мерить). Подклад съемный. Бирки и ценник не снимались, обсолютно новая. Продаю т.к размер не подошел",6000.0,76,2017-03-23,Private,2c5497023bbb7ce4f80fd7f1ac33fcea0771e5b9690ebacb2185526367c7d304,53.0,0.0
"наращивание ногтей - 800 р . ( С обработкой и дизайном )\"",,6,2017-03-16,Private,408e26121863f04357b97f87542e980655d0bba0e55395d5a828bf0f70ca48b4,2275.0,0.4,,,,,,,,,,
Яркость: 300 кд/м2 /,,,,,,,,,,,,,,,,,
Android 4.3,iOS 7,Windows Phone /,,,,,,,,,,,,,,,
fba15d1ebc74,86815402f5cb,Кемеровская область,Новокузнецк,Бытовая электроника,Телефоны,Samsung,,,Samsung Galaxy Note 3 32 Gb,"Продаю Samsung Galaxy note 3 32 gb, покупался в июне 2015ого года за 24 тысячи, документы есть, евротест, вилка с переходником в комплекте",10000.0,5,2017-03-20,Private,3882aeab405334e6cbe1653f61cf4fd079e053531bd5cec22d993ccc6cd7a6b2,2932.0,0.76786
"Торг уместен.\"",45000.0,1,2017-03-21,Private,abd15f093a1da9273456fa75a3473ed36e0a5450ae0e595ee16735d030936584,2027.0,0.03693,,,,,,,,,,
— Android 5.1/,,,,,,,,,,,,,,,,,
221c0a364887,5c7b506371dc,Челябинская область,Магнитогорск,Животные,Кошки,Сиамская,,,Продам сиамских котят,"продам сиамских котят, возраст 1,5 месяца, кушают сами",600.0,25,2017-03-24,Company,d3dd1c66470508c96031cd8164b3caa99933c1d7c320d112c76acd3bc51fa610,2062.0,0.78503
Актуализация программы ПК составит 5 000 (пять тысяч) рублей./,,,,,,,,,,,,,,,,,
e60b2779a819,9ec8a8fc7343,Башкортостан,Стерлитамак,Услуги,Предложение услуг,"Красота, здоровье",,,Наращивание ресниц,"Дорогие девушки приглашаю вас на наращивание ресниц.занимаюсь уже 3 года. Весь март классика- 500 рублей, любой объем за 600 рублей.",500.0,4,2017-03-15,Private,58f3ef96432b3c89ed7935c30fdbe3eb05964d6ba170703ca030477e37174d4d,787.0,0.0
24f6fdaee55d,ac2280e23cbe,Ставропольский край,Георгиевск,Недвижимость,"Дома, дачи, коттеджи",Продам,Дом,,Дом 30 м² на участке 4 сот.,Продается пол дома в г. Георгиевске:  /,,,,,,,
3ec3696bd8a0,f35c98a4d03d,Ростовская область,Ростов-на-Дону,Личные вещи,Детская одежда и обувь,Для мальчиков,Трикотаж,86-92 см (1-2 года),Кофта на змейки,Кофта б/у.,150.0,24,2017-03-21,Private,3c508ff3a0d1085c671beaec6504d0c2f879c53ccf1c2f45cf872af763b9723f,61.0,0.0
Вид защитного покрытия экрана	нет/,,,,,,,,,,,,,,,,,
Производитель: HUPPA (Эстония)./,,,,,,,,,,,,,,,,,
От собственника. Без комиссии./,,,,,,,,,,,,,,,,,
Продаю из за ненадобности./,,,,,,,,,,,,,,,,,
"Постоянным клиентам скидки.Наличный и безналичный расчет( от 150 руб. час. минималка 3 часа!ОПЛАТА ЗАВИСИТ ОТ СЛОЖНОСТИ РАБОТ И КОЛИЧЕСТВА ЧЕЛОВЕК.\"",180.0,1,2017-03-25,Private,cbcd91ff0d9eef8f8ae0fc653f0e807d1b0cc7bf51e4904deb47abb1457de594,2267.0,1.0,,,,,,,,,,
Очень мягкая натуральная кожа внутри и снаружи,перфорация,дышащие,легкие,мягкие и конечно же стильные!/,,,,,,,,,,,,,
b9c6c2d7d41a,be331509c876,Ярославская область,Ярославль,Личные вещи,Красота и здоровье,Средства гигиены,,,Пиленки,Пеленки 60×90/,,,,,,,
e92623ae4807,057c885c0a63,Татарстан,Казань,Бытовая электроника,Телефоны,Аксессуары,Запчасти,,Дисплейный модуль Samsung S3,"Дисплей оригинал 100%, предоставляется гарантия качества 1 месяц. /",,,,,,,
9e078b1f22b2,1493a0047064,Краснодарский край,Анапа,Для дома и дачи,Мебель и интерьер,"Кровати, диваны и кресла",,,"\"Спальный гарнитур \"\"Геро\"\"\"",Спальный гарнитур Геро от компании BVV-Mebel./,,,,,,,
ed4632e9dcf9,5305779a3183,Башкортостан,Ишимбай,Личные вещи,Детская одежда и обувь,Для мальчиков,Другое,,Водолазкп,На 2-4года. Сочтояние отличное.,150.0,128,2017-03-25,Company,6b3c7de78ae61dd47ea460b5b13b9de11ab34a3e7c23e17235c1cf5c4afcfc23,62.0,0.0
7.2/,,,,,,,,,,,,,,,,,
5c48647fa1b2,bcc646c4c9ab,Омская область,Омск,Личные вещи,"Одежда, обувь, аксессуары",Женская одежда,Обувь,36,Новые ботинки,,1600.0,44,2017-03-23,Private,8e536407a177e6fd671789c6aa9491a310ce905a8f5dd4c9bf1e4ef4daea963c,91.0,0.80323
Размер стеноблока,мм: 588*300*188/,,,,,,,,,,,,,,,,
f156a474542a,d00c35f891ba,Волгоградская область,Светлый Яр,Личные вещи,Красота и здоровье,Приборы и аксессуары,,,Ро-тривес,Новый.,1000.0,17,2017-03-23,Private,ab6877e418a796b4bc38fcebae1e34b1bb374a4967a1de53ce457cb3de0f6208,745.0,0.0
"Камень керамика \"\"КЛЮКЕР\"\" 2",1 НФ-11,5 р./,,,,,,,,,,,,,,,
Страна производитель	Россия/,,,,,,,,,,,,,,,,,
b93759a47dcc,2f6353dbb7f9,Красноярский край,Красноярск,Личные вещи,"Одежда, обувь, аксессуары",Женская одежда,Обувь,38,"Puma кеды (кожа,оригинал)",Кеды puma оригинальные. Абсолютно новые. Размер не пошёл. Смотрятся очень круто. Р-р 38,5000.0,1,2017-03-26,Private,853e3006e9f678870bb8452e2a7421bba4fcf611ef82c5d65366da666995c79a,475.0,0.0
5a1ca1b9123a,35ee5af1e0fb,Тюменская область,Тюмень,Бытовая электроника,Аудио и видео,Телевизоры и проекторы,,,Продаётся телевизор Sony kdl-40rd453,Продаётся телевизор Sony kdl-40rd453. В отличном состоянии. Диагональ - от угла до угла по диагонали 106 см.,23000.0,17,2017-03-28,Private,ba882633b93ac57e908cbc752eaa4d7e18ba2e9ad782e6f7b4c35a975901497f,3023.0,0.0
2.	Кофта для девочки,лохматая. ОЧЕНЬ мягкая,теплая и комфортная. Фирма IMPIDIMPI . Размер 74/80. Цена 400 руб./,,,,,,,,,,,,,,,
"52-54\"",800.0,313,2017-03-22,Company,3e1c59ed477c2f0e71c9ba5ad50daf7efb339b03348e3e4886dca33e2bdeaf6e,655.0,0.20999,,,,,,,,,,
7.свитшот-400(скину до 300)/,,,,,,,,,,,,,,,,,
374487e53fe6,f98498c92a3b,Татарстан,Казань,Личные вещи,Детская одежда и обувь,Для девочек,Брюки,146-152 см (10-12 лет),Джинсы новые,"Джинсы на резинке, новые на девочку 10 лет",600.0,48,2017-03-20,Private,8258cd1e4b8de33b9663c3cc9e82f4e4e9d5e662034326cf496b792a3a309b0f,118.0,0.0
"Звоните / пишите в чате\"",2000.0,71,2017-03-25,Company,0f8c86ca4e4f17a5f8ad40ad75c455cf4be0d48061dfd900b19080daaf7b519e,2924.0,0.76786,,,,,,,,,,
■ Соответствие директивам 2000/14/EC,Сертифицированный/,,,,,,,,,,,,,,,,
c4fad04221d4,15dd5771e6c3,Омская область,Омск,Личные вещи,Детская одежда и обувь,Для девочек,Платья и юбки,86-92 см (1-2 года),Платьице на девочку 92см,"Продается платьице тепленькое Пеликан на девочку.Рост 92см, в отличном состоянии.можно с водолазочкой и просто с маечкой.",200.0,60,2017-03-16,Private,3ccc9ebbd973010318b26798575e9cfd7ccbb5a888fc9e6a2005c7085f943261,108.0,0.0
Матрас предназначен для больных с нарушением функций опорно-двигательного аппарата и нервной системы в целях предотвращения пролежней./,,,,,,,,,,,,,,,,,
Насадка с тонким наконечником	1/,,,,,,,,,,,,,,,,,
"Отправлю в регионы по предоплате.\"",10000.0,7,2017-03-20,Company,dc30f21c8350c74f193945e6203cf9cb3b952640685f5c6f86fbdfd5844cfe61,1943.0,0.0,,,,,,,,,,
b62ae58d2d0b,9fe267e7c4e7,Ставропольский край,Ставрополь,Личные вещи,"Одежда, обувь, аксессуары",Мужская одежда,Другое,,Кофта на замке,в отличном состоянии размер   S/M,550.0,55,2017-03-19,Company,1ed255be593970fc3d5f9573e749dc66e7c91dbac9a1f0077dab77606e29c153,628.0,0.0
f0fae6ebaad7,c73407b0f620,Краснодарский край,Краснодар,Личные вещи,"Одежда, обувь, аксессуары",Женская одежда,Платья и юбки,42–44 (S),Чёрное платье,"Размер 42, в идеальном состоянии, носила мало",350.0,210,2017-03-20,Private,1e95d0b80ba0b2b05491f9ed65c11a6a9415623b78bc6323d0e8cee7d8565ec4,399.0,0.0
bb9853ebf0fb,4b3da40d4732,Краснодарский край,Анапа,Личные вещи,Красота и здоровье,Средства гигиены,,,"\"Крем для душа \"\"Абрикос и рисовое молочко\"\"\"","Насладись мягкостью кожи после душа! Нежный крем-гель с экстрактами абрикоса и рисового молочка очищает кожу, не пересушивая ее, и дарит увлажнение и ощущение комфорта./",,,,,,,
c848bc54328c,01adfb9f336f,Новосибирская область,Новосибирск,Для дома и дачи,Бытовая техника,Для кухни,Холодильники и морозильные камеры,,Саратов мш-80а морозилка б/у Гарантия Доставка,"Отдельно стоящая морозильная камера. Хорошо морозит. При работе не шумит. Габариты 84*48*60 . Есть большой выбор холодильников 50 моделей, стиральных машин-автомат, электроплит б/у. Полностью рабочие.Все проверены мастером. Произведена дезинфекция. Гарантия до 6 месяцев Доставка/",,,,,,,
"Возможно по запчастям\"",70000.0,46,2017-03-16,Private,14d461a57b1391811301f620113492dd156f70aa2c1c37f4f3f77e77a63f17ac,1092.0,0.13197,,,,,,,,,,
Цена: от 9 500 до 26 000 руб./,,,,,,,,,,,,,,,,,
81a93b4409be,ced9601339fc,Челябинская область,Челябинск,Недвижимость,Квартиры,Куплю,1,,Куплю 1-к квартиру,"Приобрету жилье в Челябинске (кроме комнат) в обмен на 4 комн. кв-ру в г. Миасс, 1/5 эт. дома (панель),  71/50/9 кв.м, район Миасс-2 (тихий, уютный и очень зеленый), 10 минут езды от вокзала. Большие коридор и кухня, все комнаты раздельные, с/у раздельный, без балкона (можно пристроить любого размера),    ж/д, д/ф. Рядом лес, сады, водоемы, Ильменское озеро! В шаговой доступности школа, детсад, 4 магазина, остановка.",1600000.0,1,2017-03-15,Private,,,0.0
459ecce99231,29717504307a,Самарская область,Самара,Бытовая электроника,Телефоны,Номера и SIM-карты,,,Федеральные и городские красивые номера мегафон 2,Федеральные и городские красивые номера мегафон 2/,,,,,,,
dc76f1de47e0,2ff76bb62466,Башкортостан,Ишимбай,Личные вещи,Детская одежда и обувь,Для мальчиков,Трикотаж,86-92 см (1-2 года),Фудболки,Футболки  на 1-2 годика новые,100.0,7,2017-03-15,Private,7f0f3f47d202dd748ff8f1b4f1c61ec694fae02299d644f2fa1e74636a6624d6,65.0,0.0
Требуется ремонт двигателя./,,,,,,,,,,,,,,,,,
98ac1e2428b5,4be432565260,Свердловская область,Нижний Тагил,Для дома и дачи,Продукты питания,,,,Молоко,Продам молоко 20руб.,20.0,3,2017-03-22,Private,,,0.21371
— Кондиционер/,,,,,,,,,,,,,,,,,
ee165cf78d2a,e7d3efc05ede,Башкортостан,Кумертау,Услуги,Предложение услуг,Курьерские поручения,,,Пеший Курьер от А до Б,Материально ответственные молодые люди,150.0,3,2017-03-15,Private,f228e5f3921b5ddefb8cbfeb258e65afbc4af376914ff3485260bbec8b1db35d,2271.0,0.125
23714a788a30,80e870fd516e,Белгородская область,Белгород,Личные вещи,"Одежда, обувь, аксессуары",Женская одежда,Обувь,36,Батильны р 36,"Белоснежные Батильоны Р 36. В отличном состоянии!!!! Привозились под заказ , одеты 1 раз на торжество. Очень удобная колодка!! Каблук 14 см , скрытая платформа 3 см. Смотрятся фантастически!!!",2600.0,68,2017-03-23,Private,2aebd632b7644f849bfc43d375fb586c7f2cdd2b13e3744cf51d20e07362302f,585.0,0.0
88915021f700,f9b78473364d,Новосибирская область,Новосибирск,Личные вещи,Детская одежда и обувь,Для мальчиков,Обувь,21,Продам брендовые сандали,"Продам классные сандали на мальчика, размер 21, 1-2 года, носили в сад месяц, стали маленькие, были бы размеры побольше купили бы ещё, мягкая гнущаяся прорезиненная подошва, кожа мягкая, очень удобные, покупали в магазине дочки сыночки за 2000.",900.0,32,2017-03-26,Private,b1b046dc9dcd156a7be1128534726037e575b42b483450622deac20db230fe42,44.0,0.0
Особенности  /,,,,,,,,,,,,,,,,,
64773253ebd8,16fabc434309,Белгородская область,Белгород,Услуги,Предложение услуг,"Транспорт, перевозки",Переезды,,Переезды грузоперевозки грузчики,Грузоперевозки и переезды.простые перевозки вашей мебели бытовой техники и тд.грузчики разгрузка погрузка.на этажи подъем.вывоз мусора.квартирные офисные переезды.доставка по городу обл.все подробности и интересующая информация по телефону,300.0,1,2017-03-15,Private,732584c1f65ca821b9d0e8bc1acea83c44c733c8383a49b0dfe836c3bffa83a0,1334.0,1.0
Счётчики на воду. Водонагреватель./,,,,,,,,,,,,,,,,,
Наличие USB звуковой карты/,,,,,,,,,,,,,,,,,
Высокомарочный цемент или высокопрочный скульптурный гипс,кроме того,добавляем импортные модификаторы и пластификаторы,которые увеличивают прочность состава на 30-40%,применяются при строительстве бетонных резервуаров для хранения воды,в том числе питьевой./,,,,,,,,,,,,
76d4ec433a58,5e6421af3dac,Свердловская область,Первоуральск,Личные вещи,Товары для детей и игрушки,Детские коляски,,,Peg-perego UNO коляска прогулочная,Peg-perego UNO коляска прогулочная/,,,,,,,
3424ddf26b99,8f4968d96941,Ростовская область,Ростов-на-Дону,Транспорт,Автомобили,С пробегом,Volkswagen,Transporter,"Volkswagen Transporter, 2007",Автомобиль полностью в рабочем состоянии.Стоит зимняя новая резина.Для просмотра надо созвониться.,520000.0,3,2017-03-16,Private,15550750143aa0d800dc98a6b9180fc05f8c409fd404c91653b2264e7028dd36,1055.0,0.7376
40e1d1ccc1c5,db832fb0a0f2,Саратовская область,Энгельс,Услуги,Предложение услуг,Мастер на час,,,Предлагаю услуги мастера на час,предлагаю услуги мастера на час,,4,2017-03-20,Private,8d4775fc76353d789c91c1fb409607bedd67febf8a9cf014c2cc696cb1b6c435,1901.0,0.25
∙ Регулировка сиденья водителя-по высоте/,,,,,,,,,,,,,,,,,
Преимущества района:/,,,,,,,,,,,,,,,,,
eff138310772,1e7e33209dca,Нижегородская область,Нижний Новгород,Личные вещи,"Одежда, обувь, аксессуары",Мужская одежда,Верхняя одежда,48–50 (L),Новая куртка Vittorio Emanuele (распродажа),"Новая лаконичная утепленная куртка Vittorio Emanuele на молнии с воротником-стойкой - удачное решение на каждый день и для особых случаев. Идеально сочетается как с одеждой в стиле кэжуал, так и с более спортивными комплектами /",,,,,,,
1.ТЦ Европа 3 этаж. ул. Максима Горького 30а. /,,,,,,,,,,,,,,,,,
Комплект: полный/,,,,,,,,,,,,,,,,,
Видеосъемка EOS в формате Full HD 1080p/,,,,,,,,,,,,,,,,,
Мы находимся в ТЦ ПАРУС,3 этаж,3 бутик,Сулимова 26. Шоу-рум Самовывоз! Сайт Озорные детки (доставка) привозим три единицы на выбор/,,,,,,,,,,,,,,
d41fdbc85e83,ee74e01aeaa0,Краснодарский край,Новороссийск,Хобби и отдых,Книги и журналы,"Журналы, газеты, брошюры",,,Журналы,"Продам три журнала Cosmopolitan,февраль,март и апрель 2017.За все журналы 150 руб.",150.0,213,2017-03-24,Company,378ef0e2dcbe5302ac55c878d5f109333c937062623aebfd11f19a933cd9b877,2283.0,0.0
Рабочий диапазон высоты над уровнем моря,м	6000/,,,,,,,,,,,,,,,,
a06648a5ba72,b2cbe2189fa4,Челябинская область,Челябинск,Личные вещи,Детская одежда и обувь,Для мальчиков,Верхняя одежда,98-104 см (2-4 года),"\"Качественная курточка \"\"zeplin\"\" на рост 104\"","\"Продам качественную курточку-ветровку \"\"ZEPLiN\"\" на рост 104. Без утеплителя на хлопковом подкладе. Цвет тёмно-синий",подклад серый.  Состояние отличное. Внутренний и наружние карманы,капюшон./,,,,,
БЕЗ царапин/,,,,,,,,,,,,,,,,,
Зарядный ролик:/,,,,,,,,,,,,,,,,,
90f832ed3e1f,42b118330845,Свердловская область,Артемовский,Недвижимость,Комнаты,Продам,,,"Комната 30 м² в 2-к, 2/2 эт.","Продам 2 комнаты в 3-ой квартире. S=12.9 кв.м. и S=16.5 кв.м .Комнаты теплые, светлые. Сделан косметический ремонт. Окна (дерево). Сан/узел совмещен. Рассмотрим различные варианты оплаты. Торг уместен.",500000.0,145,2017-03-24,Company,1f0f710bc50e6888a816fdfa7344204e1d10eb6192566202287ddfcfe147bf1b,2218.0,0.0
TI - ZIP MASTERSEAL/,,,,,,,,,,,,,,,,,
da78d9fb8093,d67e5de5c3e2,Воронежская область,Воронеж,Бытовая электроника,"Игры, приставки и программы",Игры для приставок,,,Игры для PS4 обмен,ПРОДАМ НЕ ДОРОГО ИГРЫ ДЛЯ PS4/,,,,,,,
2.Трикотажные бриджи с зайками (H&M).Размер 110./,,,,,,,,,,,,,,,,,
6fb8ca5fa979,46b8a804419f,Тульская область,Тула,Недвижимость,Земельные участки,Продам,"Сельхозназначения (СНТ, ДНП)",,"Участок 7 сот. (СНТ, ДНП)","Продается дачный  участок в р-не Зеленстроя, с ветхим домиком(под снос). Участок долгое время не обрабатывался. Вода и электричество есть.",170000.0,13,2017-03-21,Company,3e67e4a0f095bb28214df36658a11d6bcaa12066e333629444046357b0b3bb2a,2016.0,0.0
ed45987f3674,336ba15b09ae,Иркутская область,Алзамай,Транспорт,Автомобили,С пробегом,УАЗ,Patriot,"УАЗ Patriot, 2007",Хороший внедорожник в хорошем состоянии,310000.0,3,2017-03-21,Private,856cb88650a605d1abb8dc42972e4cb8e2ec59dd03d505f30f01b8f7534be97b,1142.0,0.0
• Антиблокировочная система (ABS)/,,,,,,,,,,,,,,,,,
90d23c9aa870,8ceea1ba738a,Краснодарский край,Ейск,Личные вещи,"Одежда, обувь, аксессуары",Аксессуары,,,Женская сумка,Натуральная кожа,500.0,178,2017-03-26,Private,5b19bb22c5601b094e53970146c55546f87a8401c01500fa614d57b62f829a9c,294.0,0.0
Корзинка/,,,,,,,,,,,,,,,,,
259348d3ad6a,af9aa40f9969,Челябинская область,Миасс,Для дома и дачи,Ремонт и строительство,Стройматериалы,,,Заборы кованые,Предлагаем кованые заборы,2000.0,8,2017-03-16,Company,bf20fb4041976b4ec72df35e99a7a6f205cecc92697ede3d5aad37538d6c6f60,1321.0,0.0
материнка: ASUS A7V8X/,,,,,,,,,,,,,,,,,
==============/,,,,,,,,,,,,,,,,,
bbbb79835834,749426a39d45,Красноярский край,Канск,Личные вещи,Товары для детей и игрушки,Детские коляски,,,Продам коляску Зима-Лето,,2000.0,27,2017-03-19,Private,7f15d1c2e405b439af6fccbcccf7243e1f9f6fcb4def6c1a00511c3ffef1c035,75.0,0.80323
Интерфейсы:Wi-Fi 802.11n,Bluetooth 4.0,USB/,,,,,,,,,,,,,,,
1. Возможность заключения договора на дому/,,,,,,,,,,,,,,,,,
/,,,,,,,,,,,,,,,,,
/,,,,,,,,,,,,,,,,,
/,,,,,,,,,,,,,,,,,
/,,,,,,,,,,,,,,,,,
/,,,,,,,,,,,,,,,,,
/,,,,,,,,,,,,,,,,,
/,,,,,,,,,,,,,,,,,
/,,,,,,,,,,,,,,,,,
/,,,,,,,,,,,,,,,,,
/,,,,,,,,,,,,,,,,,
/,,,,,,,,,,,,,,,,,
/,,,,,,,,,,,,,,,,,
/,,,,,,,,,,,,,,,,,
/,,,,,,,,,,,,,,,,,
/,,,,,,,,,,,,,,,,,
/,,,,,,,,,,,,,,,,,
/,,,,,,,,,,,,,,,,,
/,,,,,,,,,,,,,,,,,
/,,,,,,,,,,,,,,,,,
/,,,,,,,,,,,,,,,,,
/,,,,,,,,,,,,,,,,,
/,,,,,,,,,,,,,,,,,
/,,,,,,,,,,,,,,,,,
/,,,,,,,,,,,,,,,,,
/,,,,,,,,,,,,,,,,,
/,,,,,,,,,,,,,,,,,
/,,,,,,,,,,,,,,,,,
/,,,,,,,,,,,,,,,,,
/,,,,,,,,,,,,,,,,,
/,,,,,,,,,,,,,,,,,
/,,,,,,,,,,,,,,,,,
/,,,,,,,,,,,,,,,,,
/,,,,,,,,,,,,,,,,,
/,,,,,,,,,,,,,,,,,
/,,,,,,,,,,,,,,,,,
/,,,,,,,,,,,,,,,,,
/,,,,,,,,,,,,,,,,,
/,,,,,,,,,,,,,,,,,
/,,,,,,,,,,,,,,,,,
/,,,,,,,,,,,,,,,,,
4fe8b5cf314e,68888d69262e,Башкортостан,Стерлитамак,Услуги,Предложение услуг,"Ремонт, строительство",Ремонт квартиры,,Ремонт квартир и офисов,"ремонт ванной комнаты под ключ,а также ремонт квартир любой сложности-оклейка обоев,линолеум,плитка,ламинат,цена договорная",,59,2017-03-23,Private,,,0.2
2)  Для детских,или взрослых мероприятий отдельная подборка номеров.  /,,,,,,,,,,,,,,,,
85f7b7ea71b4,53499bd06146,Саратовская область,Саратов,Услуги,Предложение услуг,Деловые услуги,"Бухгалтерия, финансы",,Ведём бухгалтерию юридических лиц и тсж,"Ведём бухгалтерию юридических лиц, лицевые счета ТСЖ, обеспечиваем сдачу бухгалтерской и налоговой отчетности",,37,2017-03-27,Private,,,0.14286
На рукавах-трикотажные вставки./,,,,,,,,,,,,,,,,,
"- стойкость к выгоранию\"",245.0,10,2017-03-24,Company,f18a83c7b3a06e673d3f6caec4bc553d14d2a1a42a1cbffb8e99c3292803d6bd,1308.0,0.0,,,,,,,,,,
3d7a1ff56e7e,0c08118874bb,Иркутская область,Усолье-Сибирское,Транспорт,Автомобили,С пробегом,LIFAN,Smily (320),"LIFAN Smily (320), 2013","ПОКУПАЛАСЬ В САЛОНЕ, БУДЕТЕ 2ЫМ ВЛАДЕЛЬЦЕМ(ВЛАДЕЛИЦЕЙ).НА СЕГОДНЯШНИЙ ДЕНЬ ЦЕНА В САЛОНЕ 436ТР!/",,,,,,,
a35e02467d9d,ad6d0aa35a6e,Иркутская область,Иркутск,Недвижимость,Квартиры,Продам,2,Вторичка,"2-к квартира, 44 м², 1/4 эт.","Продам 2-комнатную квартиру общей площадью 44 кв.м., состояние квартиры обычное, комнаты раздельные, санузел раздельный, окна ПВХ. Рядом с домом остановки, магазины,школа, детский сад. Все в собственности.",2430000.0,5,2017-03-27,Company,523839ec33cd2cb5891ace918859ebf3fdddd6ee5d389b0cb2d24a0dafa4d4e1,1078.0,0.05268
"Услуги ипотечного брокера бесплатно.\"",3204500.0,432,2017-03-28,Company,fa27cda78bcaae3753ac87b4e36696b25d92a94fa9296a57bc152b0c4be7212f,2218.0,0.07438,,,,,,,,,,
"Автоаккомпанемент есть\"",24000.0,2,2017-03-28,Private,51009d18ad87b856120149647aebf50be464d4ea2a7ed5615bb3bd112efda8e2,2516.0,0.0,,,,,,,,,,
14327eeb8615,b7b1ad130372,Самарская область,Сызрань,Личные вещи,Детская одежда и обувь,Для мальчиков,Трикотаж,110-116 см (4-6 лет),Продам джемпер глория джинс отличное состояние,"Джемпер в отличном состоянии. Длина по спинке 45 см, рукав 43 см.",500.0,33,2017-03-19,Private,a7a25c8ad87d900074f1128a1447c99c1bf0d0ba42811afe9e6693b1a532c7f5,64.0,0.0
Интернет 13 Гб/,,,,,,,,,,,,,,,,,
79d78afc1b83,bb0005304d9f,Краснодарский край,Краснодар,Личные вещи,"Одежда, обувь, аксессуары",Женская одежда,Платья и юбки,> 50 (XXL),Платье в горох,В наличии!!! Размер 52. Жду на примерочку. Возможна доставка почтой в любой регион России./,,,,,,,
Прайс лист на март/апрель/,,,,,,,,,,,,,,,,,
7b864aace090,d6a4f7da7d26,Ростовская область,Ростов-на-Дону,Для дома и дачи,Продукты питания,,,,Мед из разнотравья,"Вкусный и полезный Мед из разнотравья 3л-900р , Мед подсолнечника 3л.- 500р. Доставка!!! Звоните!!! Из собственной пасеки 100% качество!!!",900.0,6,2017-03-19,Private,be8ecfcddd42986c75bec83da30979e6c69a967c259b5dd6294eab105efe803f,1366.0,0.0
Цена: 5 000 руб. без торга/,,,,,,,,,,,,,,,,,
CPU: Snapdragon 808 с частотой 1.8 ГГц занимающий 10 место в списке топ 20 процессоров по производительности./,,,,,,,,,,,,,,,,,
189c9b8259f4,dad180f89677,Тюменская область,Тюмень,Животные,Товары для животных,,,,Комплекс для кошек когтеточка на заказ,"Мы работаем по всей России, доставка до транспортной компании Бесплатно./",,,,,,,
Вся интересующия информация по телефону.Торг!!!/,,,,,,,,,,,,,,,,,
- Никаких вложений в бизнес! /,,,,,,,,,,,,,,,,,
call of duty black ops 3-1300/,,,,,,,,,,,,,,,,,
580f5b4c35ef,efc29c9a4a96,Владимирская область,Владимир,Личные вещи,Детская одежда и обувь,Для мальчиков,Обувь,26,Кожанные туфли 26 разм,"Полностью кожанные туфли, размер 26, б/у мало, состояние очень хорошее",400.0,50,2017-03-19,Private,134065df9700ab65f0345fc364f4190b4c5b7547537f2a133a0ef6b4e8f40597,46.0,0.0
Подсветка: клавиш / символов    /,,,,,,,,,,,,,,,,,
•Вы можете забронировать автомобиль по телефону!/,,,,,,,,,,,,,,,,,
частота ударов 4500 уд/мин/,,,,,,,,,,,,,,,,,
Принимаем товар на комиссию./,,,,,,,,,,,,,,,,,
Режим работы: пн-пт: 08.00-18.00,"сб: 09.00-15.00\"",74.0,2773,2017-03-27,Company,9302736a5e83377b479616df3b703a9df7e8ee3c73f23fe0a10f3b8c80671252,2041.0,0.0,,,,,,,,,
ca24d8853768,8d621f50ef63,Новосибирская область,Новосибирск,Личные вещи,Детская одежда и обувь,Для девочек,Другое,,Трусы купальные,Новые.,200.0,122,2017-03-20,Private,192d331f89bb6d365bfb74b940e5701734463b07cd3c4feca35408173665a4eb,77.0,0.0
7aa5c013cff2,da808eeb847d,Владимирская область,Муром,Для дома и дачи,Ремонт и строительство,Потолки,,,Натяжные потолки. Глянцевые. Цвет Насыщенный желты,Здравствуйте!/,,,,,,,
--/,,,,,,,,,,,,,,,,,
Цвет: чёрный ( замшевые );/,,,,,,,,,,,,,,,,,
на Уральской,"67/1\"",5500.0,2528,2017-03-15,Shop,2b0ce7789ed8cd9842da0f8a3e574e724f7502d4043006bf30281229ee9fec9a,2941.0,0.0,,,,,,,,,
2c7d6f760579,3ecce3be9674,Краснодарский край,Краснодар,Недвижимость,Квартиры,Продам,1,Вторичка,"1-к квартира, 40 м², 6/12 эт.","квартира с отделкой под ключ, МПО, б/з, остается встроенная кухня, диван,шкаф, все в отличном состоянии, экологически чистый район, рядом р. Кубань, небольшой торг допустим",1700000.0,33,2017-03-18,Company,94f5de56a92ed6a8ec0b68e206eab597e50338558bf65ab28134a0ba72eb9478,1430.0,0.13025
98a1cd538021,4d206be2a990,Ростовская область,Ростов-на-Дону,Личные вещи,Часы и украшения,Бижутерия,,,Колье Luisa Spagnoli,"Италия . В идеале , приобретено в фирменном магазине бренда . Мешочек прилагается",3000.0,46,2017-03-26,Private,7f5ffbdfc525adf57a31eb178380310b1642699942a7d16199203e756b6510ff,3.0,0.80323
Отдельный вход с торца дома(+ 2 входа запасных),цокольный этаж жилого дома (в помещении имеется 5-ть больших окон) место для парковки,отличный подъездной путь для груз. Транспорта (погрузка/разгрузка). РЕМОНТ под ключ,ГОТОВ для ЭКСПЛУАТАЦИИ: два торговых зала,3 кабинета,3 санузла,1 душевая кабина,обогрев гор. воды,аварийное освещение,вентиляция (приточно- вытяжная),отопление,П.Ж. сигнализация,"охрана.\"",3000000.0,207,2017-03-21,Company,94b64d38d429275081e8bb82a5c8bd39a1ae8f89be95c5ec95c4fd1f28aabcb9
"От собственника.\"",1200000.0,34,2017-03-18,Company,,,0.18476,,,,,,,,,,
F3.50/,,,,,,,,,,,,,,,,,
пуговицы и клепки из страз( на фото не четко )/,,,,,,,,,,,,,,,,,
758be7638f42,4b3e02215b00,Саратовская область,Саратов,Для дома и дачи,Мебель и интерьер,"Кровати, диваны и кресла",,,Матрас тонкий Софт+ (топпер) ширина 1.8м,ХАРАКТЕРИСТИКИ:/,,,,,,,
9-ЛЕСНЫЕ ДОМИКИ-БИАНКИ-2005/,,,,,,,,,,,,,,,,,
Весь ассортимент штор представлен на официальном сайте интернет-магазина готовых штор shtorigotovie./,,,,,,,,,,,,,,,,,
Год выпуска 2008,/,,,,,,,,,,,,,,,,
7c9dd30caf6a,a6e1b0a18793,Воронежская область,Воронеж,Транспорт,Грузовики и спецтехника,Грузовики,,,Продам двигатель камминс 300 л/с!,продам двигатель в хорошем состоянии пробег 110000 км стоит на камазе ! подробности по телефону! Торг!,230000.0,1,2017-03-24,Private,5894517534dc9d1d305fa7e4deddb64dc4a0c15f22e2351a525138e9a0f45e42,1099.0,0.2706
fd03d505d6be,cd920bff48d3,Алтайский край,Барнаул,Животные,Кошки,Другая,,,Отдам котёнка,"Отдам котенка, в добрые руки, 3 месяца. Цвет рыже-серый, к лотку приучен, ест всё подряд",5.0,3,2017-03-21,Private,97129e737c309de7e8a2021784b9baebc464f2a4fff7b2ca881784db26003c85,2054.0,0.35772
01f81a4b7095,185787a81e09,Башкортостан,Уфа,Животные,Собаки,Стаффордширский терьер,,,Ам.стафф,"Девочка мраморно-тигрового окраса,1,5 месяца,приучена к туалету ,готова к переезду в новый дом )",10000.0,11,2017-03-25,Private,bfed822989fddfeeea332083629494d68412612e7d12cf736e7e6413d6c214b6,2156.0,0.78503
d82c66920ad2,6b64a7aeee46,Татарстан,Казань,Для дома и дачи,Растения,,,,Отдам листочки сортовых фиалок,Отдам листочки сортовых фиалок. 3 красочных окраса будут радовать ваш дом. ( на фото не очень яркие получились расцветки) на подходе новые расцветки к цветению готовятся. живу на квартоле. в выходные дома не бываем.,5.0,41,2017-03-24,Private,63c7fcd7a520cdff9a33f8ca26ee6a41fd1c66e57ebbe88a97697f0e863b6722,1751.0,0.28798
c29c2827e266,924de23ca477,Воронежская область,Лиски,Личные вещи,Товары для детей и игрушки,Детские коляски,,,Детские качели,Детские качели на батарейках.Состояние отличное!Возможен торг!,3000.0,13,2017-03-23,Private,477c2f389491b34b441a905e4e6568b456d1accbc1d015d7f13c0590a353169f,821.0,0.0
FS -отражающая пароизоляция./,,,,,,,,,,,,,,,,,
98ff3a890031,736f9e29c0cd,Калининградская область,Калининград,Хобби и отдых,Музыкальные инструменты,Пианино и другие клавишные,,,Пианино рига,"Продаётся в хорошем состоянии, покупали в магазине,все механизмы рабочие,клавиши целые,не западают,звук мягкий,приятный.Требуется настройка.Самовывоз.Балтрайон.6 этаж",5000.0,1,2017-03-26,Private,8d0b3fc12cf27d9f3df7d64d6adcef8630bdc7414a7fa5bcb7863b4b2387f2fa,2514.0,0.82668
группа ВКОНТАКТЕ: Продажа Кукол Барби Barbie из США/,,,,,,,,,,,,,,,,,
de1a525d5cce,682e0065b64c,Татарстан,Казань,Услуги,Предложение услуг,"Ремонт, строительство",Отделочные работы,,"Отделка квартир, ванных комнат, балконов","отделка квартир, ванных комнат, балконов. Гарантия качества.",,4,2017-03-27,Private,,,0.0
Оплата наличными,принимаем карты/,,,,,,,,,,,,,,,,
· Размер: 16,17,18. Необходимый размер кольца указывается при оформлении заказа,"на последнем шаге в поле \"\"Здесь Вы можете добавить дополнительную информацию для нас\"\"./",,,,,,,,,,,,,,
24769e98bb90,9ab3396419ba,Свердловская область,Арамиль,Личные вещи,"Одежда, обувь, аксессуары",Женская одежда,Обувь,< 35,Сапоги,"Сапоги зимние из нат кожи,на очень удобном,устойчивом каблуке,размер 35",500.0,4,2017-03-19,Private,1f612e777ca73c2f205cbe346d8312a587295c83fec8ec336a6369fc2fb44cb8,492.0,0.0
Габариты (ВхШхГ),мм	311х41x187/,,,,,,,,,,,,,,,,
f5bc357bf231,ab8bf171f89d,Краснодарский край,Краснодар,Недвижимость,Квартиры,Продам,1,Новостройка,"1-к квартира, 35 м², 13/19 эт.","Что Вы получаете, если покупаете эту квартиру?/",,,,,,,
"Книга \"\"Вечный гороскоп. Тайна знаков зодиака\"\" станет вашим надежным гидом в сложном мире познания индивидуальности. На ее страницах соседствуют астрология",психология и история,нумерология и Таро./,,,,,,,,,,,,,,,
65d26af10049,416d76f06be5,Владимирская область,Вязники,Недвижимость,"Дома, дачи, коттеджи",Продам,Дом,,Дом 50 м² на участке 11.6 сот.,"Продаю дом: 2 комнаты жилые (сруб) =32 м.кв., пристроенная кухня 18 м.кв. из силикатного кирпича с подвалом в поселке Лукново, Вязниковского района, Владимирской области. Общая площадь 50 кв.м., участок 11,6 соток. В доме газовый котел на природном газе - водяное (паровое) отопление, электроснабжение, водоснабжение из колодца в саду через насосную станцию, локальная канализация (не фекальная) отстойник 3 ж/б кольца. Наружная отделка - вагонка; внутренняя отделка - оштукатурено, обои. В кухне русская печь. Двор из кирпича, гараж, баня, другие хоз. постройки, сад-огород. В поселке школа, детский сад, множество магазинов, больница. Возле дома пруд с березовой рощей, где много грибов. Хорошие асфальтированные дороги, в 5 км шоссе М7 Волга. Собственник, продам недвижимость без посредников",900000.0,25,2017-03-17,Private,8b89f823ae16209e18129c0cdedf05e7e0144e0aa951a5c6ff4e3787af679dbb,1412.0,0.0
735bf87a25a7,9ed12aecfb6d,Удмуртия,Ижевск,Для бизнеса,Оборудование для бизнеса,Для ресторана,,,Тестораскатка - лапшерезка электрическая D200, Тестораскатка - лапшерезка электрическая D200/,,,,,,,
Прямая продажа от застройщика./,,,,,,,,,,,,,,,,,
2a5d2a4cbe53,4aa09ae209fe,Краснодарский край,Краснодар,Хобби и отдых,Коллекционирование,Монеты,,,10 копеек 2002 года,,,16,2017-03-27,Private,,,0.0
Тип карт памяти:SD,SDHC/,,,,,,,,,,,,,,,,
Всего конфорок 4/,,,,,,,,,,,,,,,,,
-кольцо/,,,,,,,,,,,,,,,,,
Экран/,,,,,,,,,,,,,,,,,
c110eef0a084,ad9483af96b6,Челябинская область,Челябинск,Личные вещи,Детская одежда и обувь,Для мальчиков,Другое,,Пакет одежды 98-104,"Одежда пакетом на мальчика рост 98-104. Футболки, рубашки, джинсы, вельветовые брючки, кофточки, махровый халатик. За все -800р. Вместе с курточкой и шапкой на тёплую весну-1300. Все вещи в очень хорошем состоянии!",800.0,179,2017-03-24,Company,93b2af9a852f0673caec97f6969b5ab6b091cc265e31c6f3654d11b5cefecfe1,63.0,0.0
0106ed22d8a2,e1f29dfc3fde,Владимирская область,Владимир,Личные вещи,Детская одежда и обувь,Для девочек,Верхняя одежда,86-92 см (1-2 года),Фирменные кофты,Фирменные кофты. Состояние идеальное 250руб. за любую кофту,,130,2017-03-22,Company,07d54aad262949a1ecb1d943333fe9c0e54a3a8b6213048fb616733b62696dad,112.0,0.0
"---------------------------------------------------------------------------------------\"",1850.0,3995,2017-03-18,Shop,ec2eebad1b8f9c29be400aabaddf5ed607a4b5af74e84dd18dc5868ddfa93ff7,448.0,0.0,,,,,,,,,,
---------------------------------------------------------------------------------------/,,,,,,,,,,,,,,,,,
ОПЛАТА НАЛИЧНЫМИ ИЛИ ПО КАРТЕ/,,,,,,,,,,,,,,,,,
Внутри флис./,,,,,,,,,,,,,,,,,
084567b538f9,f58a26199153,Нижегородская область,Нижний Новгород,Личные вещи,"Одежда, обувь, аксессуары",Женская одежда,Обувь,38,Шикарные туфли (3 пары),Любая пара за 300рублей,300.0,10,2017-03-17,Private,cf119c9747b9fa7e3ac73ab282c9d4c5db24773fc0614af24739c64d3186084b,450.0,0.12579
4fe294e8c1ad,07180d1e0bc5,Владимирская область,Ковров,Транспорт,Автомобили,С пробегом,Infiniti,FX35,"Infiniti FX35, 2005",машина без вложения кузов в родной краске без вмятин и царапин три комплекта ключей зимняя резина то каждые 5000т км за машиной слежу меняю и делаю все вовремя подробная информация по телефону торг только после осмотра,620000.0,11,2017-03-27,Private,0666c72028362be05ad90e2302886ee233f6f7cdf8f13509ea9d2dd54527b7e5,1118.0,0.24141
094a18f601c8,8e27d2b5f846,Волгоградская область,Камышин,Недвижимость,"Дома, дачи, коттеджи",Продам,Дом,,Дом 53.9 м² на участке 19 сот.,"Продается дом с газом в с. Барановка. 4 комнаты жилые кухня и прихожая. На участке летняя кухня (с газом), баня, гараж, дровник, погребица (с погребом), сенник, сараи для скотины. Колодец и скважина на участке. Обращаться, Марина.",900000.0,5,2017-03-27,Private,e26557cf4169ec764815a61b537c3cbc387e3c069047c590352293f40935abd1,1302.0,0.13519
Анцитрус взрослые от 150 до 300 руб/,,,,,,,,,,,,,,,,,
793669b791db,4e0ceb43a1e1,Белгородская область,Белгород,Личные вещи,"Одежда, обувь, аксессуары",Женская одежда,Трикотаж,42–44 (S),Рубашка-футболка,,100.0,76,2017-03-22,Company,dafb50cc61205c8ba1e241ea4bb38aed149724b2ed055576dfa0f3dd55606cbc,597.0,0.0
"Вес	28 кг\"",15000.0,7,2017-03-16,Private,a66ca8e13f72d82e2492065800f7b2be4b9bb0b4a831430cce005dbcfd8081b0,3029.0,0.30438000000000004,,,,,,,,,,
"Для реальных покупателей- реальные акции и скидки!\"",525000.0,2862,2017-03-22,Shop,7da0d9c364f9ce8758d9843e94c77c96edae713b50e9ac9f4be5827f6783f6c4,2218.0,0.0,,,,,,,,,,
С радостью отвече по телефону на любые вопросы./,,,,,,,,,,,,,,,,,
В отличном состоянии,одевала один-два раза./,,,,,,,,,,,,,,,,
На стоянке так же имеются автомобили других комплектаций и цветов./,,,,,,,,,,,,,,,,,
Разъем SCART/,,,,,,,,,,,,,,,,,
18351996c67e,901b9fd0587d,Удмуртия,Сарапул,Личные вещи,Товары для детей и игрушки,Постельные принадлежности,,,Ортопедическая подушка,подушечка в отличном состоянии новая ребенок почти не лежал от силы 1-2 недели,100.0,10,2017-03-22,Private,088b0c5cd6370353b5702a531c8b2a30b2af313d7aa90b6407d6505037d4687c,1009.0,0.0
90 гр.	21,30р./,,,,,,,,,,,,,,,,
Накладки на пороги в цвет кузова /,,,,,,,,,,,,,,,,,
-не включается/,,,,,,,,,,,,,,,,,
Дыры и заполнение пустот/,,,,,,,,,,,,,,,,,
aef7a59bac67,3dca1c619741,Татарстан,Альметьевск,Личные вещи,Детская одежда и обувь,Для девочек,Платья и юбки,62-68 см (2-6 мес),Фирменное платье,"Вельветовое платье английского бренда f&f. 3-6, 6-9 мес. С биркой.",500.0,157,2017-03-21,Private,f1963c8aa5b2b9eb387b15253a7ea30f35d54568716869d890e63a86ce2ffcea,398.0,0.0
06e8e742cb97,4b2114369b08,Ростовская область,Ростов-на-Дону,Услуги,Предложение услуг,"Транспорт, перевозки",Переезды,,Авто с водителям в аренду,Город за город. Хендай Солярис,500.0,5,2017-03-20,Private,,,0.0
• Гидроусилитель руля/,,,,,,,,,,,,,,,,,
- заберем оставшейся матерьял и вернем деньги за него;/,,,,,,,,,,,,,,,,,
S8LRA	Управление по странам,Россия 10323/,,,,,,,,,,,,,,,,
34a28801459e,afab132b5b25,Свердловская область,Екатеринбург,Личные вещи,Детская одежда и обувь,Для мальчиков,Трикотаж,62-68 см (2-6 мес),"Комплект кофточка,штанишки,шапочка,пинетки","продам трикотажный комплект на мальчика-кофточка,штанишки,шапочка и пинетки,состав-50% шерсть и 50% акрил,состояние новой вещи-не успели поносить,выросли.Район Виз.",350.0,1361,2017-03-19,Company,2be02f3b9d5b3d75dc88c01c2e006bf2c445a9e495ad2ae16e482eb3437ecb6c,63.0,0.0
Фирма Castro/,,,,,,,,,,,,,,,,,
"             МЫ РАДЫ КАЖДОМУ КЛИЕНТУ! ПРИЕЗЖАЙТЕ ЖДЁМ ВАС В ГОСТИ!\"",1669000.0,123,2017-03-15,Company,2a19bcd647120c3cce8489fb9e0d8b7178f276288980a033a2ee414b6f006302,1118.0,0.0296,,,,,,,,,,
— смартфон,Android 2.3/,,,,,,,,,,,,,,,,
Эффективность,экономия,теплоизоляция в подтверждениях специалистов./,,,,,,,,,,,,,,,
— память 8 Гб,слот для карты памяти/,,,,,,,,,,,,,,,,
- легко переносится благодаря специальным боковым ремням/,,,,,,,,,,,,,,,,,
Кроссовки Nike ( Найк ) 38 Новые/,,,,,,,,,,,,,,,,,
Состав: белок –22,0%,жир – 15,0%,клетчатка – 0,75%,кальций – 0,75%,фосфор – 0,6%,влажность - 8,"5%\"",1579.0,5,2017-03-19,Company,e4b34ca2288f30855a91b583f6e998991ed803884c13ead3a5d9fa3aa188c49d,2029.0
169fc7b9bff6,f8c34e2abe20,Новосибирская область,Новосибирск,Бытовая электроника,Ноутбуки,,,,Ноутбук HP630 Pentium B960 2.2MHz,надежный ноутбук/,,,,,,,
9a60d9c334ae,f48d36739824,Татарстан,Набережные Челны,Личные вещи,"Одежда, обувь, аксессуары",Женская одежда,Верхняя одежда,40–42 (XS),Дубленка,"Дубленка с капюшоном темно синего цвета. Хорошо будет смотреться на размер 38-40-42. В идеальном состоянии, одевалась 5 раз(забеременела и стала мала). Покупала по скидке за 22 т.р. Торг уместен.",10000.0,8,2017-03-16,Private,e972e9bb996eb475729328d0b5ce9c61edfd2051d19088d14f085033f5dd5ca0,536.0,0.0
Экологически безопасный (PVC,lead,phthalate FREE)/,,,,,,,,,,,,,,,
Питание:/,,,,,,,,,,,,,,,,,
e9399bce858e,deec94ba0468,Татарстан,Казань,Для дома и дачи,Ремонт и строительство,Стройматериалы,,,Плиты перекрытия облегченные пб 72-12-8,Продаю плиты перекрытия облегченные! /,,,,,,,
блок питания 500gh/,,,,,,,,,,,,,,,,,
Цвет темно-синий./,,,,,,,,,,,,,,,,,
Емкость Аккумулятора: 450 мАч/,,,,,,,,,,,,,,,,,
ac808396ff86,007e8c3996cf,Владимирская область,Владимир,Животные,Товары для животных,,,,Инкубатор Золушка 98 яиц авт-пер с перех на 12В,"Вместимость: 98 куриных яиц, 40 гусиных/",,,,,,,
Длина 43 см (от верха плеча до края подола)./,,,,,,,,,,,,,,,,,
Функции Anti-Cold-Air,Turbo,Sleep/,,,,,,,,,,,,,,,
c491054cea59,1fd75dfaf827,Новосибирская область,Новосибирск,Бытовая электроника,Телефоны,Аксессуары,Запчасти,,Модуль Sony Ericsson st25i Xperia U оригинал,Оригинал,1400.0,1270,2017-03-26,Company,97a4b48799df87a5034cf589277b0b8cc8b53d0ccc685c93c5109a025e0fe260,2929.0,0.0
ce5770f1b24e,22de689c1aa9,Татарстан,Альметьевск,Личные вещи,Детская одежда и обувь,Для девочек,Брюки,122-128 см (6-8 лет),Джегинсы,Продам новые джегинсы на девочку рост 128. Фирма Acoola. Суперского качества. Оказались широковаты,400.0,83,2017-03-19,Company,784b1f6daf8206649d058942e874e37c036cc2407752870beec653b2c777e361,115.0,0.0
Крайние двери-купе,по центру - распашные./,,,,,,,,,,,,,,,,
Частота на холостом ходу 15000 min-1./,,,,,,,,,,,,,,,,,
0ba61192c10c,6cf7134b9bd7,Воронежская область,Воронеж,Для дома и дачи,Ремонт и строительство,Стройматериалы,,,Бытовка 6x230см Распашонка,"\"ытовки Дачные \"\"Зима-Лето\"\" полностью утеплены \"\"URSA GEO\"\" 50мм с одним слоем ветро-влаго изоляционной паропроницаемой мембраны \"\"Изолар А\"\" по всему периметру", снаружи и внутри отделаны вагонкой. Оцинкованные гвозди внутри и снаружи при обшивке стен,потолка и пола. Форма крыш 1-скатная (база) с высотой внутри 190-200см или 2-х скатная (опция) с высотой внутри 200см. Кровля - два слоя Рубероида Технониколь РПП 300. Половая доска нешпунтованная 20мм,черный пол подшит вагонкой 12,5мм. Окна базовые без фурнитуры и отлива,двери наборные из вагонки с ушками под навесной замок и ручками. Стоимость указана для базовой бытовки. На эти бытовки действует гарантия 12 месяцев! /,,
58977f1d5639,617f6f270a3c,Иркутская область,Иркутск,Недвижимость,Коммерческая недвижимость,Сдам,Помещение свободного назначения,,Готовый детский сад 75.5 м,"Полностью укомплектован. Защитные жалюзи на окнах, отдельный вход, парковка. возможна продажа помещения.",30000.0,3,2017-03-20,Private,0ec78afa2c7770a8d355e78dfab8f49159975acf1ce7178d4f7cdd95bbf5d6f1,1412.0,0.12278
Гарантий на клавиатуры 14 дней,на запряжные устройства 14 дней,на матрицы (экраны для ноутбуков) 90 дней. Возможна проверка указанного товара не месте. ПРОШУ НЕ ПУТАТЬ С ПРОВЕРКОЙ ВАШЕГО НОУТБУКА НАШИМИ КОМПЛЕКТУЮЩИМИ. Поверка вашего ноутбука нашим зарядным устройством,что бы понять дело в нем или нет платная./,,,,,,,,,,,,,,
—  Тип поставки OEM /,,,,,,,,,,,,,,,,,
0915034e2274,de6ea271bf9b,Воронежская область,Воронеж,Личные вещи,"Одежда, обувь, аксессуары",Женская одежда,Свадебные платья,44–46 (M),"Свадебное платье, фата","Платье состоит из юбки и топа. Полуобхват талии 35 см, длина от пояса 108см. Топ на корсете. Минус: потерялся шнурок. Фата до пояса. Платье в хорошем состоянии, подол чистый, не порван. Пятен нет. Торг",2000.0,41,2017-03-21,Private,74cf3414382ae4ff489bb5c6fb17816e5bb05d21f6784af871653d306a255895,560.0,0.0
"Дилер ОАО \"\"Дорхан\"\"","ОАО \"\"Алютех\"\"","\"\"Хёрман\"\" с более 15-летним стажем работы в в Ростовской области и Краснодарском крае предлагает установить вам ворота (рулонные",распашные,откатные,секционные),калитки,шлагбаумы и автоматику к ним. Замер бесплатный. Установка с 20% скидкой. /,,,,,,,,,,
be7ca235b2c3,01d2db21def6,Самарская область,Самара,Бытовая электроника,Телефоны,Huawei,,,Huawey P8 lite,,8000.0,1645,2017-03-18,Shop,a701bcd23471ee991b9ae4b5b6579af780e47d1f07be6f830b2e7d15c14007bd,2877.0,0.0
 - Сетчатое окошко в капюшоне/,,,,,,,,,,,,,,,,,
2fb4b4146b6c,89ac00edcad2,Тюменская область,Тюмень,Для дома и дачи,Бытовая техника,Для кухни,Холодильники и морозильные камеры,,LG GA-B379smqa,арт. 80765/,,,,,,,
56f3da80ddf5,625373ef60d8,Владимирская область,Гусь-Хрустальный,Для дома и дачи,Ремонт и строительство,Стройматериалы,,,Продам линолеум,"Продается линолеум Tarkett б/у,в хорошем состоянии ширина 3 м,длина 4 (12кв.м).Самовывоз.",3000.0,14,2017-03-18,Private,076746875792de2a68d237104ecb65cda5106697ed915ef9ee0d70db46184ced,1339.0,0.3535
21355c00ac61,0c35acc9ddad,Омская область,Омск,Хобби и отдых,Спорт и отдых,Фитнес и тренажёры,,,Гантели,гантели по 1кг.,450.0,429,2017-03-19,Private,53dbc0fd80e0380d37f6048272a85389e7fa030e68662fdda3d6f1fbcd3ffca1,2691.0,0.08065
— Лоджия 5.1 метров/,,,,,,,,,,,,,,,,,
Верх: Акрил/,,,,,,,,,,,,,,,,,
364f04a4706d,636a112384f4,Волгоградская область,Волгоград,Личные вещи,"Одежда, обувь, аксессуары",Женская одежда,Платья и юбки,42–44 (S),Юбка,"Юбка весенне-летняя, х/б. До середины колена .",500.0,36,2017-03-22,Company,94ca00818ed8fa5ee64c63f2c574163065b4c8469c2d143e0518d6eee33183ce,375.0,0.0
e22cbb8c1e37,f7b956e74bbb,Челябинская область,Челябинск,Хобби и отдых,Спорт и отдых,Фитнес и тренажёры,,,Гантели по 3 кг литые хром,"Продам гантели по 3 кг литые хром, состояние отличное.забирать на с/з цена 500 руб за 2 шт.",500.0,54,2017-03-16,Private,f76f5c65e6015be692e4dc4e1746901838d89378906449f2a672983e70ba503d,1280.0,0.26443
18b0141be824,5c5e8000f61b,Челябинская область,Челябинск,Личные вещи,Детская одежда и обувь,Для девочек,Платья и юбки,98-104 см (2-4 года),Платье HM,"Платье на девочку 2-3 года, носили мало, в прекрасном состоянии./",,,,,,,
Осмотрим его для вас,сделаем подробный фото-отчет,проверим кузов (пункт №1)./,,,,,,,,,,,,,,,
89c34f62ee5c,e0bb2861d91d,Татарстан,Набережные Челны,Услуги,Предложение услуг,"Ремонт, строительство","Строительство домов, коттеджей",,Архитектурное проектирование,Полный комплекс услуг по архитектурному проектированию и сопровождению проектов на всех стадиях — от составления технического задания до сдачи объектов в эксплуатацию. Мы осуществляет ведение проекта от эскиза до реализации и координацию работы всех подрядчиков. Приоритетное направление деятельности нашей группы — загородные жилые дома и интерьеры.,1.0,7,2017-03-27,Private,,,0.2
- Кровать 2 спальная/,,,,,,,,,,,,,,,,,
5f2b0efd202d,ccaada159b84,Волгоградская область,Волгоград,Услуги,Предложение услуг,"Транспорт, перевозки",Коммерческие перевозки,,Грузоперевозка,Перевозка грузов до одной тонны на автомобиле Газель...,1.0,51,2017-03-27,Company,3d18afde6be881dc64f6db9f90223b746c31b735ac21ed1f71308e07b295b625,1207.0,1.0
Лезвие фурминатора выполнено из нержавеющей стали,"поэтому его не придется менять.\"",1800.0,630,2017-03-28,Shop,e5d9578e5e1a75c7a5ee75486d86c0a0b52ab982e3939c96303e9743e88dc3f3,2745.0,0.0,,,,,,,,,
ef820985f53e,996ae09958e5,Ярославская область,Ярославль,Личные вещи,"Одежда, обувь, аксессуары",Женская одежда,Верхняя одежда,46–48 (L),Продаётся стильная кожанка,Продаётся кожаная куртка с трикотажными вставками. Состояние отличное,490.0,68,2017-03-19,Private,ba4e6d0c055d195cd06ff0eaeb8e374c70ab958d450fb74b784c9725f1eaa4bd,527.0,0.27307
Во дворе несколько детских площадок,Волейбольная,футбольная и баскетбольная огороженные площадки. Видеонаблюдение по всему ЖК и в подъездах домов. В трех минутах ходьбы Инюшенский бор,каток,горнолыжный спуск,трасса бля беговых лыж. Развитая инфраструктура района,детские сады,школа,поликлиника,"магазины и т.д. все в шаговой доступности.\"",2300000.0,11,2017-03-28,Private,4d5bed3496689f43eb427213d27e584d6bdbe8feb27490f9bdcf5ea6601b6e7a,2219.0,0.28443,
8f724a1d9525,7de1a560c2df,Новосибирская область,Новосибирск,Личные вещи,Детская одежда и обувь,Для девочек,Платья и юбки,134-140 см (8-10 лет),Юбка школьная,"Породам юбку школьную, рост 134, производство Берчанка",300.0,16,2017-03-18,Private,8866d8423389b841f8c21cd9af1c18387521f53c590687a013f6a492a7cd1cbe,81.0,0.0
1ae517524cb6,d9092826274b,Ставропольский край,Ессентуки,Для дома и дачи,Мебель и интерьер,Столы и стулья,,,Продам стол,"Стол из натурального дерева оч. Красивый и удобный, новый. круглый, диаметр 107 см, в разобранном виде 160. Торг.",18000.0,28,2017-03-25,Private,3a3e486b0d5c1e7c1f81414edf0ed2aaa726f7fd26f0be71ea3c20cd1b377c80,1530.0,0.0
0fd05f82678e,893873b7809b,Омская область,Омск,Личные вещи,"Одежда, обувь, аксессуары",Женская одежда,Платья и юбки,42–44 (S),Платое от Valentino,"Новое платье Valentino, размер 42-44, пышная юбка, подойдёт на выпускной и свадебный вечер!",5000.0,50,2017-03-16,Private,9e1dfc6a121b7bcc5088159732587c1fe68c23e1004dd1155eb5301325a46c01,399.0,0.0
Остальные вопросы по телефону./,,,,,,,,,,,,,,,,,
-установка химических анкеров/,,,,,,,,,,,,,,,,,
-/,,,,,,,,,,,,,,,,,
отжим при 400 об/мин/,,,,,,,,,,,,,,,,,
• Уровень шумоподавления (динамическое широкополосное,дБ): 20/,,,,,,,,,,,,,,,,
Диагональ/,,,,,,,,,,,,,,,,,
919a0d22654f,bdeb7c405083,Оренбургская область,Оренбург,Личные вещи,"Одежда, обувь, аксессуары",Женская одежда,Платья и юбки,40–42 (XS),Платье,,1000.0,55,2017-03-18,Private,341ff53177f1120cd8c40b165346de68c4d890870e08c8e35d9dfb367c7b4d0c,403.0,0.0
-----------/,,,,,,,,,,,,,,,,,
• Парктроник/,,,,,,,,,,,,,,,,,
- «Все включено M » - 360 р/месяц/,,,,,,,,,,,,,,,,,
Основной разъем питания:/,,,,,,,,,,,,,,,,,
Стандартные разъемы монитора 	DVI,VGA,HDMI/,,,,,,,,,,,,,,,
2a07681f5459,95c8083da11a,Краснодарский край,Сочи,Недвижимость,Квартиры,Сниму,На длительный срок,3,Сниму 3-к квартиру,"Сниму 3-х комнатную квартиру с хорошим ремонтом,не первый этаж!",40000.0,1,2017-03-16,Private,,,0.21103
Имеется сумка переноска(не разу не использовали)/,,,,,,,,,,,,,,,,,
28 - 112 мм/,,,,,,,,,,,,,,,,,
4dafa02faf24,830b60fac12b,Калининградская область,Гусев,Личные вещи,Детская одежда и обувь,Для мальчиков,Другое,,Детские вещи,,50.0,47,2017-03-21,Private,cea74bcd4f1419ad86ce257b9192a3cf876dd666b47e60ec1594be68cd32e764,41.0,0.0
- Количество режимов работы - 4/,,,,,,,,,,,,,,,,,
"ул.Толстого 133\\ с11 до 17 без ВЫХОДНЫХ\\\"",1500.0,2414,2017-03-17,Company,77310c0910faea5901493fc5d97bbb09bab0ad000121efae853fab6a60faca36,86.0,0.0,,,,,,,,,,
"На фото оригинальный кенгуру!\"",900.0,13,2017-03-20,Private,93b793dc762d4f0badb9e2bcfa83e54dda948006ca3734b635306869494a4e13,179.0,0.0,,,,,,,,,,
10b0d3aba78a,5cd074a70cfd,Тульская область,Ефремов,Личные вещи,"Одежда, обувь, аксессуары",Женская одежда,Обувь,36,Новые женские кожаные ботинки,"Продаются абсолютно новые женские полуботиночки фирмы Rieker из натуральной кожи. Очень мягкие, легкие и удобные. Внутри утепленные. /",,,,,,,
"Если покупаете все цена составит 1100 рублей\"",7.0,18,2017-03-26,Private,28f7c9e03cdcab40d7432ac60c600ec5b236516cef736e15e7424ae11cfcf72a,1500.0,0.0,,,,,,,,,,
Выбрав наш автосалон,Вы всегда сможете получить Индивидуальный подход к каждому клиенту./,,,,,,,,,,,,,,,,
Есть выбор планировок и этажей(87,9кв.м. и 96,4 кв.м,)/,,,,,,,,,,,,,,
b85ab368c805,61234102ddd5,Башкортостан,Уфа,Услуги,Предложение услуг,"Ремонт, строительство",Остекление балконов,,Маскитные сетки,"Избавим от назойливых насекомых , с помощью маскитных сеток, уже в течении 3 дней после заказа. Цена: 1шт. - 1190 р. от 2шт. - 890 р. УСТАНОВКА БЕСПЛАТНО!",890.0,7,2017-03-22,Private,704e2c42ec08ff635373a3960cdc13cebddc85af666823297fbc5506b5cb3b9c,1403.0,0.2
"По всем вопросам можете звонить по телефону или писать в WhatsApp.\"",2600.0,20,2017-03-21,Private,c77b19c1db5d8594f7aedf5b476c6318147587b8ca0dc0431441a1ba8c8cb0eb,425.0,0.0,,,,,,,,,,
— Запасное колесо ( неполноразмерное )/,,,,,,,,,,,,,,,,,
Магазин: ТЦ Малахит,0 этаж/,,,,,,,,,,,,,,,,
Голубой /,,,,,,,,,,,,,,,,,
Сотрудники магазина готовы продолжать работу с новым владельцем. /,,,,,,,,,,,,,,,,,
Люлька:/,,,,,,,,,,,,,,,,,
7a7333da7b88,1418eda63672,Свердловская область,Екатеринбург,Хобби и отдых,Спорт и отдых,Фитнес и тренажёры,,,Suunto ambit3 sportcoral (HR),новые !!! В магазине в районе 31 000 рублей./,,,,,,,
f06660dc35ab,1e3da82e8c2b,Краснодарский край,Краснодар,Личные вещи,"Одежда, обувь, аксессуары",Женская одежда,Платья и юбки,42–44 (S),"Платья,юбки","Платье(Love Republik): Носила 1 раз,так что состояние отличное.Платье точно такое же,как и на фото. Отлично подойдет на выход.Размер 42-44(S) Цена 1300р. /",,,,,,,
Емкость аккум. (мА·ч): 3 260/,,,,,,,,,,,,,,,,,
1bf49b2a2d4a,806a2702ce52,Кемеровская область,Кемерово,Для дома и дачи,Бытовая техника,Для кухни,Холодильники и морозильные камеры,,Холодильник nord group,"Продам холодильник Ноу Фрост внешне в хорошем состоянии, недостаток требуется замена компрессора, ремонт обойдется в 5 тыс.руб.  Морозильная камера в рабочем состоянии. Самовывоз.Торг.",5000.0,60,2017-03-17,Private,bf769f51d1447a5ea12afb789e730b16ba8c28f7fb008548146f573f05cc8823,1806.0,0.0
новые оригинальные вещи с ярлыками. для занятий спортом,100% полиэстер. куплены в интернет магазине,не подошли по размеру(по длине). на рост от 170 и выше./,,,,,,,,,,,,,,,
Размеры:/,,,,,,,,,,,,,,,,,
92296a0bcd43,d48edb60bd7b,Пермский край,Пермь,Личные вещи,Детская одежда и обувь,Для девочек,Обувь,24,Ботиночки р. 24 (стелька 15 см),"Ботиночки р. 24 (стелька 15 см), красивые, в хорошем состоянии.",200.0,51,2017-03-25,Private,af645b229672cba0987ae57cb0a4804c0cc0239510646ab41620f80b818715ec,88.0,0.0
02PA Болты - секретки/,,,,,,,,,,,,,,,,,
897577842a59,7a52598c1b05,Иркутская область,Иркутск,Для бизнеса,Готовый бизнес,Торговля,,,Продам павильон разливных напитков,"продам право аренды по продаже разливного пива. Павильон в большом торговом доме, хорошая проходимость , конкурентов нет.8 кранов, 2 охладителя. Холодильная витрина, горка под снеки, короб под сигареты все в собственности. Два обученных продавца, работают посменно. Павильон работает, можете сразу заберать выручку. Поставщиков передадим, начинающим все покажем. Успевайте скоро сезон",130000.0,29,2017-03-17,Private,0bb1294dde5275fd576f853eb3b61c5cbf7846249eaed3ad666c581bc9970d5c,2266.0,0.25218
Формат аудио/,,,,,,,,,,,,,,,,,
2ee4d91b756e,5b6464fd4779,Челябинская область,Златоуст,Личные вещи,Детская одежда и обувь,Для мальчиков,Комбинезоны и боди,98-104 см (2-4 года),Джинсовый комбинезон,Продам джинсовый комбез. На  рост 92-98. Состояние хорошее,350.0,202,2017-03-15,Company,419d2bb8404ad8cae19f53977f70eb873ce9ceefe8c5849c33df3a50a043a744,42.0,0.0
"Отсутствует вход мп3 (видно на фото)\"",2500.0,1,2017-03-23,Private,a360a7d3766fe085a4e3660d2c188fdcf9f1ed3e83d52d7aaba57fd89a8e23cb,2908.0,0.29413,,,,,,,,,,
842425d24708,44ff32b9566d,Тюменская область,Тюмень,Животные,Другие животные,С/х животные,,,Продам коз,,4000.0,11,2017-03-17,Private,1afd6776daf479c1814c7c6659cd3cec5619326668c776f02536b393a366806b,2189.0,0.36204
***Предоставляем транспорт грузоподъемностью: полторы,трех,пяти,семи,десяти,пятнадцати,двадцати,тридцати тонн./,,,,,,,,,,
"шестиклинка годе  р 170-92-100  совершенно новый\"",2500.0,44,2017-03-19,Private,70e1e39ad8632b232c4e89f373070667ec99dce3362c7d63338469734d1440e4,564.0,0.0,,,,,,,,,,
- Приехать к нам в магазин/,,,,,,,,,,,,,,,,,
a40bd30cb4d1,1b160eb3c04d,Ростовская область,Ростов-на-Дону,Недвижимость,Коммерческая недвижимость,Сдам,Помещение общественного питания,,"Помещение общественного питания, 950 м²","Центр, Буденновский. Сдается  готовый  ресторан  в отдельно стоящем строении. Общая площадь  950 кв.м, 1-й эт., фасад выходит на центральную улицу.  Пешеходный трафик  высокий, состояние отличное.  Лот (10540К).",500000.0,124958,2017-03-27,Shop,50567ecc7d09c7d63d862a9164c3d782afa797ef91e4df6f8c9923797ea18cee,2217.0,0.06266000000000001
e1d1c0ce215f,30a6877f3f9b,Самарская область,Тольятти,Недвижимость,Земельные участки,Продам,"Сельхозназначения (СНТ, ДНП)",,"Участок 13.65 га (СНТ, ДНП)","Предлагается к продаже земельный участок в с. Выселки.  Площадь 1 365 006 кв.м.  Земли с/х назначения.       Собственность юр. лица.        Кадастровый №  63:32:0000000111:71    От  асфальтовой дороги 2 км.  До  газопровода и эл. сетей тоже 2 км.   Цена 7,8 млн.  руб.",7800000.0,337,2017-03-16,Company,6b059415fbe5bb5e2eebb2135b70d61d64f44ed67af883ca84442ccdfda685cd,1156.0,0.0
Энергоэффективность: 1,8 Дж/Мх;/,,,,,,,,,,,,,,,,
---------------------/,,,,,,,,,,,,,,,,,
Количество программ обработки звука: 11 для каждого из двух каналов/,,,,,,,,,,,,,,,,,
"Звоните в любое время.\"",300.0,24,2017-03-15,Private,eca3a8878ac66674a68a782283b28c3e94d74c1ea04e1e37c0e59ec85bb59f9c,629.0,0.12111,,,,,,,,,,
e5f08f09099d,6ec447d084fc,Новосибирская область,Новосибирск,Хобби и отдых,Коллекционирование,Грампластинки,,,Классика,отличное состояние выбор,50.0,893,2017-03-20,Company,9de1cf2ce20c11e2c6b5d669745b529b78d2e5c70c5e8be238242b37264cbe52,3049.0,0.18705
- Установка септиков,колодцев./,,,,,,,,,,,,,,,,
— Тип товара: Электронные барабаны/,,,,,,,,,,,,,,,,,
27d633ab2c26,1b6b1b3cf9fb,Челябинская область,Челябинск,Личные вещи,"Одежда, обувь, аксессуары",Женская одежда,Верхняя одежда,46–48 (L),Шуба норковая,Продам шубу норковую. В хорошем состоянии. Провезена из Греции. Очень теплая.,15000.0,8,2017-03-21,Private,0ccff9479946a771d9dc2c238c52dde1568b059955be8a41c26aaaab76917fc4,544.0,0.0
a0b3e19b845c,75cd4311c1da,Красноярский край,Красноярск,Личные вещи,"Одежда, обувь, аксессуары",Аксессуары,,,Женская сумка в виде лайма,Вкусная летняя сумочка ждёт свою хозяйку!/,,,,,,,
Кухня/,,,,,,,,,,,,,,,,,
62e7b131cbe0,5e14aa8d9ac9,Воронежская область,Воронеж,Личные вещи,Детская одежда и обувь,Для девочек,Другое,,"\"Школьная форма коллекция \"\"рио\"\"\"",Школьная форма одним пакетом. Звонить с 9-00 до18-00.Все вещи одного цвета.,500.0,7,2017-03-21,Private,2d2754a485f33bd44272911df010477229ae4144a6a756d98f7d263d33de4969,73.0,0.0
- два боковых кармана с местом под бутылку или флягу;/,,,,,,,,,,,,,,,,,
Наш сотрудник ответит на все интересующие Вас вопросы по телефону. Звоните в рабочее время!/,,,,,,,,,,,,,,,,,
ПОЧЕМУ СТОИТ ОБРАТИТЬСЯ ИМЕННО К НАМ?/,,,,,,,,,,,,,,,,,
Вес 1.35 кг/,,,,,,,,,,,,,,,,,
e67722809a1d,4d5cbddb96f6,Новосибирская область,Новосибирск,Для дома и дачи,Мебель и интерьер,Шкафы и комоды,,,Вешалка для вещей ikea,"Пользовались год , продаём за ненадобностью .",700.0,6,2017-03-18,Private,4e252625333de8babbc8c636060dd874607738bb46d658e9b877144b97dd4d8b,1522.0,0.26852
Шлейф матрицы Acer Aspire 6530 [GLEDD0ZK2LC200080924 REV. 3A] (Б/У)/,,,,,,,,,,,,,,,,,
" \"",8700.0,4992,2017-03-17,Shop,371d284266d186887648c19cd278cac7e922abd765b67b612d5ff71873f4d692,2792.0,0.0697,,,,,,,,,,
Широкое и просторное сиденье./,,,,,,,,,,,,,,,,,
0c0beefd95b4,823741afdf8a,Красноярский край,Красноярск,Личные вещи,"Одежда, обувь, аксессуары",Женская одежда,Обувь,38,Туфли,Продам,1000.0,129,2017-03-28,Private,e84beec08c0810c6b8975045d7ebc14d74d7e81719e86bd41fcc8d79625036db,450.0,0.0
06ccad996b21,38e1acbd6aed,Краснодарский край,Краснодар,Недвижимость,Квартиры,Продам,Студия,Вторичка,"Студия, 37.7 м², 5/7 эт.",Просторная студия 37 м2 (1-комнатная квартира свободной планировки). Можно сделать евродвушку!/,,,,,,,
память 4 Гб,слот для карты памяти/,,,,,,,,,,,,,,,,
Вспышка Nikon Speedlight SB-900 + Два Софтбокса для вспышки /,,,,,,,,,,,,,,,,,
3e4e0503631f,6fa7a036d18d,Краснодарский край,Марьянская,Недвижимость,Коммерческая недвижимость,Сдам,Офисное помещение,,"Офисное помещение, 54 м²","Сдам в аренду офисное помещение 54 кв.м. по трассе Краснодар - Темрюк около ст. Марьянской (15 км от г. Краснодара), 2/3 этаж. Новый ремонт, сплит-система, интернет, без мебели. Стоимость 13500 руб/мес. + коммунальные платежи.",13500.0,14,2017-03-17,Private,bc7c0b2c70a4f36ce805cc9e87a765b521516eea05e61c6bbf87301e628f8bd4,1086.0,0.04694
895c51ac89f7,fb1694827e3c,Кемеровская область,Междуреченск,Для дома и дачи,Посуда и товары для кухни,Посуда,,,Хрустальная ваза,Возможно отправка почтой россии,600.0,34,2017-03-22,Private,ceff512a2bec4918bf1535817781f78fe591b1bb6e31fd7e70625f2889f819fa,1628.0,0.0
faa6bebafcc5,cb417ac2a29d,Тюменская область,Тюмень,Для дома и дачи,Ремонт и строительство,Стройматериалы,,,Швелер,,700.0,14,2017-03-21,Private,8c3cf3064c2af1b0f3fb3978012d057aeeb5ed4f743bac662f549dc33ce8d311,1199.0,0.0
8c84869c61a9,eda4838a7a61,Пермский край,Соликамск,Личные вещи,"Одежда, обувь, аксессуары",Женская одежда,Обувь,37,Ботильоны весна-осень,"Надевала один раз на свадьбу. Продаю, потому что стали маленькие после родов. в отличном состоянии. смотреть в Боровске",900.0,205,2017-03-22,Company,82accfbcea967e8f464a46d7ed4551fb786ae6bd60ce0836daf77d6f3cf17e49,450.0,0.0
a001f3b9e691,efa2e3bf2276,Воронежская область,Воронеж,Для дома и дачи,Посуда и товары для кухни,Посуда,,,Бочка для кваса,Продам бочку для кваса 25 л-3 шт,3000.0,1,2017-03-17,Private,,,0.0
Датчики/,,,,,,,,,,,,,,,,,
возможна работа без внешней видеокарты,т.к. в процессоре встроена интегрированное видеоядро. Потянет танки на минималках,war thunder то ж на минималках./,,,,,,,,,,,,,,,
У вас есть прекрасная возможность существенно сэкономить./,,,,,,,,,,,,,,,,,
4) камера PS Eye/,,,,,,,,,,,,,,,,,
/,,,,,,,,,,,,,,,,,
/,,,,,,,,,,,,,,,,,
/,,,,,,,,,,,,,,,,,
/,,,,,,,,,,,,,,,,,
/,,,,,,,,,,,,,,,,,
/,,,,,,,,,,,,,,,,,
/,,,,,,,,,,,,,,,,,
/,,,,,,,,,,,,,,,,,
/,,,,,,,,,,,,,,,,,
/,,,,,,,,,,,,,,,,,
/,,,,,,,,,,,,,,,,,
/,,,,,,,,,,,,,,,,,
/,,,,,,,,,,,,,,,,,
/,,,,,,,,,,,,,,,,,
/,,,,,,,,,,,,,,,,,
/,,,,,,,,,,,,,,,,,
/,,,,,,,,,,,,,,,,,
/,,,,,,,,,,,,,,,,,
/,,,,,,,,,,,,,,,,,
/,,,,,,,,,,,,,,,,,
/,,,,,,,,,,,,,,,,,
/,,,,,,,,,,,,,,,,,
/,,,,,,,,,,,,,,,,,
/,,,,,,,,,,,,,,,,,
/,,,,,,,,,,,,,,,,,
/,,,,,,,,,,,,,,,,,
/,,,,,,,,,,,,,,,,,
/,,,,,,,,,,,,,,,,,
/,,,,,,,,,,,,,,,,,
/,,,,,,,,,,,,,,,,,
Комплектация: Жёсткий и мягкий чехлы,салфетки для протирания линз/,,,,,,,,,,,,,,,,
76461a7d178b,002c7dc877bf,Омская область,Омск,Для бизнеса,Оборудование для бизнеса,Другое,,,Глонас,Предназначен для мониторинга транспорта. Используется на маршрутных перевозках в городе Омске.,5000.0,66,2017-03-26,Company,,,0.0382
светлая чуть больше  на 120  длина 42см./,,,,,,,,,,,,,,,,,
19ee67bc5178,db791c2e0e8e,Башкортостан,Уфа,Хобби и отдых,Музыкальные инструменты,Для студии и концертов,,,Shure sm 58,продам микрофон shure sm58 slx2/slx4 в хорошем состоянии,15000.0,22,2017-03-17,Private,7cdb7b43c874693c3ad51b23ff64f245732d83b90e4c58d7c1f7fea4b9a8be6c,2497.0,0.2957
ОПРЕДЕЛЕНИЕ ТОЧНОГО МЕСТОПОЛОЖЕНИЯ. Отображение реальных GPS координат вашего ребенка прямо на экране вашего телефона./,,,,,,,,,,,,,,,,,
9312cb78a8c8,c629f45173b0,Омская область,Омск,Личные вещи,Детская одежда и обувь,Для мальчиков,Трикотаж,74-80 см (7-12 мес),Кофты,,300.0,82,2017-03-22,Private,5cf1771a5acbfcb0447225002424aba42c98e40fcefdfe216068e48488ada262,41.0,0.0
"Рады видеть Вас в нашей \"\"Карамельке\"\" /",,,,,,,,,,,,,,,,,
Характеристики:/,,,,,,,,,,,,,,,,,
"Состояние отличное!\"",33000.0,1459,2017-03-15,Company,89c76d4308c192420e7b1f0a3582adfd4fccbc4187e9e20846fbb116720ebe69,2946.0,0.0,,,,,,,,,,
945edcc7c41a,ed1da00816c8,Тюменская область,Тюмень,Личные вещи,"Одежда, обувь, аксессуары",Женская одежда,Обувь,36,Новые макасины,"Совершенно новые, не носились ни разу. Продам в связи с тем,что не подошел размер/",,,,,,,
Контрастность/,,,,,,,,,,,,,,,,,
Шаг ребер воздухоохладителя: 4,2 мм/,,,,,,,,,,,,,,,,
65c3e11d9aea,fefe4cba2436,Ставропольский край,Ставрополь,Бытовая электроника,Телефоны,iPhone,,,Айфоны 4 S Комплект завод полный,Продаю телефон в идеальном состоянии Айфон 4 s объём памяти на 16 г.,6700.0,2,2017-03-21,Company,46a6fb4f033aec065e96fc344b581da20b0647cf3b6bc2d19a761073d8a014d7,2918.0,0.03386
58c3171c38af,099d51d4b812,Краснодарский край,Краснодар,Услуги,Предложение услуг,"Ремонт, строительство",Ремонт квартиры,,Ищем работу,"Монтаж ГКЛ, ламинат,амстронг,ремонт и установка металопластиковых окон,утепление и отделка балкона ПВХ панелями и МДФ  и сопутствующие работы!ЦЕНА ДОГОВОРНАЯ!",100.0,1,2017-03-21,Private,,,0.2
3dfd2370d144,1121791b7bf0,Владимирская область,Владимир,Личные вещи,Товары для детей и игрушки,Игрушки,,,Lego City 4432 Мусоровоз,Конструктор б/у для мальчиков от 5 до 12 лет. Полный комплект. В отличном состоянии. Инструкция в наличии. Упаковочной коробки нет.,850.0,32,2017-03-16,Private,9a89d0aa7eaef4f8eba5e2cec0d4bdef02c316ba72c8c69cbf94790c50159fec,902.0,0.47525
Бассейн с териленовым покрытием/,,,,,,,,,,,,,,,,,
a138a8eec57c,bf6b6a8bf284,Челябинская область,Челябинск,Личные вещи,"Одежда, обувь, аксессуары",Женская одежда,Рубашки и блузки,46–48 (L),Рубашка женская Элис,"Рубашка одета раза три , состояние очень хорошее .",500.0,18,2017-03-28,Private,a06ca57bf1827558b196816e88c6a4bc2bc0f5915c52df6654ba78e491718da2,415.0,0.0
eaa41344968f,33edc228713d,Татарстан,Казань,Личные вещи,Детская одежда и обувь,Для мальчиков,Другое,,Сумка-переноска,Продам новую сумку переноску как для мальчиков так и для девочек,500.0,1,2017-03-19,Private,38a2abcdc15e721d076c53c55e640a5a92b237735bf1b6ab4bd3b0ed97e5fa65,999.0,0.0
504647d36abb,175ef1329ee6,Краснодарский край,Армавир,Хобби и отдых,Билеты и путешествия,Путешествия,,,3-4 июня. Карнавал в Геленджике!,МЫ ЖДАЛИ ЭТО СОБЫТИЕ ЦЕЛЫЙ ГОД!!! /,,,,,,,
f8a20addbb41,5d5afa9009ee,Иркутская область,Иркутск,Транспорт,Водный транспорт,Моторные лодки,,,Лодочный мотор Honda 20,"Продаю лодочный мотор Honda 20 со стартером, 4-х тактный. Эксплуатировался мало,  2009 года выпуска, все документы, чек.  В комплекте аккумулятор, бак под бензин на 50 литров, защита винта, крылья для быстрого выхода на глиссер. Цена 95000 т.р./",,,,,,,
- пружинная амортизация,мягкая подвеска;/,,,,,,,,,,,,,,,,
• ТОВАР В НАЛИЧИИ! Наручные часы (более 600 мод.),солнцезащитные очки (более 1000 мод.), ремни (более 100 мод.)./,,,,,,,,,,,,,,,
➢ У нас самый большой выбор ноутбуков и нетбуков./,,,,,,,,,,,,,,,,,
ДОПОЛНИТЕЛЬНАЯ ИНФОРМАЦИЯ:/,,,,,,,,,,,,,,,,,
Аудио/видео/,,,,,,,,,,,,,,,,,
Высота короба: 350;/,,,,,,,,,,,,,,,,,
ecdd8fa1f637,c7f31db47e70,Краснодарский край,Армавир,Личные вещи,"Одежда, обувь, аксессуары",Женская одежда,Обувь,39,Итальянские сапоги,,1500.0,73,2017-03-18,Company,68545326a1e0d3dbd26fb02c9ef3fb6fd3ce1d22ef270814e83a8cc56d215ecb,489.0,0.0
110*120 - 1499 р./,,,,,,,,,,,,,,,,,
Приводится в движение нажатием на педаль./,,,,,,,,,,,,,,,,,
— память 16 Гб,слот для карты памяти/,,,,,,,,,,,,,,,,
Находятся в садовом кооперативе в Чертовицах./,,,,,,,,,,,,,,,,,
d90b01c730a5,60e8d7773d2c,Красноярский край,Красноярск,Личные вещи,"Одежда, обувь, аксессуары",Женская одежда,Обувь,40,Туфли новые,,1500.0,78,2017-03-24,Private,825f5bfe6ea376a62dc0a8a4791d3b3f46ca2878d6297f2add07aa91c924621e,425.0,0.0
Материал корпуса: латунь /,,,,,,,,,,,,,,,,,
"Цвет: Black (чёрный)\"",350.0,65,2017-03-24,Company,8d43b865c0fe1c55fb0792b21f2afbf3d80d6c929d45c48ace8b7ee1574a65d7,2899.0,0.0,,,,,,,,,,
Кейс/,,,,,,,,,,,,,,,,,
444556e23659,6224f21638a1,Свердловская область,Екатеринбург,Личные вещи,"Одежда, обувь, аксессуары",Женская одежда,Нижнее бельё,Без размера,Бюстгалтер Victoria's Secret,Оригинал! Новый. С пуш-ап. Красивого красного цвета. Модель весьма не обычна☝,2200.0,17,2017-03-25,Private,b254ca960ad0662c1eff7ff1b71863ed3eefca852cd59844bc98464c04d8b0f9,552.0,0.0
a3bbfbd3c0b1,e14543e7833e,Краснодарский край,Темрюк,Недвижимость,"Дома, дачи, коттеджи",Сниму,Дом,На длительный срок,Сниму дом,"Сниму дом с отдельным двором,порядочность и своевременную оплату гарантирую,готова сотрудничать с агентом по недвижимости,оплатить его работу только по факту заселения или с собственником.",8000.0,236,2017-03-15,Company,,,0.12797
8. Кухни под КЛЮЧ (бытовая техника ★ каменные мойки)/,,,,,,,,,,,,,,,,,
"✔добавляйтесь в нашу группу ВКонтакте - \"\"Мир удивительных товаров - Нижний Тагил\"\" /",,,,,,,,,,,,,,,,,
"Не ремонтировалась\"",4000.0,5,2017-03-23,Private,d0f9706803d8103b571d72363d5e01b05a72e843a1c24e4b038e0920bcf3807b,1986.0,0.0,,,,,,,,,,
возможен ОБМЕН плати СТАРЫМИ играми для Sony Playstation 3 / Xbox 360 за ТОПОВЫЕ НОВЫЕ для Sony Playstation 4 / Xbox One/,,,,,,,,,,,,,,,,,
36e581f0e9df,56e68a952d47,Оренбургская область,Бузулук,Транспорт,Мотоциклы и мототехника,Мотоциклы,Дорожные,,Иж Юпитер 7,Продам ИЖ Юпитер 7 в хорошем состоянии. С документами.Все вопросы по телефону.,25000.0,20,2017-03-17,Private,02869b3d3642791d851d4f999bf1f5d7a902e4ff5ed6bb3628e58725516127e5,1138.0,0.0
87e9896a3779,c6639d384080,Саратовская область,Саратов,Личные вещи,"Одежда, обувь, аксессуары",Женская одежда,Верхняя одежда,42–44 (S),Джинсовая безрукавка,,100.0,13,2017-03-16,Private,838d2f663ede4c23793ff77d8a0b83f2abf2207f3e7ed8496c9941a72fa34064,667.0,0.0
Экран: 15.6 WXGA/,,,,,,,,,,,,,,,,,
98dccb22d230,f24a15d76b8c,Белгородская область,Старый Оскол,Услуги,Предложение услуг,"Ремонт, строительство",Отделочные работы,,"Внутренняя отделка квартир, коттеджей",Бригада. Ремонт. Качество.Все виды внутренней отделки.,,1,2017-03-20,Private,1ef437cc0610f02a6f2798c7d5de280d7dcef21615b6a58db1e59e01e4d74ceb,1191.0,0.4
d17e353a9672,722a808053d7,Самарская область,Самара,Бытовая электроника,Аудио и видео,Телевизоры и проекторы,,,Samsung PS42C430A1W,"На запчасти. Звук есть, нет изображения. Небольшая трещина в экране.",1500.0,10,2017-03-18,Private,b9f9ea2acca0558a9fb3402b6e9382bfcf8ceab49df493d5a8a1d76fbaef5020,3023.0,0.0
9919e6f6a43b,bd7cac4a352f,Красноярский край,Назарово,Животные,Птицы,,,,Утки,"Продам уток.Можно живьем, можно мясом.Живьем-800р, мясом-350р кг.",800.0,1,2017-03-26,Private,,,0.36867
"WhatsApp.\"",4900.0,52,2017-03-15,Company,6e15659099305991d3400e98b8f8d522cf73a38debf2418248a6e081ff3389f9,2896.0,0.29168,,,,,,,,,,
Монтаж - сборка рамки под углом 45 градусов /,,,,,,,,,,,,,,,,,
b2421286e777,6cd6db7c4d22,Белгородская область,Белгород,Недвижимость,Квартиры,Продам,3,Вторичка,"3-к квартира, 60 м², 5/9 эт.","Продается очень уютная квартира, шикарный вид из окна,   рядом 2 школы, 4 садика, поликлиника, во дворе дома гараж, дом 2-х подъездный всегда есть где поставить машину. Звоните торг уместен.",3500000.0,5,2017-03-15,Private,74e2804c2545868627bcda07d09b07c9a51b77ea54267316649315fd789f07a4,1202.0,0.23888
./,,,,,,,,,,,,,,,,,
./,,,,,,,,,,,,,,,,,
Максимальный воздушный поток/,,,,,,,,,,,,,,,,,
186ec81b1f96,d6b94f58dda7,Нижегородская область,Дзержинск,Личные вещи,Детская одежда и обувь,Для девочек,Обувь,36,Ботинки,"Ботинки на девочку, размер 35-36, цвет черный",300.0,52,2017-03-19,Private,2184924aa059e79206a7dcb90c1f77c321f0705607103818a30e5b4c95e0a1f3,436.0,0.80323
b7d15a4235dc,fd994092a417,Татарстан,Казань,Для дома и дачи,Бытовая техника,Для кухни,Холодильники и морозильные камеры,,Холодильник,В хорошом состояние.Кто заберет до 20марта-500руб,5000.0,5,2017-03-18,Private,4b8489fac8efc5a8544885d782dccb27061763b60b642dae63bc6ebf3637b657,1809.0,0.2879
Питание: завтрак,обед и ужин/,,,,,,,,,,,,,,,,
c8b07eaf64da,d12f5d227830,Краснодарский край,Краснодар,Для дома и дачи,Ремонт и строительство,Сантехника и сауна,,,Система от протечек Нептун ProW 1/2,"Система контроля протечки воды Neptun ProW предназначена для быстрого своевременного обнаружения и локализации протечек воды в системе водоснабжения, отопления и охранных системах жилых домов, коттеджей, административных зданий, а также в системах диспетчеризации. Система заблокирует подачу воды до устранения причин протечки и проинформирует о возникшей аварии звуковым и световым сигналами, а также выдаст сигнал на внешнее устройство./",,,,,,,
- имеет удобное месторасположение,транспортную развязку, подъезд,заезд/,,,,,,,,,,,,,,
302f3ff2a154,0b4b74492966,Ростовская область,Ростов-на-Дону,Недвижимость,Квартиры,Продам,1,Вторичка,"1-к квартира, 24 м², 8/9 эт.","Гостинка на ЗЖМ/Еременко, 8/9 панель, 24/12/6, состояние хорошее, остается вся мебель, идеально под квартирантов или для собственного проживания. Неугловая, чистый подъезд. Балкон застеклен./",,,,,,,
Год выпуска 2000-е/,,,,,,,,,,,,,,,,,
0b3db9af52d0,6b3fbb464e86,Омская область,Омск,Бытовая электроника,Товары для компьютера,Мониторы,,,Монитор,,1500.0,1,2017-03-25,Private,abe40dec0f81bba1c533bd94955a8f71e6ef577bf1e03687dcb606365c3226f5,2840.0,0.10286
Гарантия адекватных цен обеспечивает работа напрямую с надежными операторами Anex..Tez Tour..Sunmar..Pegas..Coral Travel.Вы получите максимальную скидку от цены на сайте оператора/,,,,,,,,,,,,,,,,,
Скупаем торговое (холодильное,нейтральное) /,,,,,,,,,,,,,,,,
c55d3afd1d42,58806bb530d4,Ставропольский край,Изобильный,Недвижимость,Квартиры,Продам,3,Вторичка,"3-к квартира, 104 м², 5/5 эт.","Качественный ,свежий дом . Индивидуальное  отопление и горячая вода. В хорошем состоянии .Туалет, ванная ,коридор и кухня -плитка и керамогранит. Кухня и коридор -теплые полы электрические. В комнатах ламинат.Имеется частично мебель ( прихожка, спальня , шкаф в гардеробе, диван .Домофон подъездный. Качественная железная дверь с видео домофоном. В цоколе имеется подсобное помещение с полками 8м2. Есть гаражи:  капитальный 6×4 с подвалом 700м  от дома ( на  Атланте)     и  6×6  2 уровня  (на  газопроводе). Можно обмен. Рассмотрю все варианты.",2600000.0,1,2017-03-26,Private,91483c22fbf242f1b3a8236a1ec7d1343f27237d12ef768834ffae0a89fc45bd,2221.0,0.00965
Защитное стекло Samsung A720F (полное покрытие 3D) Синее/,,,,,,,,,,,,,,,,,
Ширина основной АС/,,,,,,,,,,,,,,,,,
e749d5aea1f0,efb3d568008e,Ростовская область,Гуково,Личные вещи,Часы и украшения,Ювелирные изделия,,,14.03./147/308505-пирсинг золотой 585 пробы,Золото Б/У в хорошем состоянии!!/,,,,,,,
d0b06fe37f9d,04f21171f387,Омская область,Омск,Для дома и дачи,Растения,,,,Бамбук Мосо,1 упаковка = 30 семян./,,,,,,,
00614243c768,dc7302ecb6ad,Челябинская область,Челябинск,Для дома и дачи,Ремонт и строительство,Инструменты,,,Полировочная машина,Продам абсолютно новую полировочную машину. Все вопросы по телефону.,8500.0,1,2017-03-26,Private,f86501988b0dbb9425c6220585a2ea73b26180a0e9f7631ee54a0ae3504504c7,1231.0,0.0
12d3dda57ef5,4e864c26e666,Челябинская область,Сатка,Недвижимость,Квартиры,Сниму,На длительный срок,2,Сниму 2-к квартиру,"Сниму двухкомнатную квартиру в районе улиц Солнечная, Пролетарская, Бакальская, Металлургов( новый дом). /",,,,,,,
— Выход наушников: 3.5/,,,,,,,,,,,,,,,,,
7472324077c1,9d2a62f67cca,Татарстан,Казань,Бытовая электроника,Товары для компьютера,Комплектующие,Видеокарты,,Видеокарта palit,,3500.0,40,2017-03-20,Company,5a914ecf53d85dc868f793ca6f364a26cefd3e09bcfdc2542e27fce08c79f58e,2865.0,0.0
Каналы: Clean/overdrive/,,,,,,,,,,,,,,,,,
Объект расположен в 12 минутах езды от самой большой транспортной артерии г.Челябинска автодорога «Мередиан» /,,,,,,,,,,,,,,,,,
884cd604fec1,1a7890134879,Ставропольский край,Ставрополь,Для дома и дачи,Растения,,,,Средства защиты растений,"Наим., кол-во, год пр-ва, цена за 1 л:/",,,,,,,
Толщина покрытия общая,мм	3.3/,,,,,,,,,,,,,,,,
Touch ID работает/,,,,,,,,,,,,,,,,,
01c96b196b01,47f1d66af168,Татарстан,Казань,Транспорт,Автомобили,С пробегом,Hyundai,Elantra,"Hyundai Elantra, 2003","Автомобиль в хорошем состоянии, пробег 140 миль, продаю в связи с покупкой нового автомобиля. Все вопросы по телефону.",227000.0,9,2017-03-16,Private,f35252829029fe7afc351ecb046f2976d78bbb7cff5a92633c13475381cdb0bc,2264.0,0.0
унисекс/,,,,,,,,,,,,,,,,,
Управление/,,,,,,,,,,,,,,,,,
7bd574fa1cfc,6b32d434bacc,Татарстан,Казань,Бытовая электроника,Телефоны,Sony,,,Sony xperia D5303,Продам телефон или обменяю комплект только телефон есть две трещины по углам на работу не влияет,7500.0,20,2017-03-26,Private,3c8cc73c24ffcddc2da20e654efea2dc098c6b437e31b892c32dfb40701d3c43,2929.0,0.0
a61366e72c84,97fd7788570a,Тюменская область,Тюмень,Для дома и дачи,Ремонт и строительство,Сантехника и сауна,,,Септик 7 кубов Доставлю,Продам новый септик 7 кубов. Могу привезти и установить./,,,,,,,
9fe8fc89a0fe,ed60f66f1196,Саратовская область,Балаково,Бытовая электроника,"Игры, приставки и программы",Игровые приставки,,,Sony Playstation 3,320 Гб/,,,,,,,
1a65b2260b1a,1e7a192cbad0,Кемеровская область,Новокузнецк,Бытовая электроника,Телефоны,Samsung,,,Самсунг а 5 2016,"Идеальное состояние,документы, гарантия 1 месяц",13990.0,109,2017-03-20,Company,57fedf291770312500d26a79e32319103f257345f12d6262ff1b63599530d9e3,2932.0,0.0
Князь Серебряный./,,,,,,,,,,,,,,,,,
c98f8319509c,7c8a0a3643fe,Нижегородская область,Нижний Новгород,Личные вещи,"Одежда, обувь, аксессуары",Аксессуары,,,Cebe,Новые очки/,,,,,,,
3e44edbf2203,5764ecbc92d0,Башкортостан,Уфа,Личные вещи,Часы и украшения,Часы,,,Часы- пульсометр Garmin Vivoactive HR,"Часы- пульсометр с функцией GPS Garmin Vivoactive HR, новые, восстановленные производителем, с годовой гарантией, из США. Датчик пульса встроен в часы",14500.0,89,2017-03-22,Private,50b37a2d0371f1219c62c152d53136b833848e28c218896a276aefa07d12709a,34.0,0.0
Страна происхождения: Россия/,,,,,,,,,,,,,,,,,
Удельный расход топлива,на тонну прессуемой массы,кг/т 0,2-0,5/,,,,,,,,,,,,,
Ставрополь,ул. Южный обход 4 Домикс Центральный (напротив овощного рынка и автомобильного рынка,бывший магазин Крискентия) c 9 до 18 часов/,,,,,,,,,,,,,,,
d164a4f997cd,27887cffcaef,Ярославская область,Ярославль,Личные вещи,Детская одежда и обувь,Для девочек,Комбинезоны и боди,62-68 см (2-6 мес),Костюмчик,Костюмчик для девочки. Отличное состояние.,200.0,25,2017-03-17,Private,6778c60d0acf6086e1203a0975a50de9773047cc5def97036b7f8dcdec4bcdb1,123.0,0.0
— Возможность оплаты по факту/,,,,,,,,,,,,,,,,,
6703b6da2839,f45043519946,Ростовская область,Ростов-на-Дону,Личные вещи,Детская одежда и обувь,Для девочек,Платья и юбки,98-104 см (2-4 года),Майки в ассортименте,Продаю майки в ассортименте от 2-4 лет. По 100₽,100.0,196,2017-03-15,Company,ce7df068871ed99e9d4b2977ff2f53b5663b603c5c864d1edd7808ab02ddce0a,111.0,0.0
Адрес: г. Воронеж Ул.Хользунова 35 ост. Памятник Славы/,,,,,,,,,,,,,,,,,
Сообщите,пожалуйста,при звонке номер заявки №38599,чтобы мы смогли дать интересующую Вас информацию оперативно! /,,,,,,,,,,,,,,
e7440350cbe4,f7061dcab24d,Свердловская область,Екатеринбург,Личные вещи,"Одежда, обувь, аксессуары",Женская одежда,Верхняя одежда,42–44 (S),Парка теплая,"Продам парку демисезонную, теплую. Б/у, в очень хорошем состоянии. На рост 170-176 см. Рукава с трикотажными резинками, что создает дополнительное утепление. Подойдет для девочек-подростков.",500.0,26,2017-03-20,Private,3df3e66998d612730c64dedb8d44baf8519bdfbebc2923b0b8dd31eb46217650,645.0,0.0
b92a82148100,5db43b67d402,Свердловская область,Екатеринбург,Транспорт,Автомобили,С пробегом,Ford,Focus,"Ford Focus, 2008","В техническом в исправном состоянии все менялось во время. Требуется замена правого крыла, бампера, правой фары и птф, так как был удар в правую сторону на езду не влияет. Летняя резина на литье новые колеса. Продаю в связи переездом в другой город и делать автомобиль совершенно нет времени. Реальному покупателю торг при осмотре.",290000.0,3,2017-03-20,Private,,,0.25391
Вилветовые штаны на 5 лет -200 руб./,,,,,,,,,,,,,,,,,
dcb54ad841a8,d174961e41ab,Свердловская область,Екатеринбург,Личные вещи,Детская одежда и обувь,Для девочек,Обувь,25,Кроссовки adidas,"Продам фирменные кроссовки adidas. Легчайшие, состояние отличное. Стельки ortholite. Размер 25, по стельке 15,5 см. Краснолесье, возможно Центр.",600.0,59,2017-03-22,Private,32dbc44e4b9b8b0761525cd583897c900edad698d97af7008eecc773d632a147,86.0,0.80323
Регулируемая подножка./,,,,,,,,,,,,,,,,,
621ca407facb,b1c166520f46,Свердловская область,Екатеринбург,Личные вещи,"Одежда, обувь, аксессуары",Женская одежда,Верхняя одежда,44–46 (M),Красивые вещи,"Милые девушки , продаются красивые вещи:/",,,,,,,
В комплекте:/,,,,,,,,,,,,,,,,,
HA: 1920×1080 50i,High@L4.0,VBR	17	18/,,,,,,,,,,,,,,,
OEM - уцененный товар /,,,,,,,,,,,,,,,,,
02be782eaf3d,128e59148773,Нижегородская область,Навашино,Личные вещи,Красота и здоровье,Средства гигиены,,,Подгузники для взрослых,"продам подгузники для взрослых номер3,4 цена 500 рублей за упаковку.пеленки 400 рублей за упаковку.",500.0,3,2017-03-28,Private,,,0.0
b120ce7ed914,ac99446cfebb,Омская область,Тара,Недвижимость,"Дома, дачи, коттеджи",Сниму,Дом,На длительный срок,Сниму дом,Сниму дом с последующим выкупом в районе 3-4 школ.,,3,2017-03-21,Private,,,0.17262
75bf941618c7,62458cac6a30,Самарская область,Самара,Для бизнеса,Оборудование для бизнеса,Для салона красоты,,,Турбосолярий Powerdome Uwe класс премиум по-во Ger,ТурбоСолярий Powerdome Uwe класс премиум по-во Germany 2008 г . 48 ламп 200w. 1500 часов выработки . На обслуживании в компании Меджик Сан . Пульт администратора . Возможен торг.,50000.0,1,2017-03-15,Private,317e93d4d7fd9d0be90e63f0bcdfb55aae68a8a933f88187213c4efea16d0d54,723.0,0.0
Каркас выполнен из стали,позволяющей сделать конструкцию максимально прочной и легкой. Специальное ведро,стульчак и крышка изготовлены из качественного пластика,устойчивого к воздействию санитарных растворов и другой гигиенической обработке. Откидные подлокотники дают большее пространство для маневра ухаживающему лицу при пересадке инвалида в кресло. Кроме того,они оснащены высокими боковыми ограничителями./,,,,,,,,,,,,,
"Длина:до колен\"",2000.0,192,2017-03-21,Shop,0b95955b354d014f3f977b65a76119ffec2c029e9377a0d1f8fa32cf323ea876,82.0,0.0,,,,,,,,,,
Возможны рассрочки./,,,,,,,,,,,,,,,,,
Интерфейсы - Wi-Fi 802.11n,Bluetooth 4.1,IRDA,USB/,,,,,,,,,,,,,,
"Бесплатный расчет. Доставка. Монтаж.\"",216.0,544,2017-03-22,Company,34fcd4233485de472af6784a0d1fef7d18db6e6384f1b8ebc1ca2ab8c5edca9c,1320.0,0.0,,,,,,,,,,
* iPhone 5S 64GB Gold - 15 000₽ /,,,,,,,,,,,,,,,,,
2d97321a25ed,8a5bec40e69b,Свердловская область,Нижний Тагил,Личные вещи,Товары для детей и игрушки,Игрушки,,,"\"Цветан из мультфильма \"\"тролли\"\"\"","\"Ознакомьтесь с полным ассортиментом нашего магазина, нажав на синюю ссылку \"\"Мир удивительных товаров\"\"/",,,,,,,
"Книга в отличном состоянии\"",300.0,13,2017-03-15,Private,a2013847ea58a42917163542c8602d037d26c1b31eac1ee74105eee28d3e309b,1035.0,0.0,,,,,,,,,,
"Сиденье съемное для стирки.\"",1000.0,41,2017-03-27,Private,38c7c269539901c129bde0e1856100cb72cacae6afc97e0bc1d0f5eedd9c04c2,853.0,0.0,,,,,,,,,,
3dba1805992a,880b25aee115,Татарстан,Набережные Челны,Личные вещи,"Одежда, обувь, аксессуары",Аксессуары,,,Сумка новая,"Продаю новую сумку фирмы David Jones. Одно отделение на молнии. Внутри два кармана для мелочей на передней стенке, карман на молнии на задней стенке. Сзади карман на молнии. Размеры: Длина: 33 см. Ширина: 10 см. Высота (без ручек): 23 см. Цвет черный. Качество отличное!!!Заказывала через совместные покупки, не обратила внимание на размер, думала будет меньше размером. В магазинах стоят сумки этой фирмы в 2-3 раза дороже.",1250.0,57,2017-03-23,Company,6500bbf813a7b2f0d3b4d778642ebce3073c24ef3ce8d4a726b6787e1321b36a,293.0,0.0
Новое сцепление,куллер,турбина,колодки!резина 50%  масло не ест! ЦЕНА 750 т.р.!!!/,,,,,,,,,,,,,,
d6f1513acc98,ec325f9fc2b2,Башкортостан,Уфа,Бытовая электроника,Телефоны,Samsung,,,Новый Samsung Galaxy j1 mini,Продается совершенно новый смартфон. /,,,,,,,
4dfdb20687f3,aa9969f9eb44,Краснодарский край,Геленджик,Бытовая электроника,Телефоны,,,,Samsung galaxy note 5,"Note 4 в идеальном состоянии, экран без царапин, коробка, документы в наличие. В подарок 2 чехла. Обмен на Note 5.",20000.0,122,2017-03-28,Company,b751278464509b1fe272d07b95676e99b729052def285fa8100844946f33ca64,2932.0,0.0
"Пластиковые окна. Газовая плита. Электро разводка по всей квартире. Радиаторы Отопления. Счётчики.\"",1400000.0,157,2017-03-19,Company,91b08523d2523538baf54de1c9c75244267dbf218601d6b42d68423ca98bc1a3,2221.0,0.0,,,,,,,,,,
По всем вопросам можете обращаться по номеру Или WathsApp/,,,,,,,,,,,,,,,,,
01aaed07ced4,12c5d4b9eb55,Свердловская область,Лесной,Бытовая электроника,"Игры, приставки и программы",Игровые приставки,,,Продаю Sony Playstation,"Приставке 7й месяц из них 6 она лежит без дела, имеются все документы. Комплектация: 1 джойстик, все провода, 4 игровых диска (дум, драйвер клаб, фар край 4, один из нас). Покупал за 40 тыс.",19000.0,4,2017-03-15,Private,fe2f4cd766766856b3a247ed7526308162acc1985cd3f5fa42b78ba7cdec9252,2898.0,0.0
===============================================================/,,,,,,,,,,,,,,,,,
пользовались аккуратно. пленка на экране./,,,,,,,,,,,,,,,,,
Сахалинская область (м)/,,,,,,,,,,,,,,,,,
5a7147c28220,fc86d1888c19,Новосибирская область,Новосибирск,Личные вещи,Детская одежда и обувь,Для девочек,Брюки,122-128 см (6-8 лет),Брюки gatti р.122-128,"Новые с итикеткой, очень стильные, из вискозы.Тонкие. Внизу манжет на пуговицах. Под поясом складочки.",450.0,112,2017-03-21,Private,469a68a178dcb5e6606932c9bf6f618b02ff6cceba490d19510a490929384931,659.0,0.0
Размер 57 х 107 см. /,,,,,,,,,,,,,,,,,
Оболочка: iOS 9/,,,,,,,,,,,,,,,,,
Компания «Потолок-Альянс» .Нас рекомендуют и советуют друзьям./,,,,,,,,,,,,,,,,,
8d2e6d0d4ba9,8a0a950a0f07,Краснодарский край,Сочи,Личные вещи,Детская одежда и обувь,Для девочек,Платья и юбки,146-152 см (10-12 лет),Платье,Платье нежно розового цвета.,500.0,65,2017-03-24,Company,dc7c55b8ae2116f8806e5bcc57b3d393c11af514c219998502248f45ccae83f0,560.0,0.0
не была в эксплуатации,"даже не подключали к сети\"",12000.0,5,2017-03-20,Company,8d8918ec0d39c0f5d256124dd2c763e4112e3da4e1c84ca87bb3f9c4aed6473a,1786.0,0.0,,,,,,,,,
d54a181d929a,d9c22af61b38,Волгоградская область,Волгоград,Бытовая электроника,Телефоны,Другие марки,,,Продам vertex Impress XL,Продаю телефон. Цена 6500 (9 месяцев гарантии) /,,,,,,,
ручка обтянута эко кожей;/,,,,,,,,,,,,,,,,,
Мы не раз уже пристраивали слепых животных и с уверенностью можем сказать,что это полноценные члены семьи! Хозяева слепых животных говорят что не замечают слепоты собак! Они настолько адаптируются,отлично ориентируются. /,,,,,,,,,,,,,,,
"уместен торг\"",8500.0,14,2017-03-21,Private,1e192914bd0d616ff727415ab5420160366d48ad3ed4a2d5bb702d4b8d882f95,2918.0,0.30352,,,,,,,,,,
г. Белгород,пр-т Славы,дом 6/,,,,,,,,,,,,,,,
М. Ильин. Воспоминания,необыкновенные путешествия Захара Загадкина. 250 руб./,,,,,,,,,,,,,,,,
Автоматическая установка жесткости воды	есть/,,,,,,,,,,,,,,,,,
bd0f1541b2e4,87d43b9909ca,Саратовская область,Саратов,Личные вещи,Товары для детей и игрушки,Игрушки,,,Дуга тини лав солнечная,"Отличная игрушка для самых маленьких. Надежно крепиться на коляску, автомобильное кресло, манеж, электронные качели.Чистая, но утеряны подвесные игрушки. Район музейной площади. Звоните после 10.00",500.0,42,2017-03-15,Private,316227810aad45a3fc782e0461156dcdc8c3e5dc3ae407340b41c79882e102a7,930.0,0.0
2ba6ef99891d,5580c9d933bb,Саратовская область,Саратов,Личные вещи,"Одежда, обувь, аксессуары",Женская одежда,Обувь,37,Кожаные туфли.Италия,Шикарные туфли.Выгуливались 2-3 раза.Любителям платформы.Натуральный лак.Хорошая профилактика на подошве.Удобнее колодки не бывает.,1800.0,118,2017-03-27,Company,1e61c05f8a1067fbf5bdd67b16bdd52e9f2fd1308c9a5e2162c426653bb33120,450.0,0.0
 ● Цвет: Черный/,,,,,,,,,,,,,,,,,
В нашем магазине представлено большое кол-во радиоуправляемых моделей: машин,вертолетов,квадрокоптеров,для детей и взрослых. Цены от 1500 рублей. Звоните и приезжайте,магазин находится в центре города./,,,,,,,,,,,,,
44d1a80d5e1f,8b3de5e2a982,Саратовская область,Саратов,Для дома и дачи,Мебель и интерьер,Другое,,,Книжные полки,,500.0,4,2017-03-22,Private,37e4b4d203af5d821f756e98a3324b12c9eb8e2a226398c82446cad61230924e,1517.0,0.0
b716f0da08f6,8d99a80b983a,Челябинская область,Магнитогорск,Услуги,Предложение услуг,"Охрана, безопасность",,,Bидеонаблюдение,Компания УральскиеСистемыБезопасности  предлагает в Челябинской области и Башкортостане:/,,,,,,,
Румыния – 5000 лей 2003г = 40р/,,,,,,,,,,,,,,,,,
— Обода: сталь/,,,,,,,,,,,,,,,,,
7c30e2c91849,1a3fadd57006,Иркутская область,Иркутск,Личные вещи,Детская одежда и обувь,Для мальчиков,Верхняя одежда,74-80 см (7-12 мес),Демисезонный костюм,"Демисезонный костюм для мальчика, рост 80 см, в отличном состоянии, лицевой материал - непромокаемый полиэстер, наполнитель- синтепон, подклад - хлопок. Можно стирать в стиральной машине, не требует глажки.",800.0,26,2017-03-24,Private,3765332662a511819f5d08cf1e18075646610129a26e7e55936cbb9b87bb0107,94.0,0.0
a3d88fd59370,289f47e9e380,Красноярский край,Красноярск,Бытовая электроника,Телефоны,ASUS,,,Asus ZenFone 3 Max ZC520TL 16GB (серебристый),"Хороший телефон,куплен в декабре,ходила недели 2,т.е. Телефон новый)/",,,,,,,
b3495db6d120,82002288580d,Пермский край,Чайковский,Для дома и дачи,Ремонт и строительство,Стройматериалы,,,Двп 270*170,,220.0,11,2017-03-23,Private,,,0.0
аккумуляторы: AAAx2/,,,,,,,,,,,,,,,,,
639c3ab651a8,6911a7c9aaba,Белгородская область,Белгород,Личные вещи,"Одежда, обувь, аксессуары",Женская одежда,Платья и юбки,46–48 (L),Платье,,300.0,70,2017-03-23,Private,3a8dce6eca7f91fdcfe9c0aa51c82c90abeb1e30acb685edad80622f02629c29,399.0,0.0
007912/,,,,,,,,,,,,,,,,,
пассивное/,,,,,,,,,,,,,,,,,
Рег-ка пас. сиденья (По горизонтали)/,,,,,,,,,,,,,,,,,
Купить товар можно:/,,,,,,,,,,,,,,,,,
НГЛ-1,6 Ленточный       1,6х3 мм - кл 1. с отв.крепления 5Н8 мм-6шт./,,,,,,,,,,,,,,,
Ширина шасси/,,,,,,,,,,,,,,,,,
Размер/,,,,,,,,,,,,,,,,,
8f3cc890e635,9a21397cebec,Ставропольский край,Ставрополь,Услуги,Предложение услуг,"Охрана, безопасность",,,Установка систем контроля доступа,"Составим рабочую план схему и проект, подберем оборудование и установим систему СКУД (электромагнитные и электормеханические замки, турникеты и калитки). Составим договор, гарантийное обслуживание, наличный и безналичный расчет.",5000.0,6,2017-03-26,Company,,,0.125
3bf0a84da2cb,97e626809359,Самарская область,Самара,Бытовая электроника,Телефоны,Другие марки,,,"Doogee F5 Новый. 8 ядер/3Гб оперативки, 4G сеть","Продам Doogee F5. Абсолютно новый. Восьмиядерный с 3ГБ оперативной памяти и 4G(LTE) сетью. Металлическая окантовка, сканер отпечатков пальцев, диагональ 5,5 дюймов, разрешение экрана 1920х1080,. Подробные характеристики:/",,,,,,,
ЖК-телевизор,LED-подсветка,/,,,,,,,,,,,,,,,
Отдельно кофточки 900р./,,,,,,,,,,,,,,,,,
653cd6ee5063,3b48f143d6eb,Свердловская область,Среднеуральск,Недвижимость,Комнаты,Продам,,,"Комната 18 м² в 4-к, 3/4 эт.","Комната  18 кв.м. в СРЕДНЕУРАЛЬСК. Ул. ДЗЕРЖИНСКОГО, д. 38. Состояние в комнате и местах общего пользования ОТЛИЧНОЕ! 3/4. Квартира малонаселённая. Коммуникации новые. ИПОТЕКА ВОЗМОЖНА. Возможен обмен на 1(2х)-комнатную квартиру Среднеуральск, В. Пышма.",950000.0,3,2017-03-15,Private,02e1b48a7d6e866d41def47985941ff16b55f35eb59d5d2f7d6d366e9cef7fc7,2219.0,0.12575999999999998
78594daf5ade,3393e7909054,Ростовская область,Ростов-на-Дону,Животные,Собаки,Стаффордширский терьер,,,Милые детки,Щеночки с документами РКФ./,,,,,,,
724e3219ed33,4938312450c0,Башкортостан,Уфа,Личные вещи,Детская одежда и обувь,Для мальчиков,Верхняя одежда,98-104 см (2-4 года),Куртка демисезонная,Куртка демисезонная фирменная в отличном состоянии. На возраст 3-4 года. На синтепоне.,1000.0,11,2017-03-23,Private,4423e54ae129da0b36d9b8d658e99e961d5db5cda9bbb0e20cc126e42b50fa11,51.0,0.0
- Объем встроенной памяти 4 г/,,,,,,,,,,,,,,,,,
2fd0df7641be,c7d4a7d4efb7,Тульская область,Тула,Хобби и отдых,Велосипеды,Горные,,,Отличный велосипед для начинающих,"Продаю горный велосипед Alpine Element Quark 5.0(21 скорость). Велосипед в отличном состоянии, катался всего около 10 раз(состояние видно на фото). Хороший и недорогой вариант для начинающих.",10500.0,11,2017-03-25,Private,94758408e8b285f6d8208f99ba6539ab04a2f7ef269add671c33c7ff34b6b403,2368.0,0.82668
Компьютер:/,,,,,,,,,,,,,,,,,
высота 9 см/,,,,,,,,,,,,,,,,,
Можно тереть любые овощи(очень хорошо капусту для засолки) и твердые фрукты.Быстро,"легко.Крепится к столу одним нажатием.\"",300.0,1491,2017-03-25,Private,30b71474421574d0eaf6bc0ef9119ca66a592a1b3bd6b141e211a9ffdc07c5f4,1672.0,0.0,,,,,,,,,
Продаем б/у ноутбуки исключительно в хорошем состоянии! Все полностью протестированны и готовы к использованию. В комплекте с ноутбуками идет зарядное устройство и документы. Всегда в наличии более 25 различных моделей ноутбуков!/,,,,,,,,,,,,,,,,,
"3.75-100мм\"",,21,2017-03-24,Private,,,0.0,,,,,,,,,,
Характеристики: /,,,,,,,,,,,,,,,,,
46445adbccb4,e632bc906dc9,Пермский край,Пермь,Личные вещи,Детская одежда и обувь,Для мальчиков,Трикотаж,Без размера,Новые колготки. Разные цвета и размеры,"\"НОВЫЙ ТОВАР ИЗ МАГАЗИНА \"\"TINY ANGEL\"\"!/",,,,,,,
Одевали один раз!/,,,,,,,,,,,,,,,,,
- электрика/,,,,,,,,,,,,,,,,,
высокие потолки,линолеум,2 веранды утепленные,пластиковые окна,печное отопление,вода,слив. Гараж(под машину) и мотоцикл,баня,летняя кухня,хоз.постройки.1 погреб на улице,1 в летней кухне,подполье большое в доме.Земельный участок-20сот. Рядом школа,остановка общественного транспорта,магазин,детская и взрослая поликлиника.Улица относится к 1 категории,освещена,в зимний период всегда чистят снег с дороги.Цена 1800 т.руб /,
Оси Osman KOC (или BPW Heavy Duty eco plus3/SAF Intradrum CD/SAF Intradisc CD - за доплату)/,,,,,,,,,,,,,,,,,
Торг. Район фокуса,"самовывоз.\"",4000.0,23,2017-03-28,Private,5020b51de10852ac9945fd3a2d1dcf8fa185397fb1a79dc8f80bfc013b16e27d,2370.0,0.2727,,,,,,,,,
Качественные детали,100% совместимость./,,,,,,,,,,,,,,,,
Galaxy Star Plus GT-S7262 / GT-S7260/,,,,,,,,,,,,,,,,,
9c7613c01cb2,658769bd597b,Краснодарский край,Краснодар,Недвижимость,Квартиры,Куплю,1,,Куплю 1-к квартиру,КУПЛЮ КВАРТИРУ ПО РАЗУМНОЙ ЦЕНЕ НЕ ДОРОГО ТОЛЬКО ОТ СОБСТВЕННИКОВ,,4,2017-03-16,Private,,,0.48978
"Звоните!\"",1.0,3029,2017-03-17,Shop,ed089c1ba6b328a0a77d810c7ab9f7d9e27347b0e457e2514d75ab8bf1bcf14a,1817.0,0.0716,,,,,,,,,,
Сочетание музыки и движения поможет ребенку успокоиться,а также развить цветовое и звуковое восприятия,"эмоциональный интеллект. Состояние идеальное.\"",1600.0,14,2017-03-18,Private,5f2fe708050f15899430574eb5a949115a6072e884707aa8349c359b08cb96bf,960.0,0.0,,,,,,,,
К сожалению мне оказались чуть-чуть маловаты.../,,,,,,,,,,,,,,,,,
3e9ec22e4970,e4d58abd3177,Красноярский край,Красноярск,Личные вещи,Детская одежда и обувь,Для мальчиков,Обувь,22,"Суперфит, 22 размер","Ботиночки Суперфит, б/у, 22 размер.",950.0,41,2017-03-23,Private,07a05547241829b389aef9831148677ca4f5256e09b21a113c6a987e97d5ba7c,47.0,0.0
d4b060e48dd4,1c515d3cdec3,Ростовская область,Ростов-на-Дону,Бытовая электроника,Настольные компьютеры,,,,Быстры компьютер HP,Продаю свой компьютер./,,,,,,,
8d5b747c9a36,7c9f495ed762,Тульская область,Щекино,Личные вещи,Товары для детей и игрушки,Детские коляски,,,Детская коляска Esperanza Classic 2 в 1,"Детская коляска Esperanza Classic 2 в 1 из ЭКО-КОЖИ - стильный, классически роскошный транспорт для Вашего малыша. /",,,,,,,
Позволяет из комнаты 2 смотpеть каpтинку с видеомагнитофона,pесивеpа или DVD,"установленных в комнате 1 и упpавлять ими (вам просто надо взять пульт ДУ с собой или использовать дополнительный программируемый пульт. То-есть соединяет в себе VideoSender (2.4Ghz) и pадиоудлинитель инфpакpасного ДУ. Два блока - пеpедатчик и пpиемник (входы и выходы типа RCA/\"\"тюльпан\"\")./",,,,,,,,,,,,,,,
d39b9229a85b,2ebc82180243,Краснодарский край,Сочи,Личные вещи,"Одежда, обувь, аксессуары",Женская одежда,Обувь,< 35,Красавки б/у,"Кроссовки Reebok в отличном состоянии,размер 35,5",1000.0,30,2017-03-25,Private,c5a97848a21758201e60e0692a0d896ec84e4e7095e233563df13d3b50bfcbe1,423.0,0.80323
- доставляете до почты или ТК/,,,,,,,,,,,,,,,,,
* YC-6 ( сменник цвета для вязальных машин SILVER) 2 шт. - цена за единицу 16500.00/,,,,,,,,,,,,,,,,,
96905b84164c,3c6567d2eb85,Татарстан,Казань,Бытовая электроника,Товары для компьютера,Джойстики и рули,,,Руль игровой,,1000.0,133,2017-03-25,Company,d22856c54a3afa6de2fbc8f26c14a662e7b2835af2b7352648f72028aa70acc5,2832.0,0.33973000000000003
0f1eb1808743,698279de33f2,Омская область,Омск,Бытовая электроника,Аудио и видео,"Акустика, колонки, сабвуферы",,,Акустическая система,"Док станция для iPhone 4-4S и IPod отличный звук, возможность работы от батареек, и подключение через кабель наушников!",3500.0,3,2017-03-24,Private,defbe727fc51ca3333e2a1bee7130a29ea63d108ea793de9f03f2036fa84a99a,3031.0,0.0
bcfba84c04f9,51962a8d01f1,Татарстан,Альметьевск,Услуги,Предложение услуг,"Праздники, мероприятия",,,Верка Сердючка,Выступление Верки Сердючки со своей шоу-программой на вашем вечере. Юмористическо-вокальное шоу. Исполнение хитов звезды производится артистом в живую ! Программа рассчитана на 25-30 минут. Все подробности по телефону.,3000.0,68,2017-03-15,Private,5b5692b3cf0995913f40f36be4a0abde3ad3297d33f1cb485436c53f0056edc1,2280.0,0.5
Input: microUSB/,,,,,,,,,,,,,,,,,
df25fe8b447e,7c1d488e69d8,Нижегородская область,Дзержинск,Личные вещи,Детская одежда и обувь,Для мальчиков,Комбинезоны и боди,98-104 см (2-4 года),Комбинезон джинсовый,В хорошем состоянии. Разм. 96-102см.,400.0,20,2017-03-20,Private,0f3147378b003312fc453292f19ffd6db360679c345535d3cd2b819ce530152d,42.0,0.0
b6af1d5b3ba8,1042aa612edc,Алтайский край,Волчиха,Недвижимость,"Дома, дачи, коттеджи",Продам,Дом,,Дом 40 м² на участке 10 сот.,Продам дом. Хороший тёплый. Имеются хоз постройки.,120000.0,1,2017-03-21,Private,b4135a6902262d7e769fb77039b94fb14a516e648811cc21c59d3fda8db5bf80,1338.0,0.39569
Устройство для чтения карт памяти	есть /,,,,,,,,,,,,,,,,,
☀ Тур 05.06 на 8 дней🔥🌟🙏/,,,,,,,,,,,,,,,,,
облегченная алюминиевая рама с возможностью установки детских автокресел 0+ от основных европейских производителей/,,,,,,,,,,,,,,,,,
06f0997e32d3,2960a5cff2fc,Пермский край,Пермь,Хобби и отдых,Коллекционирование,Другое,,,Противогаз СССР,В отличном состоянии. Забирать на Карпинского,500.0,310,2017-03-25,Company,7da8c8d973e1a7f3182524e2696c4b1a41cf247feee1b3b144de3c5a8e8b1335,2378.0,0.0
Вес маховика: 8/,,,,,,,,,,,,,,,,,
Светодиодная лампочка: 2,5 В 0,25 А,свет белый./,,,,,,,,,,,,,,
Интернет	нет	 /,,,,,,,,,,,,,,,,,
44852f8ba659,df59ee56379a,Нижегородская область,Нижний Новгород,Транспорт,Автомобили,С пробегом,Volkswagen,Passat CC,"Volkswagen Passat CC, 2012","Состояние автомобиля отличное, все обслуживание исключительно по сервисной книжке у официального дилера, пройдено расширенное ТО в декабре 2016 года. Автомобиль на гарантии./",,,,,,,
Пол Мужской / женский/,,,,,,,,,,,,,,,,,
Нахожусь: ул.Cоветская,8  /,,,,,,,,,,,,,,,,
eab13b96274f,456d9baa363c,Волгоградская область,Волжский,Личные вещи,Товары для детей и игрушки,Детские коляски,,,Детская зима-лето коляска,"Коляска зима-лето, состояние нормальное, есть люлька-переноска, дождевик, накидка, колеса съемные. Есть один недочет- не раскладывается спинка( при наличии мужа можно починить)",1500.0,3,2017-03-21,Private,,,0.08033
Возраст 5 месяцев./,,,,,,,,,,,,,,,,,
"По всем вопросам писать смс на звонки не отвечаю.\"",400.0,30,2017-03-17,Private,07c53504207a1c13755a651163f32033c14d63054dbc2cbe3f41983460278160,641.0,0.20728,,,,,,,,,,
+ Все модели прошли пред продажную подготовку./,,,,,,,,,,,,,,,,,
Фронтальная камера (Мп) /,,,,,,,,,,,,,,,,,
Эвакуатор дешево срочно Набережные Челны,Елабуга,Нижнекамск,Менделеевск,"Мензелинск\"",800.0,1,2017-03-22,Private,8da99ba5c59cdc7c8685419db0d887d690795cf4e6e5533c912e748673f1cfce,1056.0,1.0,,,,,,
►►►► ☎ Звоните! 🌞 Пишите whatsapp!◄◄◄◄/,,,,,,,,,,,,,,,,,
e3ce604b127e,7894aed40b37,Тюменская область,Тюмень,Личные вещи,Детская одежда и обувь,Для девочек,Верхняя одежда,98-104 см (2-4 года),Пальто весна,"Пальто на весну на тонком пуху в идеальном состоянии, покупали за 4000р носили один сезон, в подарок теплые легинсы. На худенькую девочку 2-4 лет",1500.0,72,2017-03-17,Private,ea7ac8f5f1a28eb7eab28c4afb39c5648e53276433791a8bba72fe8fafab868e,95.0,0.0
db8df9b75051,1f1c45cc223e,Татарстан,Казань,Личные вещи,Детская одежда и обувь,Для девочек,Обувь,21,Сапожки детские,"Сапожки весна-осень,размер 21 (по стельке 15 см),в отличном состоянии",500.0,7,2017-03-15,Private,916d4f6ca647e71a1cd50025543ef42d04eeb25bf8d8277ad8b7f1f3c77b2f94,91.0,0.12459
a82f0280627a,2da3a6713fbc,Белгородская область,Старый Оскол,Транспорт,Автомобили,С пробегом,ВАЗ (LADA),2110,"ВАЗ 2110, 2011","Продам ВАЗ 2110 (BOGDAN) 2011г.в. в отличном состоянии. 1 хозяин. Не бит. В родной краске! Обработана, проклеяна шумкой. Подробности по телефону на фото.Реальному покупателю торг у капота!!!",223000.0,2,2017-03-22,Private,a6b3cf507018f0afb6cc24a1dc5d3c72d960d91c34f296f0c298e64b06e0eef5,1118.0,0.6957
Проба: 585/,,,,,,,,,,,,,,,,,
Характеристики: CL11 DIMM DR x4 w/TS Server Hynix C/,,,,,,,,,,,,,,,,,
29171c134766,640851f49542,Белгородская область,Белгород,Недвижимость,Комнаты,Сдам,На длительный срок,,"Комната 20 м² в 2-к, 8/11 эт.","Ком услуги уже включая, больше ничего не платить, Wi-Fi плачу сама, от собственника сдаю койко место парню или мужчине, только порядочному. Все подробности по телефону.",3500.0,557,2017-03-27,Company,,,0.23738
Пока объявление на сайте,"квартира сдается.Все расчеты только после заселения.\"",11000.0,134,2017-03-19,Shop,53046114c100f9934089e7f57501328e0105f326a9a23e67ad53f8a291299bb1,1409.0,0.41261,,,,,,,,,
02ace8874d89,0257e6bdf96c,Ханты-Мансийский АО,Сургут,Личные вещи,"Одежда, обувь, аксессуары",Женская одежда,Рубашки и блузки,> 50 (XXL),Кофточки блузки,,500.0,4,2017-03-27,Private,822417dd09b929175e67946b62cccb4d19e2d1551e2a47452f33ec1a2f6356a6,399.0,0.13301
08785023b341,d902e17fc7f5,Оренбургская область,Оренбург,Животные,Собаки,Мопс,,,Продам мопса,Продам мопса девочка 1.8г очень активная любви обильная. В еде не прихотливая. К туалету приучина. Только в хорошие руки . Переезд.,7000.0,4,2017-03-26,Private,2a741895b990b085f1367fde545fd037c93798c6ae5e1d345e084cc6cfb67b6a,2102.0,0.78503
62504a94318c,901a1635fc30,Ростовская область,Зверево,Недвижимость,Квартиры,Продам,2,Вторичка,"2-к квартира, 50.5 м², 3/5 эт.",Продается 2-х комнатная квартира улучшенной планировки на 3-ем этаже кирпичного дома. Комнаты изолированы. Ламинат в коридоре и на кухне. Сделан косметический ремонт. Квартира теплая. Есть застекленный балкон.,800000.0,1,2017-03-19,Private,a8ceea6b27aa4e03ecb8dfc24678416554909b29bfbcdc175e0212f9cbdb83e8,2219.0,0.12895
601bf3cd3c86,e93619b513b8,Новосибирская область,Новосибирск,Личные вещи,Детская одежда и обувь,Для девочек,Верхняя одежда,74-80 см (7-12 мес),Комбинезон пуховый,"Пуховый комбинезон фирмы Baby Go. Размер 80 см. Состояние отличное. Носили только начало зимы на выход, так как ребёнок быстро вырос, ошиблись с размером. Внутри хлопковый подклад, мех и капюшон съёмный. В комплекте варежки и ботиночки. Комбез прострочен ромбиками, поэтому при стирке пух остаётся на своём месте, не комкается. /",,,,,,,
500ba3ea2b55,f090bc342d5c,Краснодарский край,Краснодар,Для дома и дачи,Бытовая техника,Климатическое оборудование,Кондиционеры,,Сплит системы Rovex и Ballu с гарантией на 3 года,Гарантия на сплит системы 3 года. Все модели Bally и Dantex. Бесплатная доставка. Установка от 2500р./,,,,,,,
В счет берем вашу старую (неисправную) технику!/,,,,,,,,,,,,,,,,,
1cabbc8f050d,c6a56356d964,Волгоградская область,Волгоград,Личные вещи,"Одежда, обувь, аксессуары",Женская одежда,Обувь,39,Мокасины 39 размера для девушки,"Мокасины 39 размера для девушки. Приятного болотного цвета. По стельке - примерно 24,5-25 см. Состояние отличное. Дочка носила немного, т.к. стали малы. Советский район",350.0,27,2017-03-18,Private,f8a5a21e9555cf466ae4d3c907cd7da4ac3eb70862c54595d9702f10b2939bd5,636.0,0.80323
1aa1d6441d4b,68755f1ef198,Свердловская область,Екатеринбург,Личные вещи,Детская одежда и обувь,Для девочек,Верхняя одежда,110-116 см (4-6 лет),"\"Куртка для девочки д/с р-р110 ф.\"\"orby\"\"\"",1000 /,,,,,,,
— Кованые ворота и калитка придают индивидуальности и оригинальности любому экстерьеру,способны облагородить приусадебный участок. У них эффектный внешний вид. Такие ограждения смотрятся всегда богато и изысканно. Каждое изготавливается по индивидуальному проекту,поэтому имеют свой декор и размер./,,,,,,,,,,,,,,,
Число пикселей на дюйм (PPI) — 323/,,,,,,,,,,,,,,,,,
"Подходит под покупку с помощью материнского капитала.\"",750000.0,43903,2017-03-20,Shop,52474782fea9ad4025c0d1b89af23dad3fe1c4f814137040e9392f365dcce23b,1296.0,0.02805,,,,,,,,,,
fc308026e444,c4f82e2da4c5,Нижегородская область,Нижний Новгород,Личные вещи,"Одежда, обувь, аксессуары",Женская одежда,Верхняя одежда,> 50 (XXL),Весенний плащ,"Ярко красный весенний плащ без синтепона.Размер 54/56.Плащ новый,бирки срезаны.",1200.0,106,2017-03-16,Company,eed7e69b4d44d6a0eb51d06c8368fcdfb475c0a44857b522fd8a2a80aa0a1c77,535.0,0.29886
9a1e893525db,29581caab3aa,Нижегородская область,Нижний Новгород,Личные вещи,Детская одежда и обувь,Для мальчиков,Обувь,24,Резиновые сапоги котофей детские на овчинке 24 раз,"Одевали два раза, в отличном состоянии , очень хорошие",700.0,21,2017-03-23,Private,a12f858a16c6f7f6fd15e43a14225afb96437334f1843b8a68230d85aaa24930,48.0,0.0
5205fa2bba7a,dcd71d63fa70,Калининградская область,Зеленоградск,Транспорт,Автомобили,С пробегом,Mitsubishi,Galant,"Mitsubishi Galant, 2003","Требуется косметический ремонт, но ездить можно! Торг реальному покупателю у капота!",190000.0,6,2017-03-21,Private,fac93c2044bac24656951e74da20037934a68c6903487ad1f9e356386b384c25,1113.0,0.0
- Собственное ТСЖ (IV квартал 2017 г)/,,,,,,,,,,,,,,,,,
b1bce2b75fb5,19d9f7d5a895,Саратовская область,Саратов,Услуги,Предложение услуг,"Ремонт, строительство",Отделочные работы,,Отделка под ключ,"Производим ремонтно строительные работы любого вида и сложности, от социального до элитного./",,,,,,,
"Подмышечные впадины - 260 р.\"",350.0,48,2017-03-15,Company,0ad34a86ffa7fc9341313ddc2f2d21a3aff6bc2a47e2c6a0d7c00b1877fad493,787.0,0.0,,,,,,,,,,
Потребляемая мощность	2200 Вт/,,,,,,,,,,,,,,,,,
— Живые цвета/,,,,,,,,,,,,,,,,,
Возможность обмена на Ваш автомобиль по системе Trade-in./,,,,,,,,,,,,,,,,,
— объем оперативной памяти 512 Мб/,,,,,,,,,,,,,,,,,
✅ Если есть вопросы,звоните,пишите WhatsApp ( Ватсап ) / смс. Сообщения на авито иногда вижу не сразу,лучше звоните./,,,,,,,,,,,,,,
b53488544332,3307feed96ec,Белгородская область,Старый Оскол,Личные вещи,Детская одежда и обувь,Для девочек,"Шапки, варежки, шарфы",,Шапки,"шапка весенняя на  годик и панамка летняя 150 р,шапка теплая махровая белая новая для новорожденных 200 р,2 шапочки легкие белая и розовая на годик 100 р,пинетки на от 4 до 7 месяцев.200 р",150.0,26,2017-03-21,Private,ebd7fa6f8bf5a1c67a07145b15fac98f8cc2fcf2ca82114f971d87ed57c0b569,101.0,0.0
268e29e2edde,fd6043264cfa,Ярославская область,Рыбинск,Личные вещи,Детская одежда и обувь,Для девочек,Обувь,25,Сапоги,"Сапожки из натурального замша, подкладка ( байка). В хорошем состоянии!!! По стельке 16 см",700.0,1,2017-03-17,Private,8ceea497a13707726db190964bbacda53acb0321c5f2d4774a2d84f2e8f7cb95,88.0,0.0
bb77e34b7b29,4ca6184102a2,Нижегородская область,Нижний Новгород,Личные вещи,Красота и здоровье,Приборы и аксессуары,,,Тутор левый р. 20 (ортез жесткий замена гипса),Тутор на голеностопный сустав безнагрузочный на ЛЕВУЮ ногу/,,,,,,,
- рулонные/,,,,,,,,,,,,,,,,,
936fc18df065,3472ff50b110,Кемеровская область,Новокузнецк,Личные вещи,Детская одежда и обувь,Для девочек,Брюки,86-92 см (1-2 года),Костюм на 12-18 мес,Отличное состояние и качество,200.0,38,2017-03-16,Private,7e80ff4142771e47a49fc077f87a4bafbcabf0f381418aa4c90de441ada0466c,109.0,0.0
b00100b45af5,e6a5ed31b496,Волгоградская область,Волгоград,Личные вещи,"Одежда, обувь, аксессуары",Женская одежда,Платья и юбки,42–44 (S),Платье,,600.0,14,2017-03-25,Private,816d758ffb4e0697a6d01e3aee4df2dd0b84a45d26be30721ba0b1a9d2bf37f9,82.0,0.0
Тактовая частота 1600 МГц /,,,,,,,,,,,,,,,,,
Водостойкость 3000 мм (выдерживает легкий кратковременный дождь)./,,,,,,,,,,,,,,,,,
60e2de297608,2b5f93acaf20,Владимирская область,Муром,Транспорт,Автомобили,С пробегом,ВАЗ (LADA),2110,"ВАЗ 2110, 1998",машина на ходу документы в порядке немного подгнили пороги,20000.0,1,2017-03-18,Private,72a03425fab9aa219cf54081d641b7eb2f3ac4f4fe27cdac3324f030a839ee12,1108.0,0.52691
/,,,,,,,,,,,,,,,,,
/,,,,,,,,,,,,,,,,,
/,,,,,,,,,,,,,,,,,
/,,,,,,,,,,,,,,,,,
/,,,,,,,,,,,,,,,,,
/,,,,,,,,,,,,,,,,,
/,,,,,,,,,,,,,,,,,
/,,,,,,,,,,,,,,,,,
/,,,,,,,,,,,,,,,,,
/,,,,,,,,,,,,,,,,,
/,,,,,,,,,,,,,,,,,
/,,,,,,,,,,,,,,,,,
/,,,,,,,,,,,,,,,,,
/,,,,,,,,,,,,,,,,,
/,,,,,,,,,,,,,,,,,
/,,,,,,,,,,,,,,,,,
/,,,,,,,,,,,,,,,,,
/,,,,,,,,,,,,,,,,,
/,,,,,,,,,,,,,,,,,
/,,,,,,,,,,,,,,,,,
/,,,,,,,,,,,,,,,,,
/,,,,,,,,,,,,,,,,,
/,,,,,,,,,,,,,,,,,
/,,,,,,,,,,,,,,,,,
/,,,,,,,,,,,,,,,,,
/,,,,,,,,,,,,,,,,,
/,,,,,,,,,,,,,,,,,
/,,,,,,,,,,,,,,,,,
/,,,,,,,,,,,,,,,,,
/,,,,,,,,,,,,,,,,,
/,,,,,,,,,,,,,,,,,
/,,,,,,,,,,,,,,,,,
/,,,,,,,,,,,,,,,,,
/,,,,,,,,,,,,,,,,,
/,,,,,,,,,,,,,,,,,
/,,,,,,,,,,,,,,,,,
/,,,,,,,,,,,,,,,,,
/,,,,,,,,,,,,,,,,,
/,,,,,,,,,,,,,,,,,
Поддержка диапазонов LTE/,,,,,,,,,,,,,,,,,
Рулевой узел Рулевая колонка Neco,1 1/8'',резьбовая Вынос руля Резьбовой стальной матовый Руль Стальной матовый,25,4х620 мм Регулируемая высота Да/,,,,,,,,,,,,,
e8f03e038129,144257e214cd,Татарстан,Казань,Услуги,Предложение услуг,"Красота, здоровье",,,Продам годовой безлимитный абонемент фитнеса,"\"Безлимитный годовой абонемент фитнеса в \"\"арт фитнес\"\" в академию тенниса Тарпищева",Казань,"ул. Урицкого 15.  Причина - не успеваю посещать занятия.\"",8500.0,1,2017-03-16,Private,
Вилка	                                Пружинно-эластомерная/,,,,,,,,,,,,,,,,,
Замена ТЭНа (водонагревателя) /,,,,,,,,,,,,,,,,,
d885770ac797,bfe0ea119b63,Челябинская область,Троицк,Животные,Другие животные,С/х животные,,,Яйцо инкубаторное,Продам цыплят домашних вывелись 16.03.2017 несушки 35 шт.  50 руб. за одного.Яйцо инкубаторное с домашнего подворья  гусиное 90 руб. индоутиное 60 руб. куриное 15 руб.,50.0,67,2017-03-18,Company,,,0.0
— Вибрация (бурение в бетоне) 12 м/с²/,,,,,,,,,,,,,,,,,
Требует ремонта,повреждения на фото/,,,,,,,,,,,,,,,,
4cdaac51c7a1,6e04349b6ca8,Нижегородская область,Нижний Новгород,Бытовая электроника,Телефоны,iPhone,,,Продаю айфон 4,"В хорошем состоянии,все работает,оригинальный,в комплекте коробка,два зарядника,чехлы.",5200.0,28,2017-03-28,Private,96f39bfb8c8dd625873e75452696032bbffbf06ba8c7c7065adcd8954bbafafc,2918.0,0.0
d22e517e2537,b52d3760df4e,Оренбургская область,Оренбург,Для дома и дачи,Ремонт и строительство,Камины и обогреватели,,,Блок защиты Radel-1000,"Как только напряжение выходит за заданные границы, блок защиты Radel автоматически отключает подачу напряжения. Как только напряжение входит в заданные границы, блок защиты Radel самостоятельно и автоматически подает напряжение.",1940.0,74,2017-03-23,Company,0636751872e8f3634b4fcef3af39ecd78d6237033cea8671b4a3e9c97c133765,3028.0,0.0
d90ec60be157,b763f3775774,Белгородская область,Старый Оскол,Транспорт,Автомобили,С пробегом,ВАЗ (LADA),2114 Samara,"ВАЗ 2114 Samara, 2013",Продам авто ВАЗ 2114 2013 года выпуска. Цвет: серебристый металлик. В хорошем состоянии.,210000.0,1,2017-03-16,Private,,,0.0
_____________________________________________________/,,,,,,,,,,,,,,,,,
0677dd182c80,e4be700c553e,Кемеровская область,Новокузнецк,Личные вещи,Красота и здоровье,Средства для волос,,,Тоника,"б\\у несколько раз ,тюбики почти полные",100.0,28,2017-03-17,Private,4be1116df9401ed6f3e605bd9ca5e679549768940d61bbc4a2bcb59cc591fcec,688.0,0.0
Вместимость кол-во комплектов посуды:    10/,,,,,,,,,,,,,,,,,
"Техстекло\"",300.0,677,2017-03-26,Company,7f53f58214577c3f775ca54e46ca55f7f7fde50333370a321d5b55a138584226,311.0,0.0,,,,,,,,,,
"Самовывоз ул. 9 января д.87\"",4000.0,14,2017-03-19,Private,fb201c1ba6d51f7e70f2053e9d47fd7f25cfa1288a9c10259219f5eb7a54a3df,1813.0,0.0,,,,,,,,,,
7dfa8b607310,9ec86917697e,Кемеровская область,Новокузнецк,Недвижимость,Квартиры,Продам,1,Вторичка,"1-к квартира, 30.9 м², 2/5 эт.","Продам однокомнатную квартиру по улице Обнорского. Уютная теплая квартира в нормальном состоянии, окна пластиковые, балкон застеклён, ванна кафель имеется водонагреватель, водосчётчики и электросчётчики поменяны, входная дверь хорошая новая. Дом кирпичный, расположен рядом с остановкой общественного транспорта,Все необходимое рядом: магазины, супермаркеты, аптеки, школы и дошкольные учреждения, остановки общественного транспорта. Во дворе есть скамейки. Можно выйти на улицу и подышать свежим воздухом. /",,,,,,,
Устройство прошло проверку Специалистами и полностью исправно!/,,,,,,,,,,,,,,,,,
Большой выбор квартир различной площади и планировок./,,,,,,,,,,,,,,,,,
-----------------------------------------------------------------------/,,,,,,,,,,,,,,,,,
Вес рамы со спальным блоком (кг): 15/,,,,,,,,,,,,,,,,,
Разаешение Full HD/,,,,,,,,,,,,,,,,,
5454d957fd04,4e5b5fd7f934,Ростовская область,Таганрог,Животные,Кошки,Другая,,,Отдам в хорошие ручки,"Котята, 01/02/2017г/род., мальчики, окрас черно-белый, приучены к лотку, непривеледливы к еде, обработаны от паразитов.",0.0,13,2017-03-23,Private,,,0.0887
b2910d5907af,6ba3343dd8ac,Омская область,Омск,Транспорт,Грузовики и спецтехника,Грузовики,,,Исузу форвард,"Продам исузу форвард джастон1994г.в.двигатель 6не1, кпп 6ступеней,объем будки 15 куб, длина 4.35,ширина 1.9,высота 1.8,реф минус плюс,подогрев двигателя,японская резина йокогама вкруг,замена рессор и пальцев, замена всех масел и расходников.Продажа с работой.",650000.0,30,2017-03-20,Private,7b16f97c968d6884245e2c9a796069bdb1b5c0db5c554d9ee78c0e0360cd9e84,1056.0,0.0
Доставка по России !/,,,,,,,,,,,,,,,,,
39b6b875453d,15e56f4f1686,Краснодарский край,Краснодар,Бытовая электроника,Телефоны,iPhone,,,iPhone 6s 64gb,"Продаётся айфон 6s оригинал , цвет: розовое золото, состояние идеальное, полный комплект , телефону год, все работает без нареканий, стоит брони стекло,в ремонте не был.",35000.0,17,2017-03-26,Private,31dd40ff52682168bfb44e64040ae19b7a6bbf7b0e3db4714e0e924a3f814416,2918.0,0.0
806c66b6d26d,c278039c688a,Самарская область,Тольятти,Личные вещи,Товары для детей и игрушки,Велосипеды и самокаты,,,Велосипед safari trike,"Продам детский велосипед на возраст от 1г до 3 лет. Колеса полимерные, ручка для родителей, при ее помощи можно управлять рулем, съемные подножки (при необходимости складываются), страховочный обод, тормоза на задних колесах, сиденье регулируется по длине, увеличивая расстояние до педали по мере роста ребенка, спинка откидывается, угол наклона регулируется 3-мя положениями, у капюшона также 3 положения.",2500.0,5,2017-03-24,Private,d0a7edf08875ac0d79c49f712c579af769fbe7410b3f754e9676f350b8ec42bf,2370.0,0.80323
Продается дом в центре города свет,газ,пробурена водяная скважина .ул.Краснослободская 75,дом расположен в тихом спокойном месте возле речки рядом с центральной мечетью,в 2х минутах ходьбы центральная площадь города,замечательный сквер,магазины. Продается или меняется на малосемейку квартирного типа в центре города,или меняется на квартиру с нашей доплатой./,,,,,,,,,,
"\"\"4в1 YH 8008 TURTLES 4+CONTRA 2+PLANTS ZOMBIES+BASEBALL/",,,,,,,,,,,,,,,,,
Проведен полный ТО./,,,,,,,,,,,,,,,,,
84420aaef899,926af7c8415a,Ставропольский край,Невинномысск,Для дома и дачи,Растения,,,,Бегония,"Красивые листья, цветёт кистями нежно -розового цвета",250.0,18,2017-03-24,Private,81d08bf932627ca927f12c7ca9e3dc978c849c6bddd1082a27d6208470371149,1764.0,0.0
"Звоните.\"",270000.0,5,2017-03-26,Private,dec7491961bcc130f50fe398fdd2b2426fe1b68f8fa400f0e20795dfc2bbf885,1290.0,0.2,,,,,,,,,,
Проба 925/,,,,,,,,,,,,,,,,,
Пн - Вс с 10:00 до 20:00./,,,,,,,,,,,,,,,,,
aece5d76a717,4ff8018300a0,Омская область,Омск,Личные вещи,"Одежда, обувь, аксессуары",Мужская одежда,Верхняя одежда,48–50 (L),Дубленка мужская натуральная,"Дубленка мужская натуральная. Размер 48-50, рост 164-170. Длина по спинке 82 см. Забирать на Дианова  (ост Лесной проезд )",1000.0,55,2017-03-24,Private,742167edf29fcbdb0603be80d2c040e492c9d53977b6bf758689d3c8388a58fd,651.0,0.0
1c8139b29ed8,43a8dd6f4385,Краснодарский край,Краснодар,Недвижимость,Земельные участки,Продам,Поселений (ИЖС),,Участок 10 сот. (ИЖС),"Отличный угловой земельный участок 10 соток ул. Приятная 33, кадастровый номер - 23:43:0121048:18 (г. Краснодар п. Индустриальный)./",,,,,,,
Спец по 30-40р/,,,,,,,,,,,,,,,,,
90ed17666987,23cee3f7461a,Челябинская область,Миасс,Личные вещи,"Одежда, обувь, аксессуары",Женская одежда,Верхняя одежда,42–44 (S),"Куртка, весна-осень","Отличная курточка , смотрится круто!!",1800.0,7,2017-03-26,Private,536c84451167fdf59cba26dd3cdaefef561ff2d78a9ccb50a32a60738e129620,649.0,0.0
Колеса мягкие и хорошо сглаживают неровности дорог + ко всему они еще и светятся,что доставит особенную радость вашему малышу! /,,,,,,,,,,,,,,,,
292ded588b6b,f806453a492d,Саратовская область,Саратов,Личные вещи,Детская одежда и обувь,Для девочек,Комбинезоны и боди,62-68 см (2-6 мес),Комбинезон,"продам утепленный комбинезон рр62, б/у мало",100.0,32,2017-03-28,Private,fa98b95eaef15c48d03328b2582f801c82ddc49d6cee1e6117c301139cdfe3c2,84.0,0.0
c9e433c76e32,f32bb0578563,Кемеровская область,Кемерово,Личные вещи,Красота и здоровье,Косметика,,,Омолаживающая сыворотка,,740.0,125,2017-03-28,Private,a9cea5789dccdba85df1a484c6fa56aa2eb695b941ce23be51bead2e1e7f81d1,769.0,0.0
Если Вам нужно Собрать и установить мебель.(Кухню,гостиную,спальню,библиотеку,гардеробную,шкаф купе,кровать,диван,прихожую,и многое другое..),разборка мебели./,,,,,,,
d79e630a4303,644765fa0917,Нижегородская область,Арзамас,Животные,Товары для животных,,,,"Рамки Дадан сколоченные, с натянутой проволокой","Рамки Дадан. Верхний брусок (ель, сосна) – с пропилом под вощину . Нижний и боковые планки – липа. Проволока – нержавейка. Около отверстий в боковушках степлером вбиты скобы (чтоб проволока не прорезала боковинки). /",,,,,,,
951bbd220ea1,3fb4c6fbbfd7,Ростовская область,Ростов-на-Дону,Личные вещи,"Одежда, обувь, аксессуары",Женская одежда,Обувь,38,Туфли замшевые новые,Туфли  замшевые  (каблук кожа) НОВЫЕ/,,,,,,,
После бриться головку бритвы можно промыть под струёй воды./,,,,,,,,,,,,,,,,,
c5280fa55ade,9ab821ed70ef,Татарстан,Альметьевск,Бытовая электроника,Ноутбуки,,,,Dell n5010,Операционная система:Windows 10/,,,,,,,
Консультации по вопросам налогового и бухгалтерского учета/,,,,,,,,,,,,,,,,,
— большой ассортимент /,,,,,,,,,,,,,,,,,
677b1fd45234,9285e6970931,Алтайский край,Барнаул,Услуги,Предложение услуг,"Праздники, мероприятия",,,"Ваш ведущий на свадьбу, корпоратив",Что я вкладываю в это слово «ведущий»:/,,,,,,,
Телефон полностью рабочий. Не разу не подвёл,после обновления перестал работать отпечаток пальца./,,,,,,,,,,,,,,,,
Электроподогрев лобового стекла/,,,,,,,,,,,,,,,,,
Для студентов и молодой семьи ./,,,,,,,,,,,,,,,,,
a3c394090c61,54e83ec48f46,Краснодарский край,Краснодар,Личные вещи,Детская одежда и обувь,Для мальчиков,Брюки,74-80 см (7-12 мес),Джинсы р 80,В хорошем состоянии.Цена за  450 за шт.ККБ 1- го Мая.,450.0,892,2017-03-17,Company,47a05de830fb19cedd8ba0d9a5f24f9d0829ac2e144e1174c6a206e726c72744,71.0,0.0
Количество ядер процессора 4/,,,,,,,,,,,,,,,,,
1 размер - 34/80мм;/,,,,,,,,,,,,,,,,,
2bb7a86974b5,e9fc89b2c508,Челябинская область,Челябинск,Личные вещи,Детская одежда и обувь,Для девочек,Платья и юбки,Без размера,Платье,платье размер40,350.0,361,2017-03-28,Company,cb129db1b178e22edc01ab851a2412ce4e0ea7aa31ede21fbb4dd4041125d1ce,593.0,0.0
10d6016d2fb5,3298ad7f342f,Челябинская область,Миасс,Личные вещи,"Одежда, обувь, аксессуары",Аксессуары,,,"Хозяйственная сумка, новая","Сумка хозяйственная, новая: высота - 45 см, ширина - 53 см, глубина - 25 см./",,,,,,,
- Низкие цены,каждый день!/,,,,,,,,,,,,,,,,
1d2040ffdf61,8f5f65f565f9,Челябинская область,Челябинск,Личные вещи,"Одежда, обувь, аксессуары",Аксессуары,,,Кружевные маски,"Хорошим дополнением Вашего образа могут стать кружевные маски. Выполнены из тонкого кружева, на атласных подвязках, они будут отлично сочетаться с Вашим сексуальным кружевным бельём./",,,,,,,
667219f0d4b1,d2ea44417e5e,Волгоградская область,Михайловка,Для бизнеса,Оборудование для бизнеса,Для магазина,,,Продаю витрину,"продаю витрину размер выс 180см, глуб. 48см  шир 100 см",5000.0,5,2017-03-24,Private,fc3f6a5df85d246e50163f83732d4a8bbf8eaa0d586b70b330b0dd8ffd54d220,1481.0,0.09926
"305 x 200\"",1650.0,4,2017-03-15,Private,9a6d3be900221086db430f23d92e320603c797bf72a5c6dbdbbfe8bace4133e0,2862.0,0.0924,,,,,,,,,,
Поддерживаемые форматы входного сигнала/,,,,,,,,,,,,,,,,,
— Гриль; /,,,,,,,,,,,,,,,,,
Рама: алюминий/,,,,,,,,,,,,,,,,,
34d6b3006805,461ff015e739,Ростовская область,Ростов-на-Дону,Хобби и отдых,Спорт и отдых,Другое,,,Гироскутер,Гироскутер Smart balance 6.5/,,,,,,,
Сам не пользуюсь./,,,,,,,,,,,,,,,,,
Подойдет на миниатюрную девушку/,,,,,,,,,,,,,,,,,
Высота: 720 мм/,,,,,,,,,,,,,,,,,
Гигростат/,,,,,,,,,,,,,,,,,
8788533076ff,bb82773562d2,Ярославская область,Ярославль,Недвижимость,Квартиры,Продам,1,Новостройка,"1-к квартира, 40.4 м², 3/5 эт.","Квартира от Застройщика. Комиссия за оформление 0%. Перспективный район. 10 мин. от центра Ярославля. Цена снижена. Предложение ограничено. Помощь в переезде. Ипотека, мат.капитал, военная ипотека.",2021000.0,1,2017-03-23,Private,06082987ad058e0ea47ddcef41b7a9945a7de04cb0c32b5501d2c4467f759d0a,2221.0,0.06842999999999999
-   /,,,,,,,,,,,,,,,,,
8e23568657ef,a617625b24b1,Кемеровская область,Кемерово,Для бизнеса,Готовый бизнес,Развлечения,,,Продается lounge BAR в Центре города,Сумма изначальных вложений около 2 млн.руб./,,,,,,,
acf159f01361,24b91442a559,Ставропольский край,Георгиевск,Личные вещи,Часы и украшения,Часы,,,Часы,Золотые,28000.0,175,2017-03-22,Company,6c6a664eb7a9908840422d8556133f4653aef8a1a6ecfebdcb8ab3b8c91d9d2a,31.0,0.0
d2d6d5306e71,a011256be305,Свердловская область,Нижний Тагил,Личные вещи,Детская одежда и обувь,Для девочек,Верхняя одежда,86-92 см (1-2 года),Платья,,350.0,138,2017-03-15,Company,97a9f4d8e3bc2d1dd81092db485cea4d5fa933e5a38cb00bb6f002a23a5c6eba,82.0,0.0
023e61b08bf9,7eefe8b5739c,Пермский край,Пермь,Личные вещи,Детская одежда и обувь,Для мальчиков,Трикотаж,50-56 cм (0-2 мес),Ползунки,"В отличном состоянии, без пятен и дырок. Фото 3,4 по 30 руб. так как потоньше. Звоните, пишите",50.0,47,2017-03-24,Private,8328cc2b47af4218e260574ce8fa04472c302f376d649aaeeba6e178ba073adf,70.0,0.0
Вода на участке с апреля по октябрь,свет круглый год,газ баллонный(газовая плита на кухне),в перспективе подведение магистрального газа.зимняя охрана участков./,,,,,,,,,,,,,,
e33cb830c77d,00db507dc137,Ставропольский край,Ставрополь,Хобби и отдых,Охота и рыбалка,,,,Лопатки со сменными насадками,Новые.Лопатка имеет 4 насадки и чехол.Длина 44см./,,,,,,,
991c58e7abb8,5c4e49ce4f7b,Ростовская область,Шахты,Бытовая электроника,Телефоны,iPhone,,,iPhone 6 16Gb Space grey,Продам айфон 6 16Гб чёрный. /,,,,,,,
Кэш 2-го уровня:	512 Кб/,,,,,,,,,,,,,,,,,
177287614e9a,8a2d66bfc4cc,Ярославская область,Рыбинск,Личные вещи,"Одежда, обувь, аксессуары",Женская одежда,Обувь,37,Сапоги р.37,"Сапоги демисезонные р. 37. Кожа. Новые. Заказывала на сайте, не подошёл размер.",2800.0,156,2017-03-24,Private,d97ada56887957ecbdcbc86313bc1177be8526104c8a964dc994392e4853bc39,492.0,0.0
Газовая плита Гефест 5110-01 0005 - цена 14000 руб./,,,,,,,,,,,,,,,,,
"• Электрические стеклоподъёмники (передние)\"",284000.0,9450,2017-03-27,Shop,07da5fccf83e9248121e6db2dcb17bf42febdb405ea74b2a20a98699b46de81c,1055.0,0.0,,,,,,,,,,
+ Нам доверяют во всех городах России !/,,,,,,,,,,,,,,,,,
"Торг реальному покупателю хороший\"",10500.0,431,2017-03-22,Company,c36ded4cbaa16f8597209728301ae1c0ebb740d30f10084a0883323ee9ee4420,2960.0,0.0,,,,,,,,,,
9c8390c7ecfd,a4663f8b2174,Новосибирская область,Новосибирск,Личные вещи,Детская одежда и обувь,Для мальчиков,Обувь,25,Продам сноубутсы,Продам сноубутсы б/у. По стельке 16 см.,500.0,44,2017-03-27,Private,3d96d6258b8b399d0c74913c4c7ea77a369ebff2ee0cbb713c638a9701fa5d2c,49.0,0.0
9c9e7f2c71b8,fbb1b3d23c96,Челябинская область,Челябинск,Для дома и дачи,Мебель и интерьер,Столы и стулья,,,Продам скамьи,Продам скамьи на металлическом основании с фанерой и ЛДСП/,,,,,,,
3b04bee4e343,bd6394a22471,Тюменская область,Тюмень,Личные вещи,"Одежда, обувь, аксессуары",Женская одежда,Рубашки и блузки,Без размера,Рубашка,,500.0,67,2017-03-23,Private,361fff9a0587aec5d106c27b70336b029624fbdebefe90018dad21cb98582bd1,635.0,0.0
Нам не подошел размер. /,,,,,,,,,,,,,,,,,
Теплообменник основной (86 ламелей)	1.015791/,,,,,,,,,,,,,,,,,
Кресло устанавливается лицом против хода движения,спиной вперёд;;/,,,,,,,,,,,,,,,,
— мощность 650 Вт/,,,,,,,,,,,,,,,,,
37822e5214e1,63b668d5499b,Владимирская область,Вязники,Недвижимость,Квартиры,Продам,2,Вторичка,"2-к квартира, 44 м², 3/5 эт.","Продается двухкомнатная квартира в г. Вязники, м-н Север. Квартира расположена на третьем этаже двухэтажного кирпичного дома. В квартире: все удобства, подача горячей воды от газ.колонки, санузел раздельный, комнаты раздельные, балкон, требуется ремонт. Дом расположен на центральной улице города, в шаговой доступности: супермаркеты, торговые центры, детский сад, школа, аптека, поликлиника, спорткомплекс с бассейном и пр. инфраструктура.",1165000.0,774,2017-03-28,Company,5058f23e7f2ac3a2ba8db1adf6915bd45e684e72baa676ab41f8818a63f6ebff,2218.0,0.02805
df7ad272ee0c,fcc93a5005e6,Ярославская область,Ярославль,Для дома и дачи,Ремонт и строительство,Сантехника и сауна,,,Раковина,Продам раковину,1000.0,22,2017-03-26,Private,cc328bff8121e95f5c4058430e863b9b6422cbdfba29ec37bc49dc2c5a5b1d7c,1387.0,0.0
Причина продажи - купил Powerlift 3./,,,,,,,,,,,,,,,,,
Аккумулятор: 2х6V,10AH./,,,,,,,,,,,,,,,,
"На дополнительный вопросы отвечу по телефону.\"",100000.0,45,2017-03-27,Private,62c5347916c4ba7700b9ca32295a0a526536d47d182a586316e61a74fe730f4a,1057.0,0.0,,,,,,,,,,
"ДОСТАВКА ПО РОССИИ БЕСПЛАТНО - ОПЛАТА 100%\"",11679.0,15,2017-03-16,Private,c47df562c4f002b12da6fe2559a05e17f89e10fdc162215eafe0f8f3a844ad57,916.0,0.0,,,,,,,,,,
-Возможность купить в Лизинг,кредит/,,,,,,,,,,,,,,,,
623e39dd6677,64b705b0d6ce,Пермский край,Березники,Бытовая электроника,"Игры, приставки и программы",Игровые приставки,,,Sega Dreamcast,"Легендарная Сега Дримкаст! Состояние-отличное!! Читает пиратки и самописные болванки на ура.В комплекте кроме самой консоли три джойстика(два оригинальных и один китаец),две карты памяти,вибропак, и ГЛАВНОЕ- дополнительный vga кабель для лучшего изображения+ Dreamshell-устройство для запуска образов игр с sd карточки. В подарок стопка игр на болванках.Разумный торг. Могу выслать наложеным платежём по России почтой. Пересыл за счёт покупателя.",5500.0,19,2017-03-27,Private,51047120a573179afab386c0c705d37230bff66e99d0281d50babda621a04384,2901.0,0.0
Усилитель руля /,,,,,,,,,,,,,,,,,
Вес пользователя: до 115 кг/,,,,,,,,,,,,,,,,,
6edf99081c6a,7a442ddc5947,Краснодарский край,Ахтырский,Недвижимость,Квартиры,Продам,2,Вторичка,"2-к квартира, 49 м², 1/2 эт.","Продам квартиру в очень хорошем доме напротив входа на стадион. Центр. Очень удачное месторасположение.  Одноподъездный дом с замечательными дружными соседями. Два сарая: Кирпичный и деревянный. Небольшой огородик под окнами. Вход в подвальчик на кухне. Окна металопластик, входная дверь металлическая. Сделан косметический ремонт в прошлом году. Квартира сдавалась в наем. Все необходимое для проживания в наличии. Продается как есть. Вместе с мебелью, посудой и т.д. и т.п. Заходи и живи.",1400000.0,16,2017-03-19,Private,,,0.08952
"Торг.\"",9000.0,30,2017-03-20,Private,fb3780b1590e81acafb03df84fc029e1c825e5cf237c5a012649fbab5222fc34,2958.0,0.0,,,,,,,,,,
🎈 мелкую моторику,/,,,,,,,,,,,,,,,,
Intel Atom Z2560,1600 МГц 2ядра/,,,,,,,,,,,,,,,,
вес: 2.75 кг/,,,,,,,,,,,,,,,,,
Подойдёт для офиса,а так же на торжественный случай. /,,,,,,,,,,,,,,,,
Доставка по Краю/,,,,,,,,,,,,,,,,,
081d84afd326,bc8df61e93cb,Самарская область,Сызрань,Услуги,Предложение услуг,"Ремонт, строительство","Строительство домов, коттеджей",,Козырек,"Кованые перила, козырьки.Двери и ворота с элементами ковки. Изготовление лестниц и др.металлоконструкций. Сварные работы.",2500.0,9,2017-03-16,Private,beea1569debcacda04a2811d3a3e0f5dea0193a0cc74ea4d3bf27d78654e2569,1284.0,0.6
- Максимальный вес пользователя: 130 кг. !!!/,,,,,,,,,,,,,,,,,
	Универсальность: учитывая характер выполняемых работ и плотность обрабатываемого материала,можно выбрать один из 8 режимов крутящего момента и оснастку из широкого спектра производимой BOSCH,а также другими фирмами;/,,,,,,,,,,,,,,,
Подключение к компьютеру по USB/,,,,,,,,,,,,,,,,,
DVD+RW/,,,,,,,,,,,,,,,,,
• Электрические стеклоподъёмники (передние)/,,,,,,,,,,,,,,,,,
Продаю по причине что у меня не открыта категория А,я больше любитель авто./,,,,,,,,,,,,,,,,
511b826bfda0,58539d6319be,Саратовская область,Балаково,Личные вещи,"Одежда, обувь, аксессуары",Женская одежда,Верхняя одежда,42–44 (S),Пуховик и куртка,Размер 42/,,,,,,,
b59978ac56e1,26cc3069f3fd,Свердловская область,Екатеринбург,Личные вещи,Товары для детей и игрушки,Детские коляски,,,Санки-коляска,"Продам санки-коляску.Состояние отличное,пользовались 1,5 мес,отвозили утром ребенка до садика.Есть теплый чехол на ножки и капюшон с накидкой от мокрого снега и ветра,ремни безопасности,карман для мелочей.Складывается-раскладывается.С колесиками.Сейчас отдам за 1900,к зиме дороже будет)",1900.0,21,2017-03-15,Private,3bc70965ca0003106c07137e4031426c52f252dc3db50d337826303458aa3b26,1004.0,0.0
a9ae712a2062,0d8fbf9ebb1f,Алтайский край,Барнаул,Бытовая электроника,Товары для компьютера,Комплектующие,Оперативная память,,Память DDR2 6200 2gb SO-dimm для ноутбка,на 2гб или обмен на 2gb ddr2 на пк/,,,,,,,
Группа в ВК vyrastaika.shop/,,,,,,,,,,,,,,,,,
Земельный участок ровный. Прямоугольный.На участке дом кирпичный . Газ,свет,вода - всё вдоль участка. Рядом заповедная зона. Лес,река Сумка. /,,,,,,,,,,,,,,
d2cee2da8031,c94fd876bee2,Свердловская область,Красноуфимск,Недвижимость,"Дома, дачи, коттеджи",Продам,Дом,,Дом 96 м² на участке 8 сот.,"Продается добротный дом . Удобный подъезд к дому, большая переддомовая территория. В доме электро водянное отопление, печь, в 2017 г проведут газ./",,,,,,,
a5b5e46f01ca,8d51ea56f323,Пермский край,Оханск,Недвижимость,Земельные участки,Продам,"Сельхозназначения (СНТ, ДНП)",,"Участок 12 сот. (СНТ, ДНП)","Земельный участок на берегу пруда. Построен фундамент 6:6 м. огорожен только металлическими трубами. На них можно уже крепить забор из любого материала. Электричество подведено. Есть возможность подвести газ, воду от соседних домов. Подъезд к участку круглогодичный.",350000.0,32,2017-03-16,Private,19db2230c4319355122c25bd6af82eef0313ebcca03559f78f44279a7f6d5aa7,1305.0,0.0
"Компактно складываются.\"",3500.0,8,2017-03-25,Private,63a61548b50df54b0819033b928b85a45b075fdd24515c569b09efb687964a02,821.0,0.23608,,,,,,,,,,
есть/,,,,,,,,,,,,,,,,,
Двигатель - LIFAN 190FD/,,,,,,,,,,,,,,,,,
bbf9f3455bf8,e6d372497fe3,Красноярский край,Красноярск,Недвижимость,Квартиры,Продам,3,Вторичка,"3-к квартира, 88 м², 10/16 эт.",Продам 3х комнатную квартиру в кирпичном доме в экологически чистом районе города ЖК Эдельвейс. Все комнаты раздельны. Дом сдан.,4990000.0,329,2017-03-21,Company,a8444e7df180c065e7c98aab5437a70d6e22bc342c3ceed8be1e1ea3a0066eef,2221.0,0.15252000000000002
·         Гарантия 5 лет;				 			/,,,,,,,,,,,,,,,,,
c9fe104a7b8f,4e53f91076a9,Башкортостан,Уфа,Личные вещи,"Одежда, обувь, аксессуары",Женская одежда,Верхняя одежда,46–48 (L),Пальто,Пальто осень. Б/у размер 46,550.0,47,2017-03-15,Private,bd8a547fab1c5068c99e036209aa07f8634af34352bc26bb6741484c99464e09,523.0,0.0
А так же установлены задние фонари нового образца. Тонировка в круг( передние сниму перед продажей)/,,,,,,,,,,,,,,,,,
ced0afac209d,b6df675b0ed4,Иркутская область,Иркутск,Личные вещи,Часы и украшения,Ювелирные изделия,,,"Крест серебрянный большой, не носился","Не освящен, не носился, лежит пылится, покупался за 1900",1000.0,107,2017-03-23,Company,7e46335faf6bb8fd708dafbd82600cda879ad0abcf41849f94df632191dc941d,2244.0,0.0
b74a1b03acd2,6b557b6b94f0,Челябинская область,Челябинск,Недвижимость,Земельные участки,,,,Участок 15 сот. (ИЖС),Нахождение между двух озер - Урефты и Агачкуль. От города 35 км./,,,,,,,
•Доставка до центра в день обращения./,,,,,,,,,,,,,,,,,
072fc7b5c33c,4612c4587022,Омская область,Омск,Личные вещи,"Одежда, обувь, аксессуары",Женская одежда,Обувь,< 35,Туфли,Новые,500.0,107,2017-03-26,Private,8adb183af7d14ca2727460d7b51190acbb3950838905cd59db1089394a00f8b7,425.0,0.0
26e210753b59,ee6120279675,Красноярский край,Красноярск,Личные вещи,Детская одежда и обувь,Для мальчиков,Верхняя одежда,134-140 см (8-10 лет),Куртка детская на мальчика осенняя,"Куртка осенняя, на рост 140 см",500.0,5,2017-03-23,Private,92ed5a740cd40536233958dc1b5629689f08694ddbf32decf4289bbf9c23a2f8,52.0,0.80323
d22eb1dee10c,cfef91d9402c,Волгоградская область,Волжский,Бытовая электроника,Фототехника,Оборудование и аксессуары,,,Микроскоп бинокулярный для ремонта и ювелиров,Микроскоп с фокусным расстоянием 70мм увеличение 50 кратное подсветка 220в  Грубое и плавное увеличение Под микроскопом поместятся даже  большие тиски Есть другие окуляры и объективы,7500.0,210,2017-03-16,Company,fa4cb17f1fbd79b820335306c7ef74a8cd35099c7fe262b83255448d1c1ec717,2969.0,0.33973000000000003
------------------------------/,,,,,,,,,,,,,,,,,
Доставка или самовывоз в Нижнем Новгороде./,,,,,,,,,,,,,,,,,
eb3cfb27d80f,25c9db4106fe,Свердловская область,Сухой Лог,Транспорт,Автомобили,С пробегом,ВАЗ (LADA),2107,"ВАЗ 2107, 2006","Продаю, так как есть другая машина. Торг есть.",55000.0,7,2017-03-25,Private,78ecd9ff92961c126db760fe1b7fc46cce6fb5720aaaa0e74ff4e1b71883dd8b,1055.0,0.20361
0f38392ebbec,c7a7cd042c40,Омская область,Омск,Бытовая электроника,Телефоны,Prestigio,,,Prestigio psp3507 wize n3,Всё работает/,,,,,,,
- крыша профлист С-8 (цвет любой)./,,,,,,,,,,,,,,,,,
Возможна доставка по РФ. Любым удобным вам способом./,,,,,,,,,,,,,,,,,
97e9caa84416,c73dbe8999a8,Краснодарский край,Новороссийск,Транспорт,Автомобили,С пробегом,Volkswagen,Golf,"Volkswagen Golf, 2001","Golf IV GTI 2.0Т - свап с Octavia RS 200 HP, турбина BorgWarner K03s, фронтальный интеркулер, винтовая подвеска TA-Technix, диски Kosei 17\"",прямоток,салон VAG Sport,машина делалась для себя,"чистый по документам\"",265000.0,15,2017-03-24
Отличное подарочное издание,богато иллюстрированное./,,,,,,,,,,,,,,,,
Работаем для Вас ежедневно с 10 до 19./,,,,,,,,,,,,,,,,,
глубокий съемный капюшон/,,,,,,,,,,,,,,,,,
"Цена указана без учёта акций и спец предложений!!!!\"",959000.0,1914,2017-03-16,Company,3b4844090682bc5c23ab7adff91e8eb8b56571a0c57cf9390819a21634289b7a,1055.0,0.0,,,,,,,,,,
e38fba561008,405cbab1c6e3,Новосибирская область,Новосибирск,Личные вещи,Часы и украшения,Часы,,,Casio G shock ga100,Часы оригинальные. Без царапин. Торга и обмена нет.,5000.0,4,2017-03-19,Private,b17813cf212c4fbf2f8f52fcb5d81fb85b639771f1d514c47b19fd7485556c37,30.0,0.0
максимальная нагрузка — 100 кг/,,,,,,,,,,,,,,,,,
951d90e00ddc,fd10b687eebc,Кемеровская область,Новокузнецк,Личные вещи,Красота и здоровье,Парфюмерия,,,Духи Avon Imary,Продам духи Imary от avon. без коробки,200.0,39,2017-03-20,Private,ed130850e34d6b2a534712368982e4d20e52e94fa311b66717767707396482fb,768.0,0.0
LG E610 Optimus L5 - тачскрин,сенсорное стекло (черный)/,,,,,,,,,,,,,,,,
ad65b38315a0,6bc214f1a87f,Татарстан,Набережные Челны,Личные вещи,Детская одежда и обувь,Для мальчиков,Обувь,27,Сапожки резиновые,"Сапожки резиновые, б\\у (1сезон) состояние хорошее",500.0,9,2017-03-17,Private,b91002b75f641b8b25ebbe7b3bb81859197821d7e58435b01e1e9b8fea3c7a41,49.0,0.0
8dc0771391bf,5a709f9032d4,Ростовская область,Ростов-на-Дону,Недвижимость,Квартиры,Продам,2,Вторичка,"2-к квартира, 48 м², 5/9 эт.","Продается замечательная квартира, на Пушкинской! Хорошее состояние, можно зайти и жить! Вся инфраструктура в шаговой доступности,80 я школа!",3680000.0,266,2017-03-15,Company,52c1064221c23f3cef9a6c538d65307e15fcd4e23e246dc780cef405dc476075,2220.0,0.07497999999999999
c9b05f1c8d7b,a045d24d8781,Челябинская область,Троицк,Личные вещи,Товары для детей и игрушки,Детские коляски,,,Продам коляски,Продам в хорошем состоянии летнюю коляску,2000.0,1,2017-03-25,Company,60f6a810d106c3d4effb0c165254df313d310f4380541592c5c3a23355c5e6fc,1002.0,0.31059000000000003
a2863343fbcb,6527e035eeab,Нижегородская область,Нижний Новгород,Личные вещи,Часы и украшения,Часы,,,Коробка от часов swatch,"Продаю пластиковую коробку от часов SWATCH, длина коробки 27 см, ширина 5.5 см, состояние отличное.",200.0,627,2017-03-27,Company,2d6446ede3c893f90483c4fd70a84f88bdb3a239a32d598d8c658cd34c9388d8,2910.0,0.0
936d0549bdd2,acbff070b07e,Волгоградская область,Волгоград,Бытовая электроника,Телефоны,HTC,,,Продам нтс one e8,"Продаю телефон в идеальном состоянии. Бережная эксплуатация.Внешне на 5+, технически также без нареканий. Заряд держит хорошо, на день активного использования стабильно хватает.Также в комплекте отдам три чехла, один из которых фирменный чехол Dot View.",10990.0,16,2017-03-23,Company,e118d2c3cedd0da9b25a26ee6108c7a35fdbaa0fdf5683578aa2754e167d9803,2905.0,0.0
Уровень шума:95 дБ/,,,,,,,,,,,,,,,,,
a35e0f299aed,d6d1069233c2,Пермский край,Пермь,Для дома и дачи,Мебель и интерьер,Текстиль и ковры,,,Новый комплект штор,"Шир.до 3,0м.,высоту можно фиксировать до 2,9м.благодаря фалдам внизу.Гайва,есть возможность привезти в город.Принимаю заказы на пошив штор.",2800.0,569,2017-03-23,Private,d4dbfb2d3bbf8f7ab5ad53c486c063a0b63e376d373017316b1969e98518c845,1424.0,0.0
ccd8d7855815,2696aed69035,Красноярский край,Норильск,Бытовая электроника,"Игры, приставки и программы",Игры для приставок,,,Продам PS4,Продам PS4 Гарантия заканчивается в апреле этого года./,,,,,,,
Надевала 1 раз,"сейчас не подходит размер. Состояние идеальное .\"",2000.0,75,2017-03-21,Private,df54d2b31aeb4869c21d52e948375590fc526e04ed7e95fc26c410f8a7edea4d,545.0,0.0,,,,,,,,,
Забирать на пед институте или на сухом логу,"либо на м.Студенческая.\"",2000.0,33,2017-03-27,Private,79385dbc9659e2c34ccf3652af93906323649902d684884a5ea844fca089a360,702.0,0.0,,,,,,,,,
509ed2317aa2,e99bd1a33a8f,Татарстан,Набережные Челны,Хобби и отдых,Книги и журналы,Книги,,,Продаются книги,Подробная информация по телефону. Цена договорная.,,2,2017-03-21,Private,2a483b0540bb179326955c9fb4b31463475cab51cbab36b249c03ff5d1383c9d,1050.0,0.0
Ширина: 145 см/,,,,,,,,,,,,,,,,,
19dbee4171c5,159cb4063895,Татарстан,Казань,Хобби и отдых,Коллекционирование,Грампластинки,,,Виниловые пластинки,"Продаю виниловые пластинки,отечественные 100 руб.,импортные - цены разные.Пластинок много,на фото только часть.",100.0,67,2017-03-22,Private,c75ecd3045f0de537fb0379916b499800bcd8f59212278ed8832c4bd7e6f56b4,2402.0,0.0
 Устойчивые на гладком или неровном полу  - можете работать в любых условиях/,,,,,,,,,,,,,,,,,
61c3936c9382,fc0907cb4003,Краснодарский край,Краснодар,Личные вещи,Товары для детей и игрушки,Детские коляски,,,Коляски новые 0+ разные цвета,Распродаются товары из закрывшегося магазина./,,,,,,,
85eef447f0d0,d08668283877,Челябинская область,Челябинск,Личные вещи,Детская одежда и обувь,Для мальчиков,Обувь,29,Зимние сапоги 29р,"Продам сапоги зимние, 29р за 300руб.",300.0,118,2017-03-27,Private,ff9901512cee9398e0254eda55dab7437219e5b621b64a52a4395a65d225bbb1,47.0,0.0
- участие в государственных тендерах по обучению безработных граждан(парикмахеров и мастеров ногтевого сервиса) по лицензии и аккредитации головной компании;/,,,,,,,,,,,,,,,,,
7aee58d694c1,ae934c67d681,Белгородская область,Белгород,Услуги,Предложение услуг,"Ремонт, строительство","Строительство домов, коттеджей",,Фундамент,"Выполним фундаментные работы в короткие сроки: опалубка, бетонирование, разметка, копка, заливка полов, стяжка,  армирование, сделаем цоколь. /",,,,,,,
3f2351f3896f,8ef6f01e5a42,Свердловская область,Кушва,Личные вещи,Детская одежда и обувь,Для девочек,Верхняя одежда,98-104 см (2-4 года),"Куртки со штонами, Весна-осень","размер 24, 26.",700.0,16,2017-03-21,Private,ea8326d058f6c70de49b2acf11932beb3ddfe40dee9a3875ec9349581e6f3e5d,98.0,0.0
Приобрести можете в нашем магазине в Красноярске (предварительно написав мне сообщение)/,,,,,,,,,,,,,,,,,
Подключение/,,,,,,,,,,,,,,,,,
Мощность - 1 л.с./,,,,,,,,,,,,,,,,,
Питание/,,,,,,,,,,,,,,,,,
7) Металлический корпус,ноутбук очень тонкий (всего 2 см),легкий (2 кг) и при этом мощный /,,,,,,,,,,,,,,,
Наконечник-заглушка  - 300 р./,,,,,,,,,,,,,,,,,
b9123ab6fb0b,28e2fbde4abc,Алтайский край,Бийск,Для дома и дачи,Ремонт и строительство,Камины и обогреватели,,,Печь для бани,"Печь в баню из трубы d-530 толщина металла 8мм,трубу на выход врежу по вашему размеру. /",,,,,,,
Кожистые и плотные листья,с глянцевым покрытием ярко-зеленого цвета. Цветение обильное./,,,,,,,,,,,,,,,,
4d434cde38ee,1ea5294327ef,Краснодарский край,Краснодар,Для дома и дачи,Мебель и интерьер,"Кровати, диваны и кресла",,,Мягкая кожаная мебель (диван + 2 кресла),,45000.0,1,2017-03-26,Private,38574b8771ac7bbcab6507f8d545bdabb4a61b9d2b03a45e6e3006b5c089a4e1,1447.0,0.05695
Седло: Cionlli Sport./,,,,,,,,,,,,,,,,,
=========/,,,,,,,,,,,,,,,,,
Производитель Дидер Технологий/,,,,,,,,,,,,,,,,,
"Цена нового 5999. Я продаю за 2000 руб.\"",2000.0,30,2017-03-28,Company,7f4db130c7dc61c614212ec84a41d73c377e547125413d62766f885788d39724,1531.0,0.0,,,,,,,,,,
- Малогабаритный.Быстрый рабочий цикл.Индикатор включения и выключения;/,,,,,,,,,,,,,,,,,
IdeaPad G505s S510 /,,,,,,,,,,,,,,,,,
Число универсальных процессоров/,,,,,,,,,,,,,,,,,
"Цена без учета скидки 10300\"",8250.0,12316,2017-03-23,Shop,9c21a3c9fe26041d37dbd9dd23468b97f164d541e2e54b8bd312bfc4dbe26e46,20.0,0.0,,,,,,,,,,
b0c49b2df882,dca19e303c16,Пермский край,Пермь,Личные вещи,"Одежда, обувь, аксессуары",Женская одежда,Трикотаж,42–44 (S),Свитер,Б/у,350.0,51,2017-03-20,Private,c4a660579d3d322beef55c88fcc41752e57cce3dd557330ce8dbe1b671370bf3,575.0,0.0
92d845506be5,8f4667c82730,Кемеровская область,Новокузнецк,Для дома и дачи,Бытовая техника,Для индивидуального ухода,Фены и приборы для укладки,,Фен,"Продам фен с тремя насадками, всё в рабочем состоянии.",800.0,18,2017-03-26,Private,18a135ebe6e457e5078ff8ab3961e396d40a73f51849d6e82aeb5635c12d45c1,1920.0,0.0
9e4fb63ef698,67f471ac94df,Иркутская область,Иркутск,Личные вещи,"Одежда, обувь, аксессуары",Женская одежда,Обувь,38,Итальянские босоножки Icone,Невероятно красивые! Удобные!!! Лаковые!! Итальянские босоножки популярной фирмы Icone размер 38)/,,,,,,,
— Занимаемая площадь,мм:1500 х 1200/,,,,,,,,,,,,,,,,
4387f774c575,3a96317af8d4,Пермский край,Пермь,Личные вещи,"Одежда, обувь, аксессуары",Женская одежда,Обувь,37,Обувь на каблуке,ЗА ВСЕ 500₽!!! /,,,,,,,
a3e59859a2bb,8715cebd3b23,Нижегородская область,Выкса,Животные,Птицы,,,,Попугаи,Продам пару попугаев неразлучников.Кеша и Даша.Возраст около двух лет.Клетка и все принадлежности и корм в подарок.,2450.0,10,2017-03-20,Private,6ae48bb3228dac34d62485c854640ed516bacffeb9dc6a8478f98b760c11ae81,2216.0,0.78503
054cf28a3dba,244246c4662b,Оренбургская область,Оренбург,Хобби и отдых,Велосипеды,Запчасти и аксессуары,,,Рога BBB BBE-17 ligthstraigt black,Рога из кованного алюминия 6061 Т6./,,,,,,,
cb069d0f807c,d38c8810f6fe,Нижегородская область,Нижний Новгород,Личные вещи,"Одежда, обувь, аксессуары",Женская одежда,Джинсы,30,Шорты для беременных,"Джинсовые шорты для беременных в хорошем состоянии, размер 46-48, очень удобные. Есть и другая одежда для беременных.",300.0,50,2017-03-22,Private,334f581d721e12722133c1825e97596d2182e83daede8c2f5b8d58edf0430872,377.0,0.0
Джинсы Modis выполнены из эластичного денима. Детали: застежка на молнию и пуговицу,три кармана спереди,два кармана сзади,шлевки для ремня./,,,,,,,,,,,,,,
12727ddf8d8a,38bdd63ca6bd,Пермский край,Пермь,Для дома и дачи,Ремонт и строительство,Стройматериалы,,,Растворитель litonet,Отдам растворитель LITONET для затирок на эпоксидной основе,1.0,10,2017-03-18,Private,228914402884c7b37bb666a393cb64d794a1fb6728865424808cbb03c7d5d515,1664.0,0.0
сталь/,,,,,,,,,,,,,,,,,
6c0838a49f78,95bb06bd5ec5,Алтайский край,Барнаул,Недвижимость,Квартиры,Сниму,На длительный срок,1,Сниму 1-к квартиру,"Семья из трёх человек+ухоженный кот снимет уютную, квартиру с современным ремонтом  в районе докучаево ( кадетской школы) на длительный срок.Порядок и своевременную оплату гарантируем.Агенствам просьба не беспокоить.Оплата до 10000",,84,2017-03-24,Private,,,0.24725
Доброжелательные соседи,"семьи владеют участками более 30 лет.\"",700000.0,46,2017-03-22,Private,04c4aac252d4e139032817bfb1308dbfcaff0eb7e4d99b9d5d2c90aba519d3a2,1752.0,0.0,,,,,,,,,
dc7cd800c3d4,1f0563df3cea,Саратовская область,Саратов,Для дома и дачи,Ремонт и строительство,Стройматериалы,,,Щеколда оконная,Продам щеколду оконную. Абсолютно новая . Есть 10 штук.,50.0,14,2017-03-19,Private,b0088a94a85771fe7968a9bf875209f739b332f6b6960fc8bb0cb100a0446ac4,1404.0,0.0
d44a45ef4ffe,da19c73e9769,Волгоградская область,Волгоград,Личные вещи,"Одежда, обувь, аксессуары",Женская одежда,Купальники,44–46 (M),Купальник,,400.0,4,2017-03-15,Private,ad91af6d31145dac6dbe5378eb0237c118808c621a6849d45d2cd48db7ec2d15,416.0,0.12579
"Качественно.Быстро.\"",250.0,37,2017-03-17,Private,2f425447268b2b3c8f68848e44a637156f483d0b82bf0766d75b598c510fe587,2275.0,0.4,,,,,,,,,,
Ремни безопасности. /,,,,,,,,,,,,,,,,,
посмотреть на 9 Января 243 /,,,,,,,,,,,,,,,,,
• Низ - декорированные стальные панели;/,,,,,,,,,,,,,,,,,
Настил линолеума - 50р. кв.м./,,,,,,,,,,,,,,,,,
f2f5f8499288,8f1707aa98ee,Татарстан,Азнакаево,Животные,Собаки,Другая,,,Девочка в добрые руки,"Прекрасная стерилизованная девочка маленького роста ищет заботливых хозяев! Возраст 5 месяцев, очень милое создание, познала холод и голод. Взамен ласки и крова готова подарить всю свою преданность. Только в заботливые руки! Щенок находится в Альметьевске",100.0,154,2017-03-25,Private,3e2941a3878feb658106fa7b1ac8ec207841203ee209128246e1e30c1c352f43,2164.0,0.10864
f9c6659a67ce,1cef1c7d9385,Калининградская область,Калининград,Недвижимость,Квартиры,Сниму,Посуточно,2,Сниму 2-к квартиру,Сниму двухкомнатную квартиру за 10 дней с 5 апреля по 15-е три взрослых человека ребёнок три года и две маленькие собаки аккуратные,1000.0,17,2017-03-21,Private,,,0.16496
4fc6a22007a1,d6b22e12cfdd,Краснодарский край,Краснодар,Личные вещи,Товары для детей и игрушки,Детская мебель,,,Детские столы и стулья,"Столы стулья детские в наличии и под заказ,из массива сосны.Стол с ящикам и без ящика/",,,,,,,
Яркий дизайн одноместной машинки обязательно понравится вашему малышу./,,,,,,,,,,,,,,,,,
42bb102edf05,301cbf41dd43,Калининградская область,Советск,Личные вещи,Детская одежда и обувь,Для девочек,Обувь,21,Ботиночки весенние на девочку,"\"Продам красивые ботиночки фирмы \"\"Который\"\"",21размер,полностью натуральная кожа и подошва тоже.Жёсткий задник,профилактика ортопедии. Побиты носы(на фото видно),но на функционал это не влияет.Очень удобные,хорошо держат ножку.Покупали новые за 2000,"из за носов отдам за 700 рублей.\"",700.0
"ОСТАЛЬНЫЕ ПОДРОБНОСТИ ПО ТЕЛЕФОНУ. ВОЗМОЖНА ПОМОЩЬ В ДОСТАВКЕ. ЗВОНИТЕ НАСТОЙЧИВО!!!!!!!\"",30000.0,160,2017-03-26,Private,1eec1426766be0597944162952cbe0276b40ec384e426d66fc291de181c7c395,2185.0,0.24498000000000006,,,,,,,,,,
d858c2048759,6f4787d79e00,Краснодарский край,Краснодар,Услуги,Предложение услуг,"Красота, здоровье",Макияж,,Моделирование бровей с элементами микроблейдинга,"Предлагаю милым девушкам оформление бровей пинцетом плюс дорисовка недостающих волосков в технике микроблейдинга. У многих девушек свои густые бровки, но если нежелательные волоски легко удалить пинцетом, то дорисовать бровь там, где волоски не растут или растут очень редко можно с помощью микроблейдинга. Сейчас можно сделать татуаж или окраску хной. Для тех кто хочет выглядеть максимально естественно, не ходить с тёмными бровями неделю в процессе заживления татуажа, не наблюдать, как неровно, кусками сходит с кожи окраска хной, предлагаю альтернативу. Окрашенные хной брови,держатся 3-7дней в большинстве случаев, так как клеточки эпидермиса, где находится краска обновляются раз в 7 дней. Микроблейдинг - это процедура, производимая ручной манипулой с одноразовыми стерильными насадками с иглами. Красящий пигмент вводится в поверхностный слой кожи, прорисовываются тонкие волоски, практически неотличимые от своих. Сразу же после процедуры бровки выглядят естественно и держится пигмент от 3 мес до 1 года.Затем он полностью выходит из кожи,не оставляя следов.Для сравнения: окраска хной держится -7 дней и стоит 500руб. Реконструкция брови с эллементами микроблейдинга - 210 дней ( как минимум) и стоит 1000 руб. Конечно, микроблейдинг всей брови стоит 6-8т. Я предлагаю при оформлении брови пинцетом лишь дорисовку нескольких недостающих волосков. Процедура проходит быстро и безболезненно. Выгодное соотношение цены и качества. 9лет опыт работы косметологом-визажистом и мастером перманентного макияжа. При необходимости, могу вам сделать татуаж бровей в любой технике. Работаю на дому, потому и цены в половину ниже. Звоните для консультации и записи!",1000.0,9,2017-03-26,Private,a2c517f66e1b9480bd41077db1d9d9608a89df427acf814c6fd57a34ca8efc8a,2274.0,0.2
Выставочный зал /,,,,,,,,,,,,,,,,,
6762d61567f1,78a3c81e1f3c,Ханты-Мансийский АО,Сургут,Недвижимость,Гаражи и машиноместа,Продам,Гараж,Железобетонный,"Гараж, > 30 м²",Продаётся гараж в п. Белый Яр с баней в ГК Перевестный. Около котельни.,500000.0,27,2017-03-15,Company,,,0.12205
6620831acffd,bbe0f43ef979,Воронежская область,Воронеж,Личные вещи,Детская одежда и обувь,Для мальчиков,Верхняя одежда,122-128 см (6-8 лет),Продаю куртку пуховик для мальчика на 6-8 лет,"В отличном состоянии, тёплая и лёгкая, чёрно-синяя, высокий воротник, капюшон складывается в воротник, на молнии и кнопках, 2 кармана на молнии, манжеты на резинках, внизу шнуровка для регулировки, со светоотражателями,",1000.0,146,2017-03-25,Private,323947949876286295cad264a3da61657057900fd4d10ce40e6ae2c7c872171b,51.0,0.0
В доме чистый подъезд,большой тамбур на три квартиры,дружные соседи. Окна во двор с прекрасным видом на детскую площадку./,,,,,,,,,,,,,,,
790de3f5e2d8,02a09b895952,Алтайский край,Барнаул,Личные вещи,"Одежда, обувь, аксессуары",Аксессуары,,,"Подьюбник, два кольца",,200.0,33,2017-03-18,Private,c82b896628d35b90e63d69ec7c18a252af413d3f91fc8514925220849b58d3b8,559.0,0.0
501b4e5ccbdb,5bb5351a709d,Татарстан,Казань,Личные вещи,Детская одежда и обувь,Для девочек,Брюки,146-152 см (10-12 лет),Чёрные школьные брюки на девочку,"Продаю брюки школьные на девочку, чёрного цвета. Забирать в Дербышках или на парке Горького.",100.0,37,2017-03-21,Private,4c6a49ec25fd8b343308cd7923a09bed16a5f940e9699a0fc0f4994211293ce8,580.0,0.12459
Газ - по меже ./,,,,,,,,,,,,,,,,,
c404ac3f1f9a,64becafcafef,Новосибирская область,Новосибирск,Для дома и дачи,Ремонт и строительство,Стройматериалы,,,Продам обои,"Продам обои моющиеся виниловые на флизелиновой основе без смещения 1м* 10м (осталось от ремонта - 4 рулона в упаковке, 2 рулона разрезаны на полосы 2,65 м) цена за все - 1300 руб.",300.0,25,2017-03-20,Private,fd37d41cdc2b86c0691733e62798076fb57cf239c75c8f435b7e765621748db7,1326.0,0.86521
/,,,,,,,,,,,,,,,,,
/,,,,,,,,,,,,,,,,,
/,,,,,,,,,,,,,,,,,
/,,,,,,,,,,,,,,,,,
/,,,,,,,,,,,,,,,,,
/,,,,,,,,,,,,,,,,,
/,,,,,,,,,,,,,,,,,
/,,,,,,,,,,,,,,,,,
/,,,,,,,,,,,,,,,,,
/,,,,,,,,,,,,,,,,,
/,,,,,,,,,,,,,,,,,
/,,,,,,,,,,,,,,,,,
/,,,,,,,,,,,,,,,,,
/,,,,,,,,,,,,,,,,,
/,,,,,,,,,,,,,,,,,
/,,,,,,,,,,,,,,,,,
/,,,,,,,,,,,,,,,,,
/,,,,,,,,,,,,,,,,,
/,,,,,,,,,,,,,,,,,
/,,,,,,,,,,,,,,,,,
/,,,,,,,,,,,,,,,,,
/,,,,,,,,,,,,,,,,,
/,,,,,,,,,,,,,,,,,
/,,,,,,,,,,,,,,,,,
/,,,,,,,,,,,,,,,,,
/,,,,,,,,,,,,,,,,,
/,,,,,,,,,,,,,,,,,
/,,,,,,,,,,,,,,,,,
/,,,,,,,,,,,,,,,,,
/,,,,,,,,,,,,,,,,,
Место осмотра-договорное,"скидки по телефону без оснований отсутствуют -только у капота!! Срочно!\"",650000.0,1,2017-03-22,Private,1df1465101470f2c83da47c80eaf90a58cbf038dc17eee76e404b12810e2367f,1118.0,0.0,,,,,,,,,
"Аргументированный торг.\"",12000.0,118,2017-03-20,Company,b57529249108221c73328f00afd8c1e1e822930e28034af7b87ac58930b6ee20,2368.0,0.0,,,,,,,,,,
f816496405e5,7f3f0a4b8bd7,Ставропольский край,Невинномысск,Бытовая электроника,Настольные компьютеры,,,,Компьютер,"\"Компьютер полностью готов к работе. установлен новый Windows 7 (64). в комплекте монитор Viewsonic va916 19\"\" ЖК (1280х1024)",новая мышь./,,,,,,
Эскалаторы,Парковка,первая линия,",,172,2017-03-22,Company,c9a18619961f8a39ca454a9703244a9fe6ab5a4355bf7868129193f4ed446942,431.0,0.39982",,,,,,,,,,,,,,
218535d7e2f7,2b939d842b42,Краснодарский край,Новороссийск,Бытовая электроника,Товары для компьютера,Клавиатуры и мыши,,,Мышь игровая,Игровая мышь,500.0,4,2017-03-17,Private,1f177f9eb99b544fa95c2103e80e7682ef76940f6bde26ace92ba2005ef0606d,2824.0,0.76786
"Фото#2-1800р изготовим офисную мебель под заказ!!!\"",2200.0,49,2017-03-17,Company,6205e5611bd36946d198be7735be62e1aac0d7d0296b171fd068fb8704e5cfeb,1452.0,0.0,,,,,,,,,,
●●● 9 преимуществ нашей Фабрики ●●●/,,,,,,,,,,,,,,,,,
Характеристики:/,,,,,,,,,,,,,,,,,
СОДЕРЖАНИЕ:/,,,,,,,,,,,,,,,,,
6c5711c0d742,673d08814cf6,Воронежская область,Воронеж,Личные вещи,Товары для детей и игрушки,Товары для кормления,,,"Молокоотсос ручной, стерилизатор",Молокоотсосом пользовалась 2 недели!!! Состояние нового!!! Все что на коробке нарисовано все отдаю. Стерилизатор и несколько контейнеров авент !!!,2000.0,4,2017-03-28,Private,3712367a888e3122752a09fed9735fcbdd21feeaf8ecd11f1bf19d5b6b135ddb,812.0,0.0
28aa57ef6838,a7d6043a9b33,Краснодарский край,Усть-Лабинск,Недвижимость,"Дома, дачи, коттеджи",Продам,Дом,,Дом 72 м² на участке 6 сот.,Продается кирпичный дом в районе вольной.5 комнат.времянка жилая.или обмен на меньшее жилье с вашей доплатой.можно обмен на краснодар.,2600000.0,2,2017-03-23,Private,cb8d4cdb9865ec55788f1b06db2f75e95264e86d74f7e2f9e1d8f847a0dff3ab,2218.0,0.0
de5615ef4596,64527c7488ca,Нижегородская область,Нижний Новгород,Личные вещи,Товары для детей и игрушки,Товары для кормления,,,Новый дорожный горшок (надувной),"Новый, в запечатанный упаковке. 300 рублей.",300.0,225,2017-03-23,Company,fade761ec60e3126dca4641fedf9b6f6e245059e84b6b00cdf06ce0729f85b3c,816.0,0.45114
Глубина пропила дерева 65мм;/,,,,,,,,,,,,,,,,,
— Электронный блок управления;/,,,,,,,,,,,,,,,,,
- цвет- айвори/,,,,,,,,,,,,,,,,,
0b42ff388278,74b1be566525,Нижегородская область,Нижний Новгород,Для дома и дачи,Ремонт и строительство,Сантехника и сауна,,,Раковина с пьедесталом б/у,"Продаю раковину с пьедесталом б/у в хорошем состоянии, в наличие 2шт. Цена за комплект 1000руб.",1000.0,10,2017-03-16,Private,7566eaf8a2549b876a3093792269279a50bb0cbf947555fbb0693ac9a7423bdd,1387.0,0.0
Максимальное разрешение для цветной печати:600x600 dpi/,,,,,,,,,,,,,,,,,
9a8c90bf45a4,9261f36f7744,Алтайский край,Барнаул,Для дома и дачи,Мебель и интерьер,Текстиль и ковры,,,Новое покрывало + 2 подушечки,Новое покрывало на 2-х спальную кровать (240х220 см) + 2 подушечки (40*40 см ) Ткань сатин-атлас.,1500.0,179,2017-03-18,Private,32ecc5044663e33a8be4c94de480525fbdf81be986afc291cecdd9a06ff8ae3b,1439.0,0.0
594721b726e0,35a49a3085c4,Нижегородская область,Нижний Новгород,Личные вещи,Детская одежда и обувь,Для мальчиков,Другое,,Пиджаки для начальной школы,"Продаю 2 пиджака для начальной школы, ткань плотная, в отличном состоянии. Первый в клетку: длина по спинке 54 см, рукав 46 см, ширина в подмышках 40 см. Второй пестрый: длина по спинке 62 см, рукав 52 см, ширина 44 см.",500.0,52,2017-03-25,Private,d4f0dc2ed6a55dfa97d07d629f956992bddbdc99f50c12fdb9e24664c1e66fa3,562.0,0.0
газ,городская  вода,/,,,,,,,,,,,,,,,
bb37f148aedf,bb3f61139d3a,Нижегородская область,Нижний Новгород,Личные вещи,"Одежда, обувь, аксессуары",Женская одежда,Обувь,38,Дутики рибок,"зима,рибок оригинал,бу активно.",299.0,236,2017-03-18,Private,b61de4df4b4c1561337fec8a37dd5ec34ad7340e21529bc5f0ab8a6146d08a92,458.0,0.80323
АДРЕС ОФИСА:/,,,,,,,,,,,,,,,,,
В подъезде - круглосуточно консьерж. Видеонаблюдение по периметру,в подъезде,лифтах. Закрытый охраняемый двор./,,,,,,,,,,,,,,,
Socket LGA775/,,,,,,,,,,,,,,,,,
27f12434aea0,86023fb36e66,Нижегородская область,Нижний Новгород,Личные вещи,"Одежда, обувь, аксессуары",Женская одежда,Платья и юбки,40–42 (XS),Платье XXS фирмы Bestia,"Продам платье Bestia, пришло с сайта, не подошло./",,,,,,,
b5f1598fcec2,13094487bb2b,Краснодарский край,Краснодар,Для дома и дачи,Продукты питания,,,,Детские пряничные раскраски,"Теперь пряники можно не только есть, но и раскрашивать своими руками!🎨🖌/",,,,,,,
150 руб,1.5л,Помидоры/,,,,,,,,,,,,,,,
b9a60b6ab8a9,676c3569fff0,Красноярский край,Красноярск,Недвижимость,Земельные участки,Продам,"Сельхозназначения (СНТ, ДНП)",,"Участок 6 сот. (СНТ, ДНП)","\"Продам земельный участок СНТ \"\"Березка\"\" станция Таежный Манский район. Участок очищен от мусора",огорожен забором,без построек. Есть летный водопровод,электричество. Пейзажное,шикарное место для отдыха и здоровья,кругом тайга,сосновый бор. Возможность подъезда КРУГЛОГОДИЧНО! Недалеко от станции,"рядом магазин. Торг\""
Чилийская кухня/,,,,,,,,,,,,,,,,,
Процессор AMD Athlon M320 2*2200Mhz/,,,,,,,,,,,,,,,,,
* Просьба звонить ТОЛЬКО в случае,если Вы видите моё объявление перед глазами. /,,,,,,,,,,,,,,,,
c594b376e0bb,a50ef44004f4,Татарстан,Казань,Для дома и дачи,Мебель и интерьер,Шкафы и комоды,,,Угловой шкаф,"Угловой шкаф б/у в отличном состояние,самовывоз",4000.0,12,2017-03-26,Private,c66dd0b587cdd827d50fbdc2e9f62d4934f595e4bc0d49bda1f62e6ae9835ba8,1484.0,0.4850100000000001
Услуги консультирования  или проверки документов без составления декларации 100 руб. /,,,,,,,,,,,,,,,,,
— Уведомление о входящих и пропущенных звонках/,,,,,,,,,,,,,,,,,
Цвет: Серый./,,,,,,,,,,,,,,,,,
20890b428e54,04d500dfe339,Пермский край,Лысьва,Личные вещи,"Одежда, обувь, аксессуары",Женская одежда,Платья и юбки,40–42 (XS),Юбка,Состояние 5/5,150.0,8,2017-03-20,Private,542f09f747b75274303771188407ef8f8f8efeced8fb525e7a5af67fcc4728af,81.0,0.15813
Кипр 2 цента,1983-25р/,,,,,,,,,,,,,,,,
1c5044645490,f0c3485f0989,Ярославская область,Ярославль,Личные вещи,Детская одежда и обувь,Для девочек,Трикотаж,86-92 см (1-2 года),Кофточка,,300.0,18,2017-03-20,Private,6ec2867fd9fb3720a215e4e458e139699d037b74ef4f94bafdfe0bad6109c587,107.0,0.0
17584914403c,10b2f6567535,Пермский край,Соликамск,Личные вещи,"Одежда, обувь, аксессуары",Женская одежда,Верхняя одежда,46–48 (L),Демисезонное пальто,"Продам пальто, в хорошем состоянии, из Австралии , заказывала с интернета, размер не подошел.",1800.0,1,2017-03-22,Private,1df91ac2b2b71f8400fbd1e4c7ba63e2ff5a18a15579eab15d2ee1c408d32190,655.0,0.23883
Подушка безопасности переднего пассажира/,,,,,,,,,,,,,,,,,
7dd0be1da417,de6e01e9fdb3,Саратовская область,Саратов,Животные,Кошки,Другая,,,Котята рыжие отдам в добрые руки,Им около месяца оба мальчики от рыжей мамки.. Только начали игратся  и передвигатся по дому)),,4,2017-03-26,Private,576cf0ddcaf4ad0cc3fa9d83a7d87ab2200cea2b84b619c6f17370b9aebe9649,2070.0,0.78503
Ждем вашего звонкa../,,,,,,,,,,,,,,,,,
dfaca539e0f4,e121e9125f57,Свердловская область,Новоуральск,Личные вещи,Детская одежда и обувь,Для девочек,Обувь,26,Резиновые сапоги для девочки,"Продам резиновые сапоги для девочки. Утепленные. Состояние хорошее. Размер 26, на примерный возраст 4—5 лет.",400.0,80,2017-03-23,Company,4ed319148a88124b2ba738b34040b3cbbd39b0d8ecc47afc6013039954510952,91.0,0.0
4bf6b4110a11,1be2f3592f1e,Татарстан,Казань,Личные вещи,"Одежда, обувь, аксессуары",Женская одежда,Обувь,39,Туфли,Туфли новые. Надела один раз только на выкуп.,300.0,22,2017-03-17,Private,f99b2ac3954b2de8e5773f5c99207a85cd40f4e6a2230970ca83a89231b8f18c,435.0,0.0
bc5cbe04f399,b5db6c5fe3da,Омская область,Омск,Личные вещи,Детская одежда и обувь,Для девочек,Брюки,74-80 см (7-12 мес),"Летние джинсы play today, в идеале","летние джинсы play today, в идеале размер 74. были куплены за 800",200.0,157,2017-03-16,Private,9212d8a599ff195eddd591d2eb57e7365a2ba7ebded206fe95839b2eddeb3c1f,54.0,0.0
Насос погружной дренажный/,,,,,,,,,,,,,,,,,
6536a6f250c7,d7c0f454dea7,Татарстан,Казань,Недвижимость,Квартиры,,,,"1-к квартира, 39 м², 8/10 эт.","Московский район, Тунакова 45/1. Продается однокомнатная квартира в ЖК Яшьлек. Общая площадь 39кв.м, зал 19м, кухня 8,5 м. Предчистовая отделка, штукатурка, стяжка пола. Установлены счетчики на воду, электричество. Индивидуальное отопление !!! В доме подземная парковка. Окна квартиры выходят на солнечную сторону ( на Московский рынок). Станция метро в 5 минутах ходьбы. Дом полностью готов, осталось озеленение двора. Сдается летом 2017г. Рядом Восстания, Декабристов, Волгоградская.",2590000.0,9686,2017-03-21,Shop,a78bbe349f09d8f9aed75ff08efe7421c15fe0c34b0f89ead98f8b54b26b6aa2,2218.0,0.2495
Вам не надо приезжать в сомнительные места к сомнительным людям.На наш проверенный товар мы даем ГАРАНТИЮ.ДОСТАВКА ПО РОССИИ./,,,,,,,,,,,,,,,,,
96cb14c52f89,b42a61446689,Башкортостан,Салават,Личные вещи,Товары для детей и игрушки,Автомобильные кресла,,,Автолюлька,"Автолюлька,0-13 кг,б-у 3 мес.",1500.0,2,2017-03-28,Private,eb1521f5f6be1cbdac965267a445b759500936c4fbabb5f29eb13f6f70658a2e,796.0,0.80323
./,,,,,,,,,,,,,,,,,
./,,,,,,,,,,,,,,,,,
./,,,,,,,,,,,,,,,,,
• 4м*3м*2.10 цена 13 900/,,,,,,,,,,,,,,,,,
Производитель:MSD/,,,,,,,,,,,,,,,,,
1600 вт/,,,,,,,,,,,,,,,,,
58b1e684cf70,df1104ec9035,Саратовская область,Пугачев,Животные,Другие животные,С/х животные,,,Корова,Корова с  теленком(телочка 2.5мес.),53000.0,2,2017-03-19,Private,,,0.39355
Жёсткая спинка: да/,,,,,,,,,,,,,,,,,
-Чаша изготовлена из прочного пластика/,,,,,,,,,,,,,,,,,
За 11 лет опыта мы изготовилии более 138 000 аквариумов,половина из которых - аквариумы по особым требованиям заказчика./,,,,,,,,,,,,,,,,
1 рубль юбилейный ( 20 лет первого полёта человека в космос )/,,,,,,,,,,,,,,,,,
Пожалуйста,"назовите лот 208\"",2950000.0,3134,2017-03-15,Shop,733b612b9626217243acca9cdb0bfb3f559c3f0156c7675588e70755823e49e2,2219.0,0.05193,,,,,,,,,
20264df6d9f4,d96c3e9d8bb7,Саратовская область,Саратов,Личные вещи,Детская одежда и обувь,Для мальчиков,Обувь,33,Сапоги. Зима,,900.0,15,2017-03-20,Private,863420445eb4cfeddaa8bbc8d7c66ef7249670f0337d59695a33037c9b91de7a,49.0,0.0
a6d3ab97d799,cd1e2effb955,Нижегородская область,Нижний Новгород,Бытовая электроника,Товары для компьютера,Комплектующие,Системы охлаждения,,Кулер intel 775,кулер intel 775 d34052-002/,,,,,,,
Разрешение камеры: 320 х 240 пикселей./,,,,,,,,,,,,,,,,,
6af5298ce4df,692e4c809bc9,Краснодарский край,Сочи,Недвижимость,Коммерческая недвижимость,Сниму,Помещение свободного назначения,,Сниму помещение свободного назначения,"Сниму помещение от 15 до 40 квадратов, для производства выпечки. Свет, вода, обязательно. Долгосрочно. В центральной части Сочи или Олимпийском парке, можно цоколь. Можно не проходное.",1000.0,70,2017-03-19,Company,,,0.16899
5d7c1da549c8,2e725941097b,Омская область,Омск,Личные вещи,"Одежда, обувь, аксессуары",Аксессуары,,,Шапочка - бини валяная в розово-лиловых тонах,"Авторская ручная работа. Шерсть 100% Размер 56-57-57,5",1600.0,32,2017-03-15,Private,54d5c51c037ba1fe29620a9f50182cdd5a7bcda9f619a0ad72ef49a07cd3a9af,334.0,0.0
 Мы занимаемся проектированием,производством,монтажом,обслуживанием оборудования разных типов,тензометрические автомобильные весы среди них. Специалисты компании,изучив потребности клиента,особенности объекта,сформируют персональное предложение и изготовят платформенные автомобильные весы «под ключ»./,,,,,,,,,,
Покупала в магазине Респект/,,,,,,,,,,,,,,,,,
LaserJet Pro P1606dn/,,,,,,,,,,,,,,,,,
90e68497ea2a,2d4036f8f821,Челябинская область,Челябинск,Недвижимость,Квартиры,Продам,2,Новостройка,"2-к квартира, 67 м², 5/10 эт.","Дом возведен, остеклен, ведутся внутренние отделочные работы. Сдача дома III квартал 2017 г./",,,,,,,
3a91cfcbe7bd,981b2f727e2a,Новосибирская область,Новосибирск,Для дома и дачи,Мебель и интерьер,Шкафы и комоды,,,Библиотека модульная,"\"Производитель: \"\"Олмеко\"\"/",,,,,,,
● HDMI/,,,,,,,,,,,,,,,,,
ef0455ab7b58,8a487a71f9cb,Красноярский край,Красноярск,Личные вещи,"Одежда, обувь, аксессуары",Мужская одежда,Пиджаки и костюмы,46–48 (M),Пиджаки и костюмы,"мужской костюм , в нормальном состоянии , одевали только на свадьбу",,11,2017-03-26,Private,3f1135ff6bb567be8b39bc662541c4c2120177c3d17fd0dadf28b11fc30be9bf,656.0,0.0
3ca93a3886c6,b686a7453950,Удмуртия,Глазов,Недвижимость,Гаражи и машиноместа,Продам,Гараж,Кирпичный,Гараж,"\"Продам гараж двухуровневый,свет,тепло,2 этаж. Г/к \"\"Юбилейный\"\"(стройкерамика)\"",140000.0,51,2017-03-21,Private,,,0.02615
9f880b65640d,fb7af9a75d75,Татарстан,Набережные Челны,Бытовая электроника,"Игры, приставки и программы",Игры для приставок,,,Игры PS3,ФИФА 13 - 300 руб/,,,,,,,
4eee00a0f7fa,0b39f4b6ee0a,Ростовская область,Ростов-на-Дону,Личные вещи,"Одежда, обувь, аксессуары",Мужская одежда,Трикотаж и футболки,46–48 (M),Джемперы Tommy Hilfiger,"Абсолютно новые,с бирками./",,,,,,,
Поясничный отдел - 300р./,,,,,,,,,,,,,,,,,
Эффективность90 lm/W/,,,,,,,,,,,,,,,,,
********************************/,,,,,,,,,,,,,,,,,
Объем двигателя - 1140 куб. см./,,,,,,,,,,,,,,,,,
9e489ba512b5,0e4277db4443,Татарстан,Казань,Личные вещи,Товары для детей и игрушки,Автомобильные кресла,,,Автолюлька,«Еду-Еду». Б/у. В очень хорошем состоянии. Почти новая.,1000.0,71,2017-03-18,Company,6b94c3af2e67803bc5e68c37a9ce685a6aa2520da4939741c66e46c362ad7302,796.0,0.80323
"- Объявление не является публичной офертой\"",900.0,454,2017-03-17,Shop,a3475e76ad1a9963b366436b8f15b01720be80810cd1b469491243106b5540da,2854.0,0.0,,,,,,,,,,
1) 120гб /,,,,,,,,,,,,,,,,,
8688c8859cfa,4e67a90b336e,Иркутская область,Тулун,Бытовая электроника,Товары для компьютера,Клавиатуры и мыши,,,Клавиатура,Новая,900.0,27,2017-03-24,Private,bb4a60305b46afb93944a6a9c02a96a37c8f053ddea0cab21f1ed5494f1f3bc5,2829.0,0.0
1d68c0f1c732,b52c623db57a,Калининградская область,Нестеров,Личные вещи,"Одежда, обувь, аксессуары",Женская одежда,Рубашки и блузки,42–44 (S),Блузки,"Нестеров, Гусев",150.0,3,2017-03-19,Private,542a6bfd081f6771b3f1bd3c4c0dde1316aada93ef3781abdf19c02157dca87a,125.0,0.0
Коммуникации все центральные,выкуплены согласно тех. условиям и подведены,отопление и горячая вода от своего двухконтурного газового котла,значительная экономия,до 60% на коммунальных платежах./,,,,,,,,,,,,,
Трехзонный климат-контроль с ионизатором воздуха Nano-e /,,,,,,,,,,,,,,,,,
ВАЗ,запчасти на ваз,классика,"2107\"",8000.0,7,2017-03-21,Private,db2ae6238caae2a016dc0aab9bee487b5e005656ad022b61aaf5ef279b717f4b,2264.0,0.32542,,,,,,,
"Причина продажи: вырос :)\"",1500.0,10,2017-03-27,Private,e7f285244378960a22a2dd3c1706f5bc1de687d0f7f45e9fb6ceace27cb9e528,864.0,0.0,,,,,,,,,,
faac9c5297fe,62eb3fc89064,Нижегородская область,Выкса,Транспорт,Автомобили,С пробегом,Toyota,RAV4,"Toyota RAV4, 1998",Все в рабочем состоянии,168500.0,1,2017-03-26,Private,454fe3904eb1fcb1417a147864a48bb629203b2787b5d786155336778ae26e68,2264.0,0.7376
Тип разъема для зарядки/,,,,,,,,,,,,,,,,,
Перейдите в наш магазин на «Авито»,в разделе контакты есть ссылка на сайт./,,,,,,,,,,,,,,,,
2d3a934b020a,a2de9a4b13c1,Омская область,Омск,Личные вещи,"Одежда, обувь, аксессуары",Женская одежда,Верхняя одежда,44–46 (M),Куртка весна новая,"Новая, европейское качество",1500.0,119,2017-03-25,Company,548c695d7b7d00ad0eca2f8a21def47786e6177448ccab14b17692213e119589,95.0,0.0
fac8a4c740b2,5d29ea5105a2,Саратовская область,Балашов,Транспорт,Автомобили,С пробегом,ВАЗ (LADA),2114 Samara,"ВАЗ 2114 Samara, 2005",Хорошее состояние,100000.0,135,2017-03-25,Company,668499d6fc723adbeb9de77f7099b4a116136b30dc3a4a8cb90630448e4b2f8b,1108.0,0.7376
Кол-во горелок (ТЭНов),шт 2/,,,,,,,,,,,,,,,,
"📢Магазин-сервис \"\"ТехноТочка174\"\"( техноточка174.р•ф)предлагает следующие услуги:/",,,,,,,,,,,,,,,,,
- Отсверливание проема при значительной толщине стены/,,,,,,,,,,,,,,,,,
Габариты: 3,7 х 1,53 х 0,55 м./,,,,,,,,,,,,,,
9b281df64a48,875eb55b376b,Краснодарский край,Краснодар,Личные вещи,"Одежда, обувь, аксессуары",Женская одежда,Обувь,36,Ботильоны,"Продам ботильоны, на устойчивом каблуке! Звоните, пишите ватсап, не стесняйтесь)",500.0,56,2017-03-23,Company,bd8520f304503e5555eb47b5f7d4eeb1b3fe788f2935a2ccdab0cd80c0e5875b,501.0,0.0
- снос и возведение стен./,,,,,,,,,,,,,,,,,
d3c1732f4af2,0e213c9bca7e,Ханты-Мансийский АО,Когалым,Недвижимость,Комнаты,Продам,,,"Комната 14 м² в 2-к, 1/5 эт.","Продам комнату, собственник",1000000.0,7,2017-03-24,Private,,,0.37281
- мед.пластмас - не токсичен,безвреден (в отличии от товаров конкурентов)./,,,,,,,,,,,,,,,,
Водопоглащение— до 4 %/,,,,,,,,,,,,,,,,,
24e07db3a647,ee4f1fc97169,Краснодарский край,Копанская,Транспорт,Водный транспорт,Моторные лодки,,,Мотор болотоход 7 сил,Ходили два сезона но очень редко... работает отлично ни разу небыло проблем с ним! На дорогу скинем.... ЛОДКИ НЕТ,20000.0,10,2017-03-16,Private,1119a21a31f9001c43c30aabaa3b099c8798d678ae5e50f74452c847143a9406,1061.0,0.0
a70a6da81a1a,b3535001e885,Омская область,Омск,Для дома и дачи,Продукты питания,,,,Картошка оптом Гала2. 9руб.кг,"Оптом,и в мелький  опт. 100тонн,семенная,калибр 3,4,5.реппродукт, сорт гала 2.",9.0,50,2017-03-21,Company,,,0.86521
469bbb863af8,53fed7d26ecd,Татарстан,Актаныш,Личные вещи,"Одежда, обувь, аксессуары",Женская одежда,Верхняя одежда,48–50 (XL),Вес.плащ,Новый,1000.0,12,2017-03-22,Private,49df1db0298dab3ab83057b206459d7b7d791664d4f111151000f1b9d02fe8fb,2306.0,0.0
"Дмитрий Емец \"\"Мефодий Буслаев. Первый эйдос; светлые крылья для темного стража; карта хаоса; ожерелье дриады\"\" - 250 каждая (отличное состояние)./",,,,,,,,,,,,,,,,,
Замена Ремонт лаг столбов для деревянных полов/,,,,,,,,,,,,,,,,,
5577788277fe,33dce47437ab,Свердловская область,Екатеринбург,Личные вещи,"Одежда, обувь, аксессуары",Женская одежда,Обувь,40,Ботильоны демисезонные модельные,"Ботильоны замшевые, абсолютно новые.  Очень удобная колодка. Каблук 12 см./",,,,,,,
fd8825a4b797,12d6e3397a71,Челябинская область,Магнитогорск,Транспорт,Автомобили,С пробегом,Chery,Fora (A21),"Chery Fora (A21), 2008","Машина в хорошем состоянии. Машина куплена отцу, по мед показаниям запретили водить, по этой причине продаем. Машина не гнилая, не битая.",200000.0,1,2017-03-16,Private,fbc26f8ea91ece0d08bae28e6848c3094e7c882e649f51f776660227035871f0,2262.0,0.09326
"(6722139946)\"",12000.0,520,2017-03-20,Company,8c7c088d3e35d8fb48b6a0aec6ad1ca8282d75368570b14606b513e6711c25c8,2325.0,0.0,,,,,,,,,,
Боковое отделение для масленки. /,,,,,,,,,,,,,,,,,
"- Объявление не является публичной офертой\"",250.0,517,2017-03-18,Shop,ee9d2714077a319cf746905648c949475813e171f26fe212bfc2250b3f07b43f,2797.0,0.0,,,,,,,,,,
30 кадров/с/,,,,,,,,,,,,,,,,,
"ТОРГ реальному покупателю.\"",2800000.0,7809,2017-03-21,Company,,,0.03383,,,,,,,,,,
892d8bfface5,dcd1f5bf01d9,Свердловская область,Екатеринбург,Личные вещи,"Одежда, обувь, аксессуары",Аксессуары,,,Рюкзак,,500.0,10,2017-03-18,Private,e7350655596ba40c0627277036601b005df7ab6c41d75507e202a99a0a6e2d3b,178.0,0.80323
6ab1c43a835a,e0a8394a1405,Краснодарский край,Краснодар,Личные вещи,Детская одежда и обувь,Для девочек,Обувь,21,Котофей Кожа Ортопедические,"Туфли ортопедические, что немаловажно для здоровья детских ножек подошва натуральная кожа, очень нежные и красивые, недостаток-небольшая одна коцкочка незаметная на носике одной левой туфельки. Одеты пару раз. Купили впритык. Найти большего размера таких не могу. Советую заботливые мамочка отличные туфли.",1000.0,59,2017-03-17,Private,864e75ca8e3491ca254e50f061a9c93f78f4d8979b78edb672120e44e7bdce8a,93.0,0.0
6d80f89fcbd2,e3bce20d8e68,Волгоградская область,Волгоград,Хобби и отдых,Велосипеды,Горные,,,Велосипед format 1213 К 26 L Цв голуб Год 2015,Велосипед FORMAT 1213 Колесо 26 Размер 19 Цвет голуб Сезон 2015/,,,,,,,
Заказывала за 80 тыс,продаю за 70,"торга нет!\"",70000.0,87,2017-03-16,Company,2cc731cc692eac5a4d967c11b1552cc1f1b68ef58335812af0c7a9c273c60f4e,2024.0,0.0,,,,,,,,
"Никаких скрытых комиссий - звоните подберем Вам квартиру!\"",1738288.0,328,2017-03-21,Company,f0b39b9777e380ec096dc775e0ba847ed14caf05ebbd19b07ffa53bd6596e7c5,2221.0,0.10136,,,,,,,,,,
d45453dab044,c0e3114f9e5c,Пермский край,Пермь,Для дома и дачи,Бытовая техника,Для кухни,Мелкая кухонная техника,,Пароварка tefal,Три уровня. Можно говорить сразу три блюда .,800.0,192,2017-03-16,Company,4c5b1e31dc35c36f82b2dcfed7312fc7ea144ec26fcca6d7371b32b00e3f94d6,1822.0,0.0
d07e6ea8cff8,c6fa30f34750,Свердловская область,Екатеринбург,Личные вещи,"Одежда, обувь, аксессуары",Женская одежда,Верхняя одежда,42–44 (S),Шуба (кролик),Продаю шубу (весна/осень) в хорошем состоянии - необходимо поменять крючки!,1500.0,40,2017-03-23,Private,98fc2caae70e45756fccb103b9ffc03d89bfcdfda7d61153211b499188a05500,646.0,0.0
45fc1337617d,d1e0835bced5,Челябинская область,Верхний Уфалей,Личные вещи,"Одежда, обувь, аксессуары",Женская одежда,Другое,,Комбинезон (джинсовый),"Комбинезон (джинсовый, 26 размер).",300.0,43,2017-03-23,Private,d64ce81f5c138e0554d27d8178bbdf573c35c58b08d0aad340f4c82166f260b6,80.0,0.0
⚡Гарантия: 1 год,сервис-центр 24/7;/,,,,,,,,,,,,,,,,
Вы можете сохранить исполняемые вами ноты в памяти цифрового пианино для последующего воспроизведения/,,,,,,,,,,,,,,,,,
Hdd-500GB//,,,,,,,,,,,,,,,,,
пробег – 15000 км/,,,,,,,,,,,,,,,,,
0bdf7b831f49,b7c3e4a2dbe5,Челябинская область,Челябинск,Услуги,Предложение услуг,"Ремонт, строительство",Отделочные работы,,Паркетные работы,"Паркетные работы любой сложности. Опыт более 15 лет. Реставрация паркета,укладка паркета и массива. Профессиональный подбор материалов. Работаем немецкой шлифовальной техникой.",,3,2017-03-21,Private,,,0.6
"СОСТОЯНИЕ НОВОЕ. ПОЛЬЗОВАЛСЯ ОЧЕНЬ РЕДКО ПО ХОЗЯЙСТВУ.\"",20000.0,13,2017-03-22,Private,da7c786d9027c8102f77c017ea090d2e820f9aaf13e229c20f735537c69663e6,1213.0,0.0,,,,,,,,,,
05b82ef0119c,6513cbed47f4,Ханты-Мансийский АО,Сургут,Для дома и дачи,Мебель и интерьер,"Кровати, диваны и кресла",,,Продам угловой диван,"В использовании 10 лет. Сломаны молнии, потерта боковушка. Диван расскладывается. Отдаем вместе с креслом, самовывоз.",16000.0,2,2017-03-22,Private,6afc2164e3877c87dbbd5df726d2d285043bce0ecdc1c40d3ae671c300e0a2d6,1442.0,0.0
520cfa232c61,728a8a4b0ac3,Тюменская область,Тюмень,Для дома и дачи,Ремонт и строительство,Инструменты,,,Сварочный аппарат Ресанта 190-н,Сварочный аппарат Ресанта 190-н/,,,,,,,
698dcb4b67b9,d25f63c5821f,Челябинская область,Челябинск,Недвижимость,Квартиры,Продам,2,Вторичка,"2-к квартира, 63.7 м², 15/16 эт.","Продам квартиру свободной планировки в центре города, площадь 63,7 кв.м. 15 этаж. Южная сторона, большой балкон 13 кв.м. закрытая территория, консьерж. Лифты Kone. /",,,,,,,
be35a5ac8af8,a522360a5740,Краснодарский край,Анапа,Личные вещи,"Одежда, обувь, аксессуары",Женская одежда,Топы и футболки,40–42 (XS),Футболка с котом,,200.0,7,2017-03-28,Private,007a7f62725a69eff9a94ad9f8fd5eba7831c276fc847cc8b6b120c5b8b2fd7d,622.0,0.0
В хорошем состоянии. /,,,,,,,,,,,,,,,,,
ветрозащитные и теплые/,,,,,,,,,,,,,,,,,
2к. кв   от 46 до 62 кв.м. по 38000 за кв.м./,,,,,,,,,,,,,,,,,
Производство и отгрузка,г. Казань/,,,,,,,,,,,,,,,,
- 4 метровая - 13 600 рублей./,,,,,,,,,,,,,,,,,
Нагрузка - 80 кг/,,,,,,,,,,,,,,,,,
— корзина и сумочка для мелочей на родительской ручке (украшена логотипом Ламборджини)/,,,,,,,,,,,,,,,,,
Тип носителя	перезаписываемая память (Flash)/,,,,,,,,,,,,,,,,,
Все документы есть./,,,,,,,,,,,,,,,,,
- установлены красивые межкомнатные двери (шпон цвета орех); проёмы в коридоре и на кухню оформлены арками,гармонично сочетающимися с дверьми и интерьеров в целом;/,,,,,,,,,,,,,,,,
Экранированный тороидальный трансформатор для уменьшения наводок./,,,,,,,,,,,,,,,,,
Петля для подвешивания/,,,,,,,,,,,,,,,,,
- Комплектующие/,,,,,,,,,,,,,,,,,
- Подножка прогулочного блока регулируется по высоте;/,,,,,,,,,,,,,,,,,
7270b987fe9f,b6bf211dfbc6,Воронежская область,Воронеж,Личные вещи,Детская одежда и обувь,Для девочек,Трикотаж,122-128 см (6-8 лет),Новая кофта на девочку 5-7 лет,,500.0,58,2017-03-19,Private,28d0b39ab8799c0e5edfe744e179105d992c77e07775e18d2a0744a19e078add,112.0,0.0
Ракладывается. Чехол снимается и может стираться./,,,,,,,,,,,,,,,,,
Память и процессор/,,,,,,,,,,,,,,,,,
центр,"сортировка\"",400.0,833,2017-03-15,Company,4829b2e5a1256648f5b9c299e85881de10983a8aceb6c41302cd9e3b1f91dcd7,91.0,0.0,,,,,,,,,
38dbf300c769,73bf35b429bd,Белгородская область,Белгород,Для дома и дачи,Посуда и товары для кухни,Посуда,,,Тарелки,"Тарелки белые(в отличном состоянии) диаметр 27см,в коллиичестве 10шт.",80.0,45,2017-03-24,Private,e0ce4780b0d209bda87ad251dd7abb6c39acd0c00b843c83eec1fdee895b76eb,1644.0,0.1703
15d3a9f4e98f,aaf39bddf7ef,Челябинская область,Челябинск,Для бизнеса,Оборудование для бизнеса,Промышленное,,,Столбик кабель короткий,столбик КАБЕЛЬ белый пластиковый L1200мм в количестве /,,,,,,,
6fd4937063e6,0485f4eaf2f5,Пермский край,Пермь,Личные вещи,Детская одежда и обувь,Для девочек,Трикотаж,110-116 см (4-6 лет),Маечка на лето,"Продам маечку на лето, размер 110 см, смотрится очень красиво, состояние отличное,  так как одета несколько раз",250.0,44,2017-03-28,Private,78541860af438c6e0866e255545f1105c48c02e6abc48aa230fc2eba1ecc18ec,106.0,0.0
— Продавец поделится готовым бизнес планом. /,,,,,,,,,,,,,,,,,
"Цена за каждую 300р.\"",300.0,27,2017-03-23,Private,b3a896f474f229bdec2d6fa91687bbcce3afed4496fa667a318a91ded6fb183e,112.0,0.0,,,,,,,,,,
9919742b530e,4ddd0227e484,Ханты-Мансийский АО,Нижневартовск,Личные вещи,"Одежда, обувь, аксессуары",Женская одежда,Обувь,40,Туфли,Надевала 1 раз в помещении,1500.0,11,2017-03-26,Private,2d39d53bb2470ed1df2984b289ee1d0faa636a8e0de3fbb31397a36e6c0a39c7,450.0,0.0
1. Доступные цены/,,,,,,,,,,,,,,,,,
Матовые помады очень стойкие. Хорошая текстура нанесения,"не скатываются и не сушат губы.\"",600.0,81,2017-03-19,Company,f0ea1120eda646930d5a502ac25123a8bad2cf1ef10d75fab07e7c15bbfe23fa,2778.0,0.0,,,,,,,,,
"Возможна доставка в другие регионы.\"",17000.0,1,2017-03-18,Company,a824c2287eca6c1ec9e56c971ab749ca232cd92f83ea7df4f866b406ffcb4deb,1264.0,0.8652,,,,,,,,,,
090e015f2c13,8dd986d1a645,Татарстан,Казань,Недвижимость,Комнаты,Продам,,,"Комната 10.4 м² в 3-к, 8/9 эт.","Срочно и не дорого продаю комнату 10,4 ка.м в 3х ком. квартире.где проживают мать пенсионерка и сын 18 лет. Дом напротив опто-овощного рынка (все видно из окна) и рядом Авторынок. Имеется кладовка между этажами. Хорошая инфраструктура: транспорт,магазины,детские сады,школы в шаговой доступности. Торг уместен.",900000.0,1,2017-03-20,Private,,,0.07497999999999999
f0995c7fe936,6814a42f41fb,Челябинская область,Челябинск,Личные вещи,"Одежда, обувь, аксессуары",Женская одежда,Брюки,44–46 (M),Спортивные брюки Helly Hansen,Продам спортивные женские брюки оригинальные Helly Hansen. Были в употреблении недолго. В хорошем состоянии. Снизу замочки . Размер 46.,1000.0,9,2017-03-16,Private,7523eac236ce28fa2546e3cb054fb4d8256ad986138b3a143d9b3665eb064005,583.0,0.0
6f3e98fcdd85,bb4340541fa0,Владимирская область,Ковров,Личные вещи,"Одежда, обувь, аксессуары",Аксессуары,,,Набойки женских каблуков,Продам четыре пары разных новых набоек на каблуки женской обуви разных размеров со стерженьком 3мм черные.,150.0,74,2017-03-28,Company,089d46a7f261caa9c6038fb4bea017eee334e95493312a2a050af75539e2dabd,1370.0,0.0
742cff6fe649,37f4712bf660,Калининградская область,Гусев,Личные вещи,"Одежда, обувь, аксессуары",Женская одежда,Рубашки и блузки,42–44 (S),Рубашка,Размер s,150.0,12,2017-03-24,Private,f54798acf18c45852f77c16ea565c3967077021a75c2e01c3b22e91797d5ae07,635.0,0.15813
c819bad2ada7,b52a10cd3c94,Свердловская область,Екатеринбург,Личные вещи,Детская одежда и обувь,Для мальчиков,Верхняя одежда,134-140 см (8-10 лет),Отличная куртка на мальчика,Цвет коричневый. Материал кож.зам. Состояние хорошее. Звоните,600.0,1,2017-03-21,Private,22bb3a0e9ecd75f4f43dd370429fd3fa41a6139d082285b60a6e567152a603c1,648.0,0.0
0505578c190f,1edbd8b4d4c6,Красноярский край,Красноярск,Личные вещи,Детская одежда и обувь,Для мальчиков,Обувь,32,Кеды Demix р.32,"отдам за вашу цену) носили мало, раза 4 одели на футбол, и завязали с  футбольной карьерой)",100.0,27,2017-03-26,Private,679702d8f4f31163a934864880ac05ac6bc6c5d54de7e19ec47849c72795344f,85.0,0.0
Легко складывается;/,,,,,,,,,,,,,,,,,
Прямо сейчас! Закажите образцы! /,,,,,,,,,,,,,,,,,
a44a28400ea8,68a7d9973d34,Краснодарский край,Хадыженск,Для дома и дачи,Мебель и интерьер,Текстиль и ковры,,,Ковер,2X3м,1999.0,58,2017-03-28,Company,a9f7977bb2d285cb7ad0115e466243307099f771256164d50d360e984541ac58,1417.0,0.0
a1d73567563e,d7a71455d5e3,Удмуртия,Ижевск,Личные вещи,Детская одежда и обувь,Для мальчиков,Верхняя одежда,110-116 см (4-6 лет),Molo sculls новая,"Продам новую куртку, р 116. Заказывала два размера, один оставили, эту пристраиваю. Без торга. Почта за счёт покупателя.",6300.0,233,2017-03-24,Private,12060d87c7f1353ec6f051b26ba59eccaeb80f35e4bda43bc2a938dbfe4d9845,53.0,0.0
"Продам срочной все фото скину в авито.\"",6700.0,77,2017-03-22,Company,b8b22978e67c7ac48cc306af0cea718a987286766e080f8b3185c3ec4e4db1d3,2796.0,0.0,,,,,,,,,,
"- Диски Американская реплика Литые под сталь. \"\"CRAGAR\"\".  Позволяют спускать резину до 0.4 атм.. узкие (7.5\"\")/",,,,,,,,,,,,,,,,,
fb429d901f49,5167030613b7,Волгоградская область,Волгоград,Личные вещи,"Одежда, обувь, аксессуары",Женская одежда,Обувь,< 35,EasyTone Reebok,"Оригинал , новые ,малы. Отдаю дешево , торга нет.",1500.0,33,2017-03-15,Private,4b3547f0647653c63cfc41e42b649034862582d39b4ee2b4e445f01f50e0f287,442.0,0.0
d6883f65c48e,68cf130dac51,Ростовская область,Ростов-на-Дону,Услуги,Предложение услуг,Другое,,,Оконные ручки с замком. Блокираторы от детей,Установлю ручки с замком или блокиратор,600.0,30,2017-03-27,Private,9e52438b0cb0e679e8a90ed41407cf721cc4dcf69344d3a65e3bec4a215c39ee,1404.0,0.0
ПОКРАСКА МЕТАЛЛОКОНСТРУКЦИЙ,/,,,,,,,,,,,,,,,,
Большая 1-комнатная квартира с отличным видом на город./,,,,,,,,,,,,,,,,,
24bd27b9c462,7e132343c969,Нижегородская область,Нижний Новгород,Хобби и отдых,Коллекционирование,Военные вещи,,,"Рдв-12, резервуар для воды на 12 л","Предназначен для хранения и переноски воды. Объем 12 л. Состоит из резервуара, регулируемых плечевых ремней, амортизатора между спиной и резервуаром, а также верхней горловины и раздаточного крана./",,,,,,,
Вес гироскутера 14.5 кг/,,,,,,,,,,,,,,,,,
12. Крыша из металлочерепицы/,,,,,,,,,,,,,,,,,
Интерфейс приемного блока	USB 1.1/,,,,,,,,,,,,,,,,,
"В любое время Сормово\"",1300.0,4,2017-03-25,Private,fc9f21f0e03144bdd1098f80d1555cd88bda2dac8aacb4736a23d76323acfe04,3033.0,0.43177,,,,,,,,,,
264108/,,,,,,,,,,,,,,,,,
fd9a935f7388,799d9f974fce,Саратовская область,Балаково,Животные,Птицы,,,,Продам инкубационное яйцо,Продам инкубационное яйцо  юрловской голосистой .,100.0,53,2017-03-17,Company,2ba7910403a16c32c149039b325dad0c110ab3546f78aedf1e41fda89ef5128e,2214.0,0.0
53dae924c382,307ab757a2e2,Саратовская область,Саратов,Личные вещи,Детская одежда и обувь,Для мальчиков,Обувь,31,Сланцы на липучке,Сланцы на липучке 31 размер в хорошем состоянии.,100.0,19,2017-03-16,Private,4d28af0b99b5f1ef3c0481880feea2d5d37416a12247cf280c74a5db53effc4a,502.0,0.0
"Подойлут на 36 размер.\"",1100.0,103,2017-03-20,Private,28d591d80d02caf74f67cfe41fbd2432b6a051787efc5775ae5a31ec3616cf4d,505.0,0.0,,,,,,,,,,
DeWalt Очки открытые(темные)/,,,,,,,,,,,,,,,,,
Canon EF /,,,,,,,,,,,,,,,,,
Обмен не интересен./,,,,,,,,,,,,,,,,,
6191d4e0ec9f,efc76a956257,Владимирская область,Муром,Транспорт,Автомобили,С пробегом,Volkswagen,Passat,"Volkswagen Passat, 1989","двигатель сухой масло не ест, салон в хорошем состоянии, кузов есть рыжики, торг на месте",85000.0,19,2017-03-17,Private,d030f21ac523b34c3f800bb1f93b3fb162b7a29f1519df3425eaefe6c5e9eb5b,2264.0,0.01696
— мощность 530 Вт/,,,,,,,,,,,,,,,,,
Эл.стеклоподъемники./,,,,,,,,,,,,,,,,,
fb902847a77a,2f3d5b9f704d,Краснодарский край,Кропоткин,Личные вещи,Товары для детей и игрушки,Игрушки,,,Furby (разговаривает на английском),,1500.0,21,2017-03-19,Private,49d9786f10ff4dfcbe7a8b527a28bcf96377b77f310be806c133ca4933ac9090,918.0,0.0
- гарантию безопасности при проведении сделки купли-продажи автомобиля;/,,,,,,,,,,,,,,,,,
6c2c70a92778,f9bee77b15fc,Самарская область,Тольятти,Личные вещи,Детская одежда и обувь,Для девочек,"Шапки, варежки, шарфы",,Шапка,Продам шапку для девочки.в хорошем состоянии,150.0,59,2017-03-19,Private,93046cbde3040bd001fc36ce1f38ffa393e23272d3584699e34c0de11dd6dd8e,101.0,0.0
в использовании меньше месяца,аккумулятор держит 10 часов./,,,,,,,,,,,,,,,,
✔ Установка видеоигр,операционной системы,программ./,,,,,,,,,,,,,,,
d04939cc937f,0805c2fe3107,Тюменская область,Тобольск,Личные вещи,"Одежда, обувь, аксессуары",Женская одежда,Платья и юбки,40–42 (XS),Платье 42р,"Платье р40-42, с глубоким вырезом.",400.0,118,2017-03-27,Company,f453e741f8e02ab0a0228bc1b4f1e2d11b003968f9a429df23e19eac41485113,403.0,0.0
Ширина ниши для встраивания	56 см/,,,,,,,,,,,,,,,,,
a22628998c3c,409e3a20b7f0,Белгородская область,Белгород,Личные вещи,"Одежда, обувь, аксессуары",Женская одежда,Платья и юбки,Без размера,Платье новое!,"Купила, но не разу не носила!/",,,,,,,
ea32f4e4da7c,748bd803c5b4,Волгоградская область,Новоаннинский,Животные,Собаки,Другая,,,Отдам в добрые руки,"Два щеночка, девочки. Низкорослые.",0.0,64,2017-03-15,Private,fc035ae49c3bca8c6b36f4b89d19b931c5475ad30e425f02401fbbd38fc42cac,2094.0,0.78503
624ca0419b57,d08a484dc3ce,Свердловская область,Екатеринбург,Транспорт,Автомобили,С пробегом,ВАЗ (LADA),2109,"ВАЗ 2109, 1997","Продам Ваз 21093 1997 г.в. карб, после небольшого ДТП, продается как есть на фото, радиатор не поврежден. После ДТП пробовали завести, не завелась, причина не известна( не получилось открыть капот и не разбирался в чем причина). С документами полный порядок (ПТС, СТС, ДКП). Двигатель, коробка в хорошем состоянии, передачи не вылетают. Cмотреть на ЖБИ. Остальная информация по телефону. ОБМЕНА НЕТ!!! Торг.",14999.0,83,2017-03-20,Company,5383197e46e27d8586b790017d1f1c34e8e777d8ce912583258cf0eeb096e697,2264.0,0.7376
++++++++++++++++++++++++++++++++++++++++++++++++++++/,,,,,,,,,,,,,,,,,
3936c24cb546,b1837abbd802,Калининградская область,Калининград,Для дома и дачи,Ремонт и строительство,Сантехника и сауна,,,Слив для умывальника клик-клак,"Сливы для умывальника клик-клак,1/4, испания Avilo-Dos,белый и хром.белый-1200,хром-1000.",1000.0,22,2017-03-27,Private,d6d0e9c3188103f3c6d81da1a0b4d42959accd2d25e01c3453ab1a73aac56e99,1477.0,0.0
💞маникюр комбинированный 250/,,,,,,,,,,,,,,,,,
7c6a10b4f8eb,29c046c3e7cb,Ставропольский край,Ставрополь,Хобби и отдых,Коллекционирование,Модели,,,Миниатюры w40k,Танк Леман Русс (+битсы) 1500 р/,,,,,,,
3 эндокринолония пола и размножения / 1973г / П.А.Вундер./,,,,,,,,,,,,,,,,,
0e03c79253c4,4e764da2237e,Ставропольский край,Ставрополь,Бытовая электроника,Настольные компьютеры,,,,Новый для игр и треб.программ,идеальное состояние коробка и документы в наличии системник еще в пленки тянет такие игры как GTA V CALL OF DUTY 1-2017 год ведьмак 3 /,,,,,,,
Тип охлаждения: Водное охлаждение/,,,,,,,,,,,,,,,,,
a14147fa223b,bc8297c6f787,Владимирская область,Ковров,Личные вещи,Товары для детей и игрушки,Велосипеды и самокаты,,,Квадроцикл на аккумуляторе,"Продам квадроцикл на аккумуляторе, б.у 1месяц, состояние хорошее, есть зарядное устройство. Торг.",2500.0,13,2017-03-23,Private,24e6ad6a8b6ebfc00200939d51ffcf1e1cac8ccbce252cd8b7096d28eb0fa498,987.0,0.80323
Очень удобная застежка:2 липучки и сбоку замок,ножку фиксирует отлично./,,,,,,,,,,,,,,,,
"В наличии есть наполнитель!\"",7500.0,7,2017-03-22,Private,4aeca9a602143b5ac9243914532069e06670f1b74407444405b4a5f3a4ff7af9,121.0,0.0,,,,,,,,,,
Крепление на стену	есть/,,,,,,,,,,,,,,,,,
003ac5ab06fa,32fd4ecf7b9f,Ханты-Мансийский АО,Нижневартовск,Недвижимость,Квартиры,Продам,4,Вторичка,"4-к квартира, 77.3 м², 6/8 эт.",Продаю квартиру без ремонта.,3500000.0,8,2017-03-22,Private,,,0.1865
837d7eee5725,b0ff070632f8,Башкортостан,Сибай,Транспорт,Мотоциклы и мототехника,Мотоциклы,Дорожные,,Продам мотоцикл минск,Продам мотоцикл Минск в рабочем состоянии,9000.0,8,2017-03-15,Private,,,0.48305
Тип системы охлаждения/,,,,,,,,,,,,,,,,,
17305e820f8b,a5029ec9aa4f,Татарстан,Альметьевск,Личные вещи,Товары для детей и игрушки,Детские коляски,,,Коляска-трость Maclaren twin techno для двойни,"Коляска Макларен для двойни или погодок, в рекламе не нуждается, после одной двойни. в хорошем состоянии. Комплектации оригинал: Теплые чехлы на ножки, дождевик подголовники для младенцев, защитные мягкие накладки на ремни, Корзина-Сетка для покупок, есть дефект ручки протертость, на фото видно. можно использовать с 0 месяцев ,несколько положении спинки лежа полусидя сидя лямки регулируются. Удобные смотровые окошки. Очень нас выручала, легко помещается в машине.",8000.0,12,2017-03-28,Private,d76a9c8434df56ae3247afe0dc2455de42da83adf6a64a203e5945d2a67043e1,1002.0,0.80323
Получите бесплатную консультацию по организации мероприятия,"позвонив нам по телефону.\"",4000.0,6,2017-03-19,Company,d0f78ba0e057026e81116d3e078e32c0a2dedbf17dddcc61ed4d1724404e39d8,2261.0,0.33333,,,,,,,,,
0f71a59633b5,adf92e8a96e5,Ставропольский край,Ставрополь,Личные вещи,Товары для детей и игрушки,Детские коляски,,,Коляска трансформер verdi baby smile trafic,Коляска трансформер. Колеса- литая резина. Отличные амортизаторы. Регулировка высоты ручки. Сумка переноска и сумка для мамы в комплекте. Отличное состояние,2500.0,1,2017-03-18,Private,d263e6fb23644e04c065135eb459044a3f7877c1e3bde6213968d8751848556c,1002.0,0.0
Пустотность 35-40% /,,,,,,,,,,,,,,,,,
"Цена указана без стекла.\"",7950.0,3116,2017-03-21,Shop,44cbf4d5f6e5361127909988d5c4284efd7312b46658a50b02b4db04a274e974,824.0,0.0,,,,,,,,,,
Слоты расширения/,,,,,,,,,,,,,,,,,
есть,Bluetooth 3.0 HS/,,,,,,,,,,,,,,,,
•Услуги УТИЛИЗАЦИИ/,,,,,,,,,,,,,,,,,
— дистанция поездки/,,,,,,,,,,,,,,,,,
— Рядом улицы: пр. Ленина,Баха,Голубева,Даргомыжского,Заречный бульвар. /,,,,,,,,,,,,,
7fd162049252,65438447a58f,Краснодарский край,Тимашевск,Личные вещи,"Одежда, обувь, аксессуары",Женская одежда,Обувь,38,Продам новые шлепанцы,"Продам шлепанцы нат.кожа, новые, очень красивые, удобные. Не подошёл размер",1000.0,11,2017-03-17,Private,091069990b1dfd2029805fcbd2e884223a8f56cb67ca9e5989991c66c96ffd7a,502.0,0.0
e38e7513eebf,056595a1bf9e,Пермский край,Пермь,Личные вещи,"Одежда, обувь, аксессуары",Аксессуары,,,Очки RayBan,"Продам очки RayBan. Покупала в оптике, чеки есть (если возникнут вопросы к оригинальности)./",,,,,,,
Количество и тип USB на задней панели	2x USB 3.0,4x USB 2.0/,,,,,,,,,,,,,,,,
Туалет: встроенный /,,,,,,,,,,,,,,,,,
d5adff5b5970,207a639d0baf,Краснодарский край,Новороссийск,Для бизнеса,Оборудование для бизнеса,Промышленное,,,"Станок, станки бу",-радиально сверлильный станок 2м55  260000р./,,,,,,,
Цвет белый/,,,,,,,,,,,,,,,,,
1ad4e7fcfb72,b1965e0cee89,Иркутская область,Иркутск,Личные вещи,Детская одежда и обувь,Для девочек,Обувь,30,Сапожки рез,Резиновые сапоги 30 размера с теплыми вкладышами,450.0,58,2017-03-27,Private,42b8cf034e674a76eb8d1efff40b7b5e50b2018cffd9dc0f8efc9aef168990e1,2309.0,0.0
3G,Wi-Fi,блютуз 4.0,GPS/ГЛОНАСС;/,,,,,,,,,,,,,,
11b8f41b5987,45ba3f23bf25,Иркутская область,Тулун,Бытовая электроника,Телефоны,Philips,,,20.03/ Philiпс- S309/док,"— смартфон, Android 4.4/",,,,,,,
Подойдут на высокий подъем/,,,,,,,,,,,,,,,,,
Дом строится с применением современных технологий,из экологически чистых стройматериалов,облицовка керамогранитом. Современный жилой комплекс в Кировском районе. В экологически чистом районе в окружении обширного лесного массива,рядом с природными источниками воды,что располагает к долгим прогулкам на свежем воздухе и занятиям спортом./,,,,,,,,,,,,,
85af64cc5e43,d0d057aa9b37,Нижегородская область,Нижний Новгород,Бытовая электроника,Товары для компьютера,Мониторы,,,Монитор Asus PM17TU,"Монитор рабочий, диагональ 17\"\"",1000.0,146,2017-03-24,Company,10b24d01b4c3b1bb259a736adc330e62dff97c746710600f61fef7c0eeb0c7e4,2847.0,0.76786
Предлагаем услуги трубогиба. Гнем любую трубу. 50 руб/п.м./,,,,,,,,,,,,,,,,,
".все остальное без номерное.варианты обмена\"",10000.0,22,2017-03-27,Company,,,0.7164699999999999,,,,,,,,,,
"В собственности более 5 лет. 1 взрослый собственник.\"",2630000.0,16,2017-03-21,Company,daa38452f8bd91b34f8bcec5647fce0a32ad95221075c96baa58da901ea52498,2220.0,0.0,,,,,,,,,,
c94dc186db4b,ed329b9e9f36,Татарстан,Бугульма,Для дома и дачи,Мебель и интерьер,Шкафы и комоды,,,Мебель,Продается горка.,7500.0,25,2017-03-16,Private,d890957730209cf1eec472f37a1b50fbeac91e814bb92cf24311d7e593f5a774,1490.0,0.10173
3f2915e075a9,b09d4424787a,Ставропольский край,Пятигорск,Транспорт,Автомобили,С пробегом,Mercedes-Benz,GL-класс AMG,"Mercedes-Benz GL-класс AMG, 2015",Машина в идеальном состоянии. На гарантии.,3850000.0,9,2017-03-21,Private,b550d9162fc911ca06b1a0e61eab1ffeab3a56003c3ea963ad8c4c79dd1d3dae,1118.0,0.7376
Наши преимущества:/,,,,,,,,,,,,,,,,,
1acb9864fe4a,96ed8d77b982,Челябинская область,Челябинск,Личные вещи,Детская одежда и обувь,Для девочек,Обувь,35,Кроссовки naik AIR MAX,"Продам кроссовки для девочки р-р 35. Оригинальные (не Китай). В магазине 4500р.  Состояние нормальное, как на фото.",500.0,62,2017-03-19,Private,ada7b9da29af0159a4856a635863db17a95a801e88e930ca2220802a78c9e60f,451.0,0.0
d7a57c1ec9b6,518b0657f1b8,Башкортостан,Мелеуз,Бытовая электроника,Телефоны,iPhone,,,Продам айфон 5,все подробности по телефону,9000.0,18,2017-03-22,Company,bac0819b47238390c4a76f3a779b0561b4abcc90c8fde4449900f7ba12c92064,2918.0,0.0
67151a98c564,1d8026985f64,Нижегородская область,Дзержинск,Личные вещи,Детская одежда и обувь,Для мальчиков,Комбинезоны и боди,62-68 см (2-6 мес),Кокон для новорожденных новый,"Купила, постирала, погладила и забыла. Так и не узнала на сколько удобно. Купила за 850.",500.0,247,2017-03-19,Company,508cb65db995f56a25adb8543ee05b3bf6199c8009e36e09c46ee320c48811be,1008.0,0.0
d66f653d4960,a52e796cbda8,Свердловская область,Екатеринбург,Личные вещи,"Одежда, обувь, аксессуары",Женская одежда,Обувь,39,Ботильоны,Новые ботильоны одевала 1 раз. Удобные. На ноге смотрятся аккуратно.,1000.0,14,2017-03-23,Private,f5e01a8183e68cd9ea4550b9d43da00470cbf216c28656140ba430c37e204ee1,501.0,0.0
Замеры: дл. 85,п/о по проймам 48-51,"рукав от ворота 71 /по внутр. шву 44.5\"",2500.0,167,2017-03-27,Company,76ad55fa6d6af4b2879a59d90e94207b2c9d608aaf4e86ac07939d7111ec7b33,535.0,0.0,,,,,,,,
6b7075c8adb0,b52ef0a34208,Калининградская область,Калининград,Для дома и дачи,Ремонт и строительство,Двери,,,Комплект ручек для дверей,Продаю новые комплекты ручек FUARO с защелкой для внутренних дверей по 400р. В наличии 4 комплекта - за все 1500р!,400.0,35,2017-03-16,Private,b4fda2cdb80457f469b654e524824b020e632a303c56775a1d57a4ac378d982d,1374.0,0.0
Немецкая фурнтитура/,,,,,,,,,,,,,,,,,
83622065ef6c,c570333c622d,Алтайский край,Барнаул,Бытовая электроника,Ноутбуки,,,,Ноутбук Lenovo AMD E процессор + 500гб / кредит,Предоставляем КРЕДИТ на любую электронику /,,,,,,,
682ed5180fec,d293233a80d3,Краснодарский край,Полтавская,Личные вещи,Товары для детей и игрушки,Детские коляски,,,Детские хадунки,Почти новые,1300.0,2,2017-03-15,Private,1ce2d4424f1f632e851b6c8e925739c55757a82b7003683b5a1221e5054455c4,853.0,0.0
89292833052/,,,,,,,,,,,,,,,,,
fc7183d2f6df,e729d04762d8,Ростовская область,Ростов-на-Дону,Бытовая электроника,"Игры, приставки и программы",Игровые приставки,,,PS 4 Pro,Приставка новая. Ещё на гарантии. Была куплена сразу после релиза в середине ноября.,35000.0,1,2017-03-26,Private,0340a61a437c233b392e8e35adddeb9403b6d03db1ffbaa4cc95deecc69f09de,2898.0,0.06322
/,,,,,,,,,,,,,,,,,
/,,,,,,,,,,,,,,,,,
/,,,,,,,,,,,,,,,,,
/,,,,,,,,,,,,,,,,,
/,,,,,,,,,,,,,,,,,
/,,,,,,,,,,,,,,,,,
/,,,,,,,,,,,,,,,,,
/,,,,,,,,,,,,,,,,,
/,,,,,,,,,,,,,,,,,
/,,,,,,,,,,,,,,,,,
/,,,,,,,,,,,,,,,,,
/,,,,,,,,,,,,,,,,,
/,,,,,,,,,,,,,,,,,
/,,,,,,,,,,,,,,,,,
/,,,,,,,,,,,,,,,,,
/,,,,,,,,,,,,,,,,,
/,,,,,,,,,,,,,,,,,
/,,,,,,,,,,,,,,,,,
/,,,,,,,,,,,,,,,,,
/,,,,,,,,,,,,,,,,,
/,,,,,,,,,,,,,,,,,
/,,,,,,,,,,,,,,,,,
/,,,,,,,,,,,,,,,,,
/,,,,,,,,,,,,,,,,,
/,,,,,,,,,,,,,,,,,
/,,,,,,,,,,,,,,,,,
/,,,,,,,,,,,,,,,,,
/,,,,,,,,,,,,,,,,,
/,,,,,,,,,,,,,,,,,
/,,,,,,,,,,,,,,,,,
/,,,,,,,,,,,,,,,,,
/,,,,,,,,,,,,,,,,,
/,,,,,,,,,,,,,,,,,
/,,,,,,,,,,,,,,,,,
/,,,,,,,,,,,,,,,,,
/,,,,,,,,,,,,,,,,,
/,,,,,,,,,,,,,,,,,
/,,,,,,,,,,,,,,,,,
Вы можете просмотреть все объявления нашего магазина,/,,,,,,,,,,,,,,,,
82ca13e1b1b7,2d48b2911ea5,Самарская область,Самара,Личные вещи,Товары для детей и игрушки,Детская мебель,,,Ходунки,Состояние на 4 с минусом. Крепкие. Район Южный город,400.0,33,2017-03-23,Private,90615c59fb9545a23048575a4b56721049bacc675a59d1551f21c0ea6942e805,853.0,0.20167
e95dded1139b,915c98830806,Белгородская область,Старый Оскол,Бытовая электроника,Телефоны,Аксессуары,Аккумуляторы,,Аккумуляторы 3.7V,"для сотовых 100 руб/штука,новые-300 руб/штука",100.0,1642,2017-03-27,Private,99841861b683534a1fba69ee644c15ef30b2b28981568239c9a963ea0e124c8b,2912.0,0.33973000000000003
e5ac226bbb7f,2652eadb09d9,Башкортостан,Бирск,Услуги,Предложение услуг,"Ремонт, строительство",Электрика,,Электрик,"Качество и доступные цены. Звоните, договоримся",100.0,115,2017-03-21,Company,c1fd23d7421690f2cc662622bc18ee9c1bd297b2da7e0ebe4eb1de17c49b6e90,2703.0,0.8
Саморастекайка 290/,,,,,,,,,,,,,,,,,
e63f00dd1675,c3a2cc56ecc5,Челябинская область,Магнитогорск,Бытовая электроника,Планшеты и электронные книги,Планшеты,,,Планшет samsung GT P3110 гарантия,"Компактный и функциональный планшетный компьютер Samsung GT- P3110 Galaxy Tab 2 станет настоящим мобильным центром развлечений. Он позволит с комфортом смотреть фильмы, слушать музыку, читать, запускать современные игры, а также решать рабочие вопросы. Планшет в отличном рабочем состоянии. Без сколов и царапин./",,,,,,,
Тип видеокамеры: Video8,аналоговая/,,,,,,,,,,,,,,,,
62bba9334a74,4e39e20c7005,Челябинская область,Челябинск,Бытовая электроника,Ноутбуки,,,,Ноутбук Emachines D525. Разбита матрица,"Ноутбук включается.Разбита матрица. Нет жесткого диска и ОЗУ ( для проверки поставлю свою ). Ремонтировать не хочу, продаю как есть./",,,,,,,
ССЫЛКА НА АДРЕС МАГАЗИНА ТУТ/,,,,,,,,,,,,,,,,,
e36fe068bef8,ffe597b25719,Иркутская область,Ангарск,Личные вещи,"Одежда, обувь, аксессуары",Мужская одежда,Верхняя одежда,> 54 (XXXL),Кожаные куртки фирмы Toni Min (Испания Барселона),,,17,2017-03-21,Private,c5d2924afa99388ea8deaec540af35d073cc165f45486b2e0a925454eb8208e5,648.0,0.0
de8bc4ce6cca,008226432471,Краснодарский край,Новороссийск,Услуги,Предложение услуг,Уборка,Вывоз мусора,,"Вывоз мусора, уборка участков под ключ",Вывоз погрузка мусора.уборка.Все работы под ключ. Услуги грузового  транспорта ./,,,,,,,
Кол-во ядер процессора : 4/,,,,,,,,,,,,,,,,,
ЭКСКЛЮЗИВНАЯ ВЕРСИЯ С КОЖАНЫМ САЛОНОМ/,,,,,,,,,,,,,,,,,
- Общая площадь 65,85 кв. м. из которых в квартире 58,48 кв. м.:/,,,,,,,,,,,,,,,
468afb54142d,426d6ea7ca91,Краснодарский край,Краснодар,Бытовая электроника,Телефоны,Аксессуары,Чехлы и плёнки,,Чехлы плёнки стёкла Samsung Galaxy S4 mini I9190,Аксессуары для Samsung Galaxy S4 mini I9190!/,,,,,,,
"Книга станет отличным подарком в 7 кг любому ценителю редких и содержательных изданий.\"",15900.0,43,2017-03-28,Company,48d4d7af2c2479d909d2b325e9443ede2d46882579b587f7900c456d02aa1344,2424.0,0.0,,,,,,,,,,
685256f167f4,9fa052652631,Иркутская область,Иркутск,Недвижимость,Квартиры,Продам,2,Вторичка,"2-к квартира, 46 м², 1/5 эт.","Продам 2х комнатную квартиру ул. Байкальская д. 218.  Квартира находится на первом этаже 5-и этажного панельного дома, общей площадью 46 кв.м., жилая 28 кв.м., комнаты изолированные, с.у. раздельный. Напротив дома супермаркет, стоянка рядом детский сад, остановка общественного транспорта (Лисиха). Вся сумма в договоре. Поможем бесплатно оформить ипотеку на данную квартиру если потребуется.",2350000.0,114,2017-03-15,Company,30ac7a5ca024f72d343973f8f543d171ecc6cdfe2c6763f176b7216c2a0f4581,2219.0,0.18524
57329c960f04,5c1aed83d5d7,Красноярский край,Канск,Животные,Аквариум,,,,Продам аквариум,"9 литров, с фильтром, новый.",500.0,16,2017-03-22,Private,e9c92aa941803f31dc2b8f34e14a7c1b1d2e4c2120f6391752502250ffc17586,2013.0,0.78503
3a3e4037100d,937addba93e7,Свердловская область,Екатеринбург,Бытовая электроника,Товары для компьютера,Клавиатуры и мыши,,,Отдам клавиатуру (неисправен кабель),"Кабель поврежден, починить можно или на запчасти. Сломаны подножки.",0.0,4,2017-03-22,Private,578c4146e98dbc63edbbe88b5bb2e561da92c7da0c20448a59e2c982efe860a0,2829.0,0.31415
"Кабель удлинительный для устройств с разъемом Jack 1/4\"\"/",,,,,,,,,,,,,,,,,
94bafa250ac5,00d19f871159,Краснодарский край,Краснодар,Хобби и отдых,Музыкальные инструменты,Гитары и другие струнные,,,Семиструнная гитара,"Риалитетная гитара, старого выпуска. Хорошо сохранилась, в отличном состоянии. Струны новые. Корпус не большой. Так же есть другие гитары и аксессуары для них. Звоните в любое время. Находимся в ст. Елизаветинской.",2000.0,69,2017-03-19,Private,8c55d3edd047af2e079b8ee81744a48d66cf075e3f102a7463febf41a43daef9,2519.0,0.82668
переезды квартирные,офисные,дачные,складские./,,,,,,,,,,,,,,
e30f4346b727,1944d09ea78a,Нижегородская область,Нижний Новгород,Личные вещи,"Одежда, обувь, аксессуары",Женская одежда,Платья и юбки,40–42 (XS),Элегантное платье на одно плечо,"Новое платье с биркой!Заказала,а пришёл не мой размер!",1000.0,111,2017-03-27,Company,bf80a7d6f3a4ad794bb1f5a8f6e4f6bdf0a8702f22bb01dde81984ed2b770bc9,395.0,0.0
0db332178dc7,215f878d350c,Волгоградская область,Волжский,Хобби и отдых,Музыкальные инструменты,"Аккордеоны, гармони, баяны",,,Продам аккордеон,Немецкий аккордеон Barcarole  magister,8000.0,1,2017-03-24,Private,4ba3680a6d83efc5748da832f2f6cd1def630051fe460d28c3042729e85f2eef,2500.0,0.0
80d6a2701d46,f1f21e5e8c43,Новосибирская область,Новосибирск,Личные вещи,Детская одежда и обувь,Для мальчиков,Трикотаж,62-68 см (2-6 мес),Боди и ползунки,Боди два за 150₽ 74 рост в отл состоянии. Ползунки 68 рост. Штанишки в полоску 62 рост. - 100₽. В отл сост. звоните или пишите в вот сап.,100.0,408,2017-03-27,Company,10922a41cb0b43534662aadd6df0e7ada5f6354705bbbf0872a99390e9041f62,41.0,0.0
9b53a328ea19,ffd014d58ac6,Челябинская область,Челябинск,Личные вещи,"Одежда, обувь, аксессуары",Женская одежда,Платья и юбки,42–44 (S),Очень красиво платье!,Продам очень красивое платье. Очень хорошее качество!! Покупала в бутике за 5500. Прошито идеально! Размер S. Сидит на любой фигуре красиво) торг,1500.0,113,2017-03-17,Company,4d71d196ef8bdb2674cdb094da258be7d15d31cf509e4f7cd9370181ecb64bee,593.0,0.0
Количество SIM-карт 1/,,,,,,,,,,,,,,,,,
60aa500d13b0,2691b0e4bf91,Ростовская область,Таганрог,Транспорт,Мотоциклы и мототехника,Мопеды и скутеры,,,Меняю ноутбук на скутер,обменяю рабочий ноутбук в хорошем состоянии на рабочий скутер,1.0,38,2017-03-23,Private,f3e3b760778540e9cecb0ac14659304ce849b3af6268065ff038c3bcdb843cf4,2946.0,0.16399
8dffdf37f201,314682482589,Новосибирская область,Новосибирск,Личные вещи,"Одежда, обувь, аксессуары",Женская одежда,Трикотаж,44–46 (M),Кардиган вязаный,,500.0,36,2017-03-18,Private,e80680ef1a921d751e2ffa1c742baa351dc62e8171b74b21e4c5172efb3945c6,569.0,0.0
4e99df576da4,ff4b402e6dc6,Ярославская область,Ярославль,Хобби и отдых,Книги и журналы,Книги,,,Как стать звездой YouTube,,100.0,10,2017-03-28,Private,5dc90cff859c73cf88b93d756185399ec2c3a89645ba77873f4353e895ad53df,2285.0,0.0
Весна-осень,ранняя зима(очень теплая),"так же рукава на липучках(утягиваются под миниатюрную ручку)\"",800.0,1,2017-03-18,Private,fa65926cde6628847c9c1e7c481000f4793370fe8f0717c83c17db2272147dd7,96.0,0.25027,,,,,,,,
Тормоз ножной педальный/,,,,,,,,,,,,,,,,,
ОПЛАТЫ (при получении),/,,,,,,,,,,,,,,,,
Базовая тактовая частота процессора 3.00 GHz/,,,,,,,,,,,,,,,,,
-Гидрокостюм SPACCATO 5 мм- 14100 руб./,,,,,,,,,,,,,,,,,
8d344c380469,aaa99a340fac,Ростовская область,Ростов-на-Дону,Для бизнеса,Оборудование для бизнеса,Для магазина,,,Весы электронные,Продаю весы электронные б/у в отличном состоянии.,1500.0,22,2017-03-20,Private,220d86bf399b40ccde2c63d3f273ff9b72de838c3df6f02588ac549cc5f26388,2010.0,0.5377
- Хвоя (1900р.куб)/,,,,,,,,,,,,,,,,,
d4e8c0be98b7,0645ba039491,Тульская область,Тула,Личные вещи,Детская одежда и обувь,Для мальчиков,"Шапки, варежки, шарфы",,Шапка зимняя Barbaras,Шапка в отличном состоянии. Помпон - крашеный енот. Размер 44-46. Можно стирать в машинке при 30 градусах.,1000.0,68,2017-03-21,Private,05e2d09770855ab84fbf1e80aa9fbc2b75c3e4ad94e9b19197edf46831d2ef4c,55.0,0.0
1d6440c18112,7e1992a368e9,Иркутская область,Ангарск,Личные вещи,"Одежда, обувь, аксессуары",Женская одежда,Обувь,36,Туфли женские,Красивые женские туфли в отличном состоянии.,1000.0,3,2017-03-24,Private,0cc5607a35dd4d3266744cf95d53359423297fc004131329580088b325e7bbe9,450.0,0.0
3f13f2e63b20,7900bec56f72,Краснодарский край,Кропоткин,Личные вещи,Товары для детей и игрушки,Детские коляски,,,Коляска,В комплекте чехол на ножки.,2500.0,52,2017-03-26,Private,9ba4ac85bbc410f8fb10ff409ddc9bdc49373b9dd62431ca59d258c335b1879a,1004.0,0.27307
Интерфейсы / Вход. Сигнал/,,,,,,,,,,,,,,,,,
15к 86/,,,,,,,,,,,,,,,,,
ac979564a4d8,d039a9cd3309,Белгородская область,Старый Оскол,Для дома и дачи,Ремонт и строительство,Сантехника и сауна,,,Кран шаровой 3 дюйма bugatti,"Абсолютно новые краны, торг, писать в лс.",5000.0,10,2017-03-27,Private,a7003275f17b769c832afa845a483337206d1fcdb5a71932233893bad6a350f6,1388.0,0.0
8. Я из тех/,,,,,,,,,,,,,,,,,
~ Полку/,,,,,,,,,,,,,,,,,
cf1c1cbe207a,4988a31faa99,Краснодарский край,Ейск,Недвижимость,"Дома, дачи, коттеджи",Продам,Дом,,Дом 43 м² на участке 4.8 сот.,Продается уютный домик на берегу моря со всеми удобствами./,,,,,,,
"МЕДЕ примерно 4 месяца. Сделана первая прививка. Ест сухой корм. Лоток с наполнителем - без проблем. Отдаётся по договору об ответственном содержании с условием обязательной стерилизации.\"",,295,2017-03-26,Company,5f574b0bcea235427c0652db3e0375bbade754d479afea4bde6e09085d214828,2079.0,0.0,,,,,,,,,,
ширина (мм) 50,75,100,125,150,200,250,300,350,400./,,,,,,,,
Устойчивость к болезням. /,,,,,,,,,,,,,,,,,
99e6ad25d3f6,64e61eb393bd,Волгоградская область,Камышин,Личные вещи,"Одежда, обувь, аксессуары",Женская одежда,Джинсы,> 34,Джинсовые шорты.Размер-40-42,,300.0,10,2017-03-15,Private,eaa646fc2d9aff486a635452773ecfd32c09b5445483a8aefcd13b6be724c99e,126.0,0.0
3804a030d7fd,f79daf4e2400,Красноярский край,Канск,Личные вещи,Детская одежда и обувь,Для мальчиков,Другое,,Продам шорты на подростка 1012 лет,,400.0,91,2017-03-25,Company,0efd56fbf74371e70f5589aa1f1104a660e2ff591a92e40e299b445ec67b806d,78.0,0.0
— Общий объем - 261 л/,,,,,,,,,,,,,,,,,
Класс применения34/43/,,,,,,,,,,,,,,,,,
Углы вообще не считаем!/,,,,,,,,,,,,,,,,,
c3d8e65078e2,3d2eeb790b04,Омская область,Омск,Личные вещи,"Одежда, обувь, аксессуары",Женская одежда,Платья и юбки,46–48 (L),Синее и чёрное 83см,нефт,1000.0,1197,2017-03-18,Company,4a27da3a89007de0b4da896d038e0ec0b63f40b44d62131206586587fe0ad810,404.0,0.12579
4f0efc4bb0bd,7d65dc3b9f82,Саратовская область,Саратов,Бытовая электроника,Аудио и видео,Аксессуары,,,"Катушка индуктивности 0,56 мГн 0,36 Ом d1 мм","Катушка индуктивности с воздушным сердечником 0,56 мГн 0,36 Ом провод d=1 мм. Высота корпуса 21 мм, внешний диаметр корпуса 55 мм. В наличии 2 шт. Цена за одну. За ваш счёт могу отправить в любой регион. Звоните, пишите.",250.0,61,2017-03-28,Private,52d5e27a450d5165bcfa8e8d1e1247bfd398a424afb2a47e8497310da8af2006,2372.0,0.0
Модель трусов: бикини/,,,,,,,,,,,,,,,,,
001ed2d5d336,8ff96cdbba5a,Кемеровская область,Новокузнецк,Личные вещи,Детская одежда и обувь,Для девочек,"Шапки, варежки, шарфы",,Шапка на весну-осень р. 44-46 новая,Производство Польша,100.0,8,2017-03-15,Private,e5c464314d09df3062b9532dc5546cd67dfba748d98a7b484bf4501c1be0222c,55.0,0.0
dddd365d6385,ad533596ffc9,Омская область,Омск,Личные вещи,Детская одежда и обувь,Для девочек,Комбинезоны и боди,62-68 см (2-6 мес),Детские вещи,"Бодик новый,подарили,оказался маленький.Смотреть Московка 2.",200.0,13,2017-03-27,Private,5fd7ee68d5f95a62240d212c7d1c92bc3f9d9d06fdae5df2a1844f270ad61bcf,83.0,0.0
+2 чехла/,,,,,,,,,,,,,,,,,
Если Вы берёте в аренду первый раз - поможем разобраться,"как пользоваться!\"",250.0,21,2017-03-25,Private,7c5bbc471313d6d4362db9adf3fa8f53b4115afbb0c51deb0fa3aef513babf38,3044.0,0.0,,,,,,,,,
∨ Скидки до 37 %/,,,,,,,,,,,,,,,,,
Оперативная память/,,,,,,,,,,,,,,,,,
3b94ff0e2e43,1eff3b4fb214,Свердловская область,Екатеринбург,Личные вещи,"Одежда, обувь, аксессуары",Мужская одежда,Пиджаки и костюмы,50–52 (XL),Костюм мужской р.52,"Продам костюм мужской тёмно-синий, р.52, рост 175-180см. Производство Санкт-Петербург. Состояние очень хорошее, одевался 3раза. В подарок белая рубашка. Смотреть район ЖБИ или Вторчермет.",3500.0,118,2017-03-20,Private,77770cbbac3ffce5e0194acf61fee571011ec1639ce60364ca595e322f9a4b27,656.0,0.0
Пакет услуг InControl™ Protect (экстренная помощь на дорогах eCall,bCall; просмотр информации об автомобиле и удаленное управление набором функций с помощью смартфона)/,,,,,,,,,,,,,,,,
От 1,"5 до 2 лет.\"",350.0,43,2017-03-17,Private,d57078ba2546e45ccc162f91b3d6a38ce3393061c10078474be6c7751fdffd5b,125.0,0.0,,,,,,,,,
bdac85a0531f,cd2366efe690,Башкортостан,Белорецк,Хобби и отдых,Коллекционирование,Игры,,,Нарды ручной работы резные из дерева,,3000.0,12,2017-03-17,Private,,,0.0
Подойдёт как для интернет серфинга,так и для работы с графикой и т.п./,,,,,,,,,,,,,,,,
Варочная панель - электрическая/,,,,,,,,,,,,,,,,,
✔На большинство товаров действует гарантия 6 месяцев/,,,,,,,,,,,,,,,,,
77a9e0532b62,9463d0f03a06,Воронежская область,Калач,Личные вещи,"Одежда, обувь, аксессуары",Мужская одежда,Рубашки,48–50 (L),Рубашки,Рубашки в идеале практически не носил размер XL и L если за две то 1500 по одной 800р берите не поделеете та что синяя молодёжная а фиолетовая подойдёт для мужчин по старше) звоните доставлю в любую точку калачя,1500.0,32,2017-03-26,Private,6c2df1e05c42a8075fccebd94ab8076a75209e71a0704dd27f5c606392d08f48,635.0,0.0
37 размер./,,,,,,,,,,,,,,,,,
WWC номер	KM# 929/,,,,,,,,,,,,,,,,,
фото 1,2 по 100 руб,фото 3,4,5 по 50 руб (зашиты носочки,"для дома пойдет гонять)) . район Авторадио\"",100.0,36,2017-03-16,Private,45af291041a7daae4df479162561b4659f9ce234abcea9ada14e5a7211d3c139,84.0,0.0,,,,,
7c94e96391fc,90a94e95dc5e,Калининградская область,Калининград,Личные вещи,Детская одежда и обувь,Для девочек,Обувь,< 19,Сандали,"Кожаные сандали, 19 р-р (11,5-12 см по стельке)",300.0,10,2017-03-26,Private,f575f1105ae198b5bb6c86425a80253b3ec026edc17f91b67a3b3fd3ead861e6,2653.0,0.0
58392b9f22cd,60ebe9670c71,Свердловская область,Каменск-Уральский,Личные вещи,Детская одежда и обувь,Для девочек,Верхняя одежда,50-56 cм (0-2 мес),Конверт- трансформер(3 в 1),"\"Продам конверт для новорожденного бело-розового цвета на капюшоне ушки. Конверт как демисезонный, так и зимний ( есть вставка из овчины).Конверт трансформируется в комбинезон, т.е раскрываются ножки., есть тёплые \"\"валеночки\"\".Очень удобный!!!Моя дочка носила его с рождения","мы родились в конце октября. и почти до полутора лет. Конверт в хорошем состоянии.\"",1500.0,12,2017-03-20,Private,137f432ec111d2460cb008a46d1e453dc2ebbd426acf7e3515c32e863e73a664,75.0
44300a432a5c,91cd6755c1ce,Ханты-Мансийский АО,Нижневартовск,Личные вещи,Товары для детей и игрушки,Детская мебель,,,Качели Graco Snuggle Swing,"Отличная качель для помощи маме! Работает от сети, 6 скоростей качания, классические мелодии, все регулируется! Ремни безопасности. В отличном состоянии от 0 месяцев до 13 кг.",3800.0,36,2017-03-25,Private,c341c59c411fc93d15e15e441e0cb4bdaeb63aadce95fb8e03ad76da8cac1c27,821.0,0.80323
Чёрно-белая инструкция (повторяет контурный рисунок на холсте); /,,,,,,,,,,,,,,,,,
Количество поршневых колец Два/,,,,,,,,,,,,,,,,,
Фирменная фурнитура,двойные строчки./,,,,,,,,,,,,,,,,
- Без пробега по РФ/,,,,,,,,,,,,,,,,,
-Комнаты изолированны/,,,,,,,,,,,,,,,,,
Качели/,,,,,,,,,,,,,,,,,
АвтокреслоТутис Зиппи ТАПУ-ТАПУ 3 в 1:/,,,,,,,,,,,,,,,,,
95x21x64 мм/,,,,,,,,,,,,,,,,,
05c73eaa3f58,c4f43fa17d6d,Кемеровская область,Новокузнецк,Личные вещи,Детская одежда и обувь,Для девочек,Комбинезоны и боди,74-80 см (7-12 мес),Продам флисовый комбинезон,"р.74,  материал флис. Состояние хорошое.",150.0,39,2017-03-15,Private,1ffb05861744d9bba51df41d9ebc4607d6fff666fc0ce57070413714f98535f4,605.0,0.0
В лодке усилен транец,под сиденьем установлен бензобак на 50л с выведенной наружу горловиной,мягкие вращающееся передние сидения,пол линолеум,борта внутри и рундуки обшиты ковролином. Присутствуют все приборы: тахометр,спидометр,датчики топлива зарядки,наличия масла в бачке,эхалот. Из допов - эл. помпа,освещение салона,звуковой сигнал,прожектор,механическая лебедка,ходовой тент./,,,,
b5eb999455b3,92c1bc78cac4,Свердловская область,Екатеринбург,Личные вещи,Детская одежда и обувь,,,,Костюм спортивный Demix. Размер: 128,"Состояние отличное. Размер: 128. Покупалось за: 2500 рублей. Фото мои, сама так фотографирую. У меня много отличных брендовых вещей по стоимости от 50% до 90% ниже первоначальной цены. Звоните или пишите в вотсап или личные сообщения авито, напишу в ответ где увидеть все мои обявления. Все можно померить и посмотреть. По Екатеринбургу доставка от 3000 бесплатная, если меньше, то 200 р. Звонить и смотреть можно с Пн по Пт с 11:00 до 19:00 в субботу с 10:00 до 15:00 возле ж/д вокзала (ул. Героев России 2). В остальное время пишите в личку, отвечу сразу как смогу. Доставка по России Boxberry или Почтой России. Арт. 21531.",790.0,1838,2017-03-28,Shop,c11653cc690b0941f4ab99551652074049512842dbf45f31bc4dfec6df3ae61b,120.0,0.0
82e5a6e49904,2c430f186be0,Алтайский край,Рубцовск,Личные вещи,"Одежда, обувь, аксессуары",Женская одежда,Рубашки и блузки,48–50 (XL),Вещи хорошие пакетом,"Современные вещи в хорошем состоянии. 1.Юбка серо -чёрная,  худит,  до колена,  48р, 2.кофта вязаная Остин,  мятного цвета 48-50 р, 3.кофта с ярким рисунком, свободная 48-50, 4.комплект шорты +топ домашние,  5.х/б топ летний голубой, новый, 6. штаны шёлк черно / белые летние, новые 46-48, 7. водолазка чёрная сетка 46р, все в хорошем состоянии,  за все 500 р. /",,,,,,,
4016238b4370,80627dbd5e00,Ростовская область,Новочеркасск,Личные вещи,"Одежда, обувь, аксессуары",Аксессуары,,,Сумка,Продам практически новую сумку. Пользовалась буквально раза 2-3. В идеальном состоянии.,500.0,117,2017-03-19,Private,77e0f4a421cd7f53ef345deb4f8fc3f1aefb9c1a2ae0722bf165a65f8626fecd,322.0,0.0
Стабилизатор изображения (фотосъемка): оптический,подвижный элемент в объективе/,,,,,,,,,,,,,,,,
de8d70e45428,e13ddb70df4c,Воронежская область,Воронеж,Личные вещи,Красота и здоровье,Косметика,,,Тушь Длина и питание Avon,новинка стоит в  каталоге 319,250.0,101,2017-03-15,Private,4f604de5e25eaecf3a86a353aaad5ec417aa7cbcb89522852eae92ea99312820,779.0,0.0
— Коэфициент теплопроводности в сухом сосоянии (расчет),Вт/м С: 0,086/,,,,,,,,,,,,,,,
57ee7298bcee,5af571313120,Оренбургская область,Оренбург,Личные вещи,"Одежда, обувь, аксессуары",Женская одежда,Платья и юбки,44–46 (M),Платья,"Чёрные по 300 рублей, красное 500, за все 1000",300.0,12,2017-03-27,Private,633356e77b30b36bcdfe6d6df8b008e3b2d7ab6791a79ca3f527f0970307f017,399.0,0.0
064d26228638,5c8f812b102e,Ярославская область,Ярославль,Для дома и дачи,Мебель и интерьер,"Кровати, диваны и кресла",,,Кровать детская,"продаётся кровать с двумя ящиками и матрасом,самовывоз",5000.0,4,2017-03-20,Private,29cf400585d4c425fa1c1b25a704d66dba73549a3fe13e4c8995f2fa654a83d4,1439.0,0.86521
Дом 2003 года постройки,7 комнат с отличным дорогим ремонтом. /,,,,,,,,,,,,,,,,
9b291831a462,060ccc20d102,Красноярский край,Красноярск,Личные вещи,Товары для детей и игрушки,Детские коляски,,,Коляска-трансформер,"\"Коляска-трансформер фирмы \"\"тедди\"\" польша. В отличном состоянии. Для перевозки ребенка как в лежачем",так и сидячем положениях. В комплекте сумка,чехол,"сетка.\"",7000.0,2,2017-03-19,Private
9e090ce09f71,ffc1a980b389,Самарская область,Тольятти,Хобби и отдых,Музыкальные инструменты,Аксессуары,,,Мундштук,металл,300.0,72,2017-03-18,Company,3dfd89f4a5a4aee887cde0484bdb58d81d98f0a83cb5382fd49347eac380b039,2511.0,0.0
------------------------------------------------------/,,,,,,,,,,,,,,,,,
не применяется при обострении язвенной болезни желудка и двенадцатиперстной кишки,эрозивного гастрита и при сниженной кислотности желудочного сока и беременности/,,,,,,,,,,,,,,,,
В сочетании цена - качество,"Ваши доходы начнут стремительно расти.\"",1950.0,3,2017-03-28,Private,4650bb6948f42d0caf8510a488191ff0cb121fcee82d57afb3db0593ae2ccd8e,788.0,0.0158,,,,,,,,,
3cd1754c5029,f9a21c9cc035,Ставропольский край,Винсады,Хобби и отдых,Велосипеды,Горные,,,Велосипед,"Взрослый,горный велосипед.",3000.0,4,2017-03-28,Private,c7a46398dab8033c7e716b70acb93891a4a0059b2a3bbed57ae7064fedd7fa64,2325.0,0.82668
efadb695b06b,6cfef23a1887,Нижегородская область,Нижний Новгород,Личные вещи,Красота и здоровье,Приборы и аксессуары,,,Ортез на плечевой сустав Orlett SL-311,"Ортез на плечевой сустав и руку состоит из муфты на плечевой сустав и руку,фиксирующих ремней и подушки-валика для фиксации плечевого сустава в положении небольшого отведения.Конструкция позволяет использовать ортез как на левую,так и на правую руки.Мягкий материал обеспечивает комфорт при длительном ношении ортеза.Замена гипса.Идеальное состояние.Размер L ( окружность грудной клетки на уровне подмышечных впадин 97-105 см ).Окружность грудной клетки с прижатой рукой должна быть свыше 100 см./",,,,,,,
4G,Wi-Fi,bluetooth,"телефонный звонок.\"",2000.0,5,2017-03-17,Private,65fd34e77ba5b4bb180c8bcd055b03a816cc94ad55a6b6ace8e606beb9b12439,2933.0,0.76785,,,,,,,
Сабвуфер-40 Вт/,,,,,,,,,,,,,,,,,
e5a31f06c848,7ce5a79213dc,Самарская область,Самара,Бытовая электроника,Ноутбуки,,,,Lenovo s510p,Intel core i5 4200u/,,,,,,,
3 фото по 35 руб./,,,,,,,,,,,,,,,,,
"ул. Малахова 81а Ежедневно с 9-00 до 23-00\"",7999.0,777,2017-03-18,Shop,bc30391d00e3c3d4e746eaf9a19dd9d3548b54fa3881c3398a72d80c6109a477,2951.0,0.0,,,,,,,,,,
Сделан хороший,качественный ремонт,квартира полностью с мебелью и техникой. /,,,,,,,,,,,,,,,
ee68efb4cc7a,4c6167930e97,Владимирская область,Владимир,Для дома и дачи,Ремонт и строительство,Сантехника и сауна,,,Тумба Акватон новая,"\"Продам тумбу \"\"Крит\"\" фабрика Акватон",новая в упаковке./,,,,,,
Робот 3D отлично подойдет тем организациям где есть фирменная одежда или ростовой костюм./,,,,,,,,,,,,,,,,,
Полный комплект:/,,,,,,,,,,,,,,,,,
a8ae29039e2f,c8f9bb6a21fd,Самарская область,Чапаевск,Услуги,Предложение услуг,"Транспорт, перевозки",Аренда авто,,Аренда авто с водителем,"Отвезут в больницу,Самару, аэропорт. Оплата по договоренности. Машина приора.",,55,2017-03-19,Company,,,0.5
Количество программ:/,,,,,,,,,,,,,,,,,
36a88d4b8fbf,64fee2878188,Самарская область,Тольятти,Личные вещи,"Одежда, обувь, аксессуары",Женская одежда,Платья и юбки,40–42 (XS),Платье трикотаж,"Продам платье из замшевой трикотаж,очень красивое и стильное ,сшитое на заказ",4000.0,48,2017-03-20,Private,2cce16939e7b28575b33bfd855147b5c599f37c1294fed0c10d8db8c0e9eb43c,2395.0,0.0
Отлично подойдет как для девочки так и для мальчика./,,,,,,,,,,,,,,,,,
- Охлаждаемый вещевой ящик/,,,,,,,,,,,,,,,,,
03bfaa854ec3,2b21fbd8c5a1,Нижегородская область,Нижний Новгород,Хобби и отдых,Спорт и отдых,Другое,,,"\"Моно колесо \"\"Xiaomi ninebot one s2\"\"\"","Моноколесо – это отличная современная альтернатива велосипеду, потрясающе удобное, компактное и маневренное средство передвижения. Новомодный гаджет, по цене смартфона. /",,,,,,,
41df332f6637,12412fe83945,Волгоградская область,Волгоград,Личные вещи,Детская одежда и обувь,Для девочек,Верхняя одежда,146-152 см (10-12 лет),Кофта,Кофта новая. Одела всего один раз на день рождение.,300.0,1,2017-03-19,Private,69a2370cf1e90ddd5ce3dffa4809f048844616ff084d5900436cede223eb5129,415.0,0.0
внутри внутренний карман на молнии и два небольших кармана для аксессуаров./,,,,,,,,,,,,,,,,,
a3ce5fbad940,bcc867bb0b5a,Краснодарский край,Краснодар,Личные вещи,"Одежда, обувь, аксессуары",Аксессуары,,,Сумка guess оригинал,"Классная сумочка GUESS,абсолютно новая ,запакованная и с биркой ,мне не подошла по размеру ,жалко с ней расставаться ,но она лежит просто так",3700.0,9,2017-03-22,Private,1aa29c94694bf9b6651dc528c045901094c62ef13d1f529dc7795044c751e788,333.0,0.80323
RAHA GRAND HOTEL (ex. NAR... 3* - 34500 руб./,,,,,,,,,,,,,,,,,
6de9d773032f,e2a22e67df6e,Волгоградская область,Волгоград,Личные вещи,Товары для детей и игрушки,Постельные принадлежности,,,Матрас для детской кроватки,"Бу, но в хорошем состоянии, хранится в упаковке",700.0,12,2017-03-16,Private,3374a751dab3f93a1ed1906d803cd42aa53e1aa0c1a9fb9e05f3253f6cd37016,1415.0,0.0
Есть незначительные потертости на корпусе,стекло не оцарапанное (наклеена защитная пленка) /,,,,,,,,,,,,,,,,
- Полный комплект (коробка,зарядное,наушники)/,,,,,,,,,,,,,,,
Уточнить наличие интересующего вас товара в вашем городе вы можете по контактному телефону у нашего менеджера./,,,,,,,,,,,,,,,,,
635bd43bb05f,a107fe047d22,Новосибирская область,Новосибирск,Личные вещи,"Одежда, обувь, аксессуары",Женская одежда,Платья и юбки,48–50 (XL),Юбка джинсовая 48 размер,"Юбка абсолютно новая. Производитель Турция. Цвет чернильный, ткань хлопок со стрейчем. Мягкая, комфортная.",800.0,7,2017-03-26,Private,ac4c40af54ba6647db50c7d9720069987ed6851f4f62c725ae837e776e3f190f,377.0,0.0
Из нашего шоу рума не уходят не сделав,"заказ!!!\"",6950.0,123,2017-03-24,Company,9372c6219a991d156e360fbbde84f3c284e83f48083443de66c0cf27cc05d202,1441.0,0.0,,,,,,,,,
387ad89b2760,1239f8339943,Оренбургская область,Оренбург,Бытовая электроника,Телефоны,iPhone,,,iPhone 5,"Продам Iphone 5 состояние 3/5 ,все работает ,комплект полный,на экране пленка ,отдам два чехла в подарок, без торга и обмена.",7000.0,3,2017-03-15,Private,f7022f5c9895d4f56101b32bbe635f9ae15a98d21d6785cf2fe66fd751f0deb7,2918.0,0.28808
- Пережили развод. Начните с чистого листа в новой квартире./,,,,,,,,,,,,,,,,,
Размер 15,"5\"",5000.0,13,2017-03-26,Private,686981e54f795f707ae734ebc3d9fff65c10a5fe78e169655d6c4c0df8208b2d,2275.0,0.0,,,,,,,,,
fbe69c62eee9,0194c1bf0e44,Краснодарский край,Тихорецк,Личные вещи,Детская одежда и обувь,Для мальчиков,Комбинезоны и боди,62-68 см (2-6 мес),Продам детские вещи,продам детские веши от 0-9 мес.вещи в очень хорошем состоянии,700.0,23,2017-03-16,Private,254db314d8fb3caf47a1e674fa736fabbfe0729017654220dc87bac52151bc57,1006.0,0.15523
- Учим цифры,учим слова,учим фигуры,стихи,цветная подсветка,воспроизведение звуков/фраз людей!/,,,,,,,,,,,,
3a74a8bca075,22c78c89c571,Тюменская область,Тюмень,Для дома и дачи,Мебель и интерьер,"Предметы интерьера, искусство",,,Вазы для цветов,,200.0,38,2017-03-16,Private,c2248d8fd737fd20cff12e180778302ce90ccad8df9f528a86506b5b56bd4576,1656.0,0.0
2e6230e16718,9ee1f73624ea,Омская область,Тара,Услуги,Предложение услуг,"Транспорт, перевозки",Спецтехника,,Услуги манипулятора-эвакуатора,"Борт 9 метров, 20 тонн, кран 3,5. Эвакуационные лапы. Перевозка любой тяжелой спецтехники.",,1,2017-03-26,Private,8851aec93dbc12629bf2c6423cf7724c555b262d903dfa858435f00315de4d99,1080.0,0.5
2560fd271987,ef2e62417d43,Саратовская область,Саратов,Личные вещи,"Одежда, обувь, аксессуары",Женская одежда,Свадебные платья,42–44 (S),"Свадебное платье с перчатками, фатой, сумочкой","Продаю красивое свадебное платье с корсетом, перчатками, фатой, сумочкой, на девушку 42-44 размера, роста 165 см. Б/У 1 раз, в хорошем состоянии, после химчистки. К платью нужен подъюбник с кольцами!",3000.0,19,2017-03-16,Private,840c9bbccf473f4d725d1aca915774a3cff13f05dbdad1bfb90c4ae62b7f5064,560.0,0.0
"В идеальном состоянии.\"",1000.0,21,2017-03-27,Private,eef7b3571d796468579e5f840d8fb1b8e62d27f9a3f85d9fd5104a9237867c12,535.0,0.12579,,,,,,,,,,
Чемпион НКП/,,,,,,,,,,,,,,,,,
Обычные тормоза,(Новая вилка,"педали и задняя шина-уже установлено)\"",5000.0,6,2017-03-26,Private,689ef62a5d28170352202c3312bc4c1a60ced8b0a3ce66550fe8ec1a75acaa05,2325.0,0.82668,,,,,,,,
ХАРАКТЕРИСТИКИ/,,,,,,,,,,,,,,,,,
Модель TZ862/,,,,,,,,,,,,,,,,,
35caf016daa7,edd8c4c38ad3,Алтайский край,Барнаул,Транспорт,Водный транспорт,Вёсельные лодки,,,Лодка аквамастер 260,Лодка аквамастер 260 под навесной транец. Новая,11850.0,35,2017-03-20,Private,ccbf6fd696b760738de26ea94b857881ad442706e801bdcc42b68fc76baa4b2f,1148.0,0.74043
f01b53a4e436,0e5e1f0e43d5,Татарстан,Казань,Для бизнеса,Оборудование для бизнеса,Промышленное,,,Пластинки,Импортные пластинки для токарного станка./,,,,,,,
9c8b04971d15,d99acb7a7dec,Удмуртия,Воткинск,Личные вещи,"Одежда, обувь, аксессуары",Женская одежда,Обувь,38,Сапоги,"Сапоги, голенище на среднюю ногу. 38-38,5 каблук удобный.",300.0,170,2017-03-16,Private,9786fc75a2928c0821d4cf004f69dd28151258801aae239d873921c5e8ea072d,499.0,0.0
9d69cca26f79,63e04336004c,Свердловская область,Первоуральск,Транспорт,Автомобили,С пробегом,ВАЗ (LADA),2114 Samara,"ВАЗ 2114 Samara, 2006","Продам ВАЗ 21140 2006г цвет темно- зелёный, не битая, не крашеная. Возможен обмен",78000.0,1,2017-03-23,Private,b2d1ceb1da7da6d99a815d38e12d7251beff2b17c1751a9f45282eca550993a6,1108.0,0.47553
"Асфальт без Пгс и Щебня - 750р\"",,43,2017-03-22,Private,1edfabca3f3905880f4f5fae92c185274c3c219d3a4f7f3c0333d86981a0d5e4,1325.0,1.0,,,,,,,,,,
e0482b0d5178,528920454693,Краснодарский край,Армавир,Недвижимость,"Дома, дачи, коттеджи",Продам,Дом,,Дом 80 м² на участке 5 сот.,"СРОЧНО!!!продам дом две комнаты,ванная и туалет совместные,кухня. На улице так же имеется новый туалет,новая питательная яма. Свет вода. Газ по меже. Отопление буржуйка или теплопушки.",1300000.0,2,2017-03-18,Private,2a03dfbb787a67b0941e30e285216fd5bb428d2a919075ddf9733894b5874a7c,1526.0,0.31794
надувные колеса/,,,,,,,,,,,,,,,,,
71db4d2811be,8e4fb2b7c410,Свердловская область,Екатеринбург,Личные вещи,Товары для детей и игрушки,Автомобильные кресла,,,"Автокресло Cybex Solution X, от 3 до 12 лет, 15-36","Продам автокресло Cybex Solution X. На 2 фото показан максимальный рост, на 1 фото - минимальный (малыши). Наклон подголовника регулируется в 3-х положениях, высота подголовника фиксируется в 11 положениях. Угол наклона спинки под любое кресло. Все чехлы съемные. Трансформируется в бустер. После одного ребенка, состояние хорошее.",5000.0,23,2017-03-25,Private,3766e801b4170e32c8f77cf48da3e007261d7005674e718c25d14117c5073154,796.0,0.80323
926cd1d5ce0a,ebcc87c33b07,Ставропольский край,Ставрополь,Личные вещи,"Одежда, обувь, аксессуары",Женская одежда,Платья и юбки,40–42 (XS),Юбка,Юбка Mango. Новая.,700.0,14,2017-03-22,Private,37f226474bf3958da0497e1cc5d6970ab6102377beabb2959121269f430b4fb1,415.0,0.0
705e7979b15e,e85bd7cdcb78,Кемеровская область,Киселевск,Недвижимость,Квартиры,Сниму,На длительный срок,2,Сниму 2-к квартиру,"Молодая семья снимет двух и более комнатную квартиру, частично мебелированную. Оплату в срок и порядок гарантируем. Все вопросы по телефону",5500.0,21,2017-03-19,Private,,,0.07731
Кухни,шкафы купе,спальни,"детские.\"",100.0,17,2017-03-22,Private,29925c5fcc2f99d61b2c21f86e975bc71c9b9f9900d315d4af7700329aa70016,1487.0,1.0,,,,,,,
13423e1913bb,839184585779,Саратовская область,Балашов,Хобби и отдых,Коллекционирование,Другое,,,Фотоаппарат Зенит-С,Один из первых советских зеркалок. У второго туговато работает взвод. Оба рабочие. Возможна пересылка за счёт покупателя после 100% предоплаты.,600.0,70,2017-03-28,Private,57cbbb6c032834a87403357bb91f0f2ee9493ad04c7798f3a9b82ef8932cf25c,2998.0,0.0
2549ca986c90,c11de3085d87,Пермский край,Березники,Хобби и отдых,Спорт и отдых,Фитнес и тренажёры,,,Гантели 2кг,"Продам гантели литые, неразборные. Материал-чугун, вес-2кг.",500.0,34,2017-03-15,Private,c41f94b139434898f99130d869254fdf8a55c89980f60bdda3858f6115295c42,1374.0,0.34221
1613c143cc31,0461d755246a,Краснодарский край,Краснодар,Услуги,Предложение услуг,"Ремонт, строительство","Строительство домов, коттеджей",,Мягкая наплавляемая кровля,Мягкая (наплавляемая) кровля любой сложности/,,,,,,,
2dedaabc00cb,844486d5a50f,Башкортостан,Уфа,Транспорт,Автомобили,С пробегом,Chevrolet,Lacetti,"Chevrolet Lacetti, 2008","Машина в отличном состоянии. Корейской сборки.  Вложений не требует. Торг.  Есть все, 4 стеклоподьемника, КОНДЕР, салон экокожа, резина зима(первый сезон Dunlop) лето(Michelin), ПТФ(ксенон), биксенон, эл.регулировка зеркал. Масло каждые 5 тыс. Ликви моли молиген. 2 комплекта ключей, сигнализация Starline c автоподзаводом, неплохая музыка с aux, MP3, срочно, торг",265000.0,23,2017-03-22,Private,06bafbbb03118aca8c9ffc976b02806f03ef6b66919e7e1c8261d6d70c84beb3,2262.0,0.0328
+ Все модели протестированы высококлассными специалистами./,,,,,,,,,,,,,,,,,
afbabcb616d4,02467b070eb2,Нижегородская область,Выкса,Личные вещи,"Одежда, обувь, аксессуары",Женская одежда,Джинсы,Без размера,Джинсы для беременных,"Джинсы для будущих мам, размер 44 на рост 165-170",800.0,26,2017-03-28,Private,5ef7da07267508198cb077e267de364c47f5539151c10e21eaac8b715033d159,567.0,0.0
	бесшумный солнцезащитный капюшон/,,,,,,,,,,,,,,,,,
"Торг обоснованный!!!\"",110000.0,16,2017-03-28,Private,28fcb0ae0362a60729c29273d24f6f9335bb2ee058f2bca6471c0da1b42e3968,2264.0,0.13904,,,,,,,,,,
- Постоянные акции,смотрите на нашем сайте Ретехника!/,,,,,,,,,,,,,,,,
-	Aудиосистема премиум класса JBL с поддержкой CD/MP3/WMA/DVD с 14 динамиками/,,,,,,,,,,,,,,,,,
314405b00028,a00cc10beff8,Иркутская область,Иркутск,Личные вещи,"Одежда, обувь, аксессуары",Аксессуары,,,Шкатулка,,200.0,5,2017-03-18,Private,402a4977a692d4ae21202556bf3900b41c3a8b95e59358dae12b532c09aa8b89,760.0,0.21393
высота посадки 30см,длина джинс 110см/,,,,,,,,,,,,,,,,
6211e61eacb3,088beaa5ec00,Омская область,Омск,Личные вещи,"Одежда, обувь, аксессуары",Женская одежда,Платья и юбки,42–44 (S),Платья,"Все в отличном состоянии, цена от 399 до 899! Спрашивайте!",399.0,9,2017-03-22,Private,6ed2322c715dcf3f7d2b17b53a0c716b5342a96b005b6850e8f697e95aa8c538,555.0,0.0
9a5eeaa2b6a1,54a6b95af2b7,Челябинская область,Челябинск,Бытовая электроника,Телефоны,Alcatel,,,Продам телефон alcarel onetoch,Продам телефон в отличном состоянии. Чехал в подарок. Звонить в любое время,3000.0,15,2017-03-28,Private,1efd75ceff58e7e1a082d019f8d6f8dbcbdeeb399566715419407a1170f266b2,2926.0,0.07851
✔ Круглосуточное бронирование/,,,,,,,,,,,,,,,,,
Двигатель Модель ЯМЗ-236Г6/,,,,,,,,,,,,,,,,,
"Возможна почта\"",2500.0,638,2017-03-27,Company,053dd04dc16701cb03bb9ccdbaa0bfe574336a76d64ab97304f00b9975f821ea,105.0,0.25381,,,,,,,,,,
-Водопровод общий центральный,газоснабжение,есть печь./,,,,,,,,,,,,,,,
-- Возможен ОБМЕН на Ваш автомобиль по системе TRADE-IN./,,,,,,,,,,,,,,,,,
Питание/,,,,,,,,,,,,,,,,,
В подарок прилагаеться зуб.щетка./,,,,,,,,,,,,,,,,,
Онлайн касса + Терминал продаж - 32990р./,,,,,,,,,,,,,,,,,
вес 2.2 кг/,,,,,,,,,,,,,,,,,
— онкологические заболевания/,,,,,,,,,,,,,,,,,
12e96256f25b,a4b927552e6c,Кемеровская область,Кемерово,Транспорт,Автомобили,С пробегом,ИЖ,2126,"ИЖ 2126, 2004",на ходу в дтп не участвовала !!! можно обмен!! НА БЫТОВУЮ ТЕХНИКУ!!!,35000.0,6,2017-03-27,Private,,,0.11683
8bd92483da23,9acbc536bccf,Челябинская область,Челябинск,Транспорт,Автомобили,С пробегом,Mitsubishi,Mirage,"Mitsubishi Mirage, 1998",Всё,125000.0,5,2017-03-23,Private,5c573d49c34e6b0e931c451877f6548284e1e0491bb9057a5a5755f6eec5dd7e,1107.0,0.14376
aa3d05ee0c19,9ef916c60c94,Саратовская область,Саратов,Личные вещи,Детская одежда и обувь,Для мальчиков,Верхняя одежда,110-116 см (4-6 лет),Куртка осенние,,500.0,9,2017-03-24,Private,fffea9ca8aff1c4aa702322f7e5ee301fb5e3568928495576e9cb195ec3f9d35,52.0,0.0
dcfd3295a87a,0da4c82cfdaa,Башкортостан,Стерлитамак,Недвижимость,Земельные участки,Куплю,Поселений (ИЖС),В черте города,Куплю участок (ИЖС),Куплю участок/,,,,,,,
— 3G,4G LTE,LTE-A,Wi-Fi,Bluetooth,NFC,GPS,ГЛОНАСС/,,,,,,,,,,
640x360/,,,,,,,,,,,,,,,,,
Технические характеристики/,,,,,,,,,,,,,,,,,
"Высота - до 30 метров\"",1850.0,418,2017-03-20,Shop,50be1341fc41c15252ff4c0f76323ad74b24441d5bef1cd0b64ae95b3d17c95f,2725.0,0.0,,,,,,,,,,
При создании утилитарных снегоходов мы начали с прочной основы. REV-XU — это очень прочная платформа,а посадка водителя обеспечивает комфорт как при спокойной езде по трассам,так и при движении по перелескам. Маятник задней подвески может находиться в свободном положении для снижения пятна контакта гусеницы на утрамбованном снегу,"что облегчает прохождение поворотов и делает возможным движение задним ходом в глубоком снегу. Он также может быть заблокирован в одном положении для увеличения сцепления или для буксировки.\"",1499000.0,276,2017-03-19,Company,2050796ac3eb98c35b6526e1e407f3bd5dfbe16c163e36592a5300f5fb331ae0,1141.0,0.0,,,,,,,
Материал внешний: нат.замша/,,,,,,,,,,,,,,,,,
"Большой опыт и индивидуальный подход к каждому клиенту.\"",,9,2017-03-23,Private,6087023a7dd9493eff004525be465b5f7248a55539854576019e7ad9e20a1073,2222.0,1.0,,,,,,,,,,
23cbf25bc601,c7a6ce3abca0,Ростовская область,Ростов-на-Дону,Транспорт,Водный транспорт,Катера и яхты,,,Угловая колонка для яхты,"Угловая колонка для яхты 20ти сильного мотора. Б/у, в хорошем состоянии.",27500.0,33,2017-03-18,Private,89a80f3764fb3b2c1cb0956366dd3ade6b3ff314fb69d6916fe7fea70ea229c0,1217.0,0.0
8980dec0f029,e30084798510,Краснодарский край,Краснодар,Личные вещи,"Одежда, обувь, аксессуары",Женская одежда,Обувь,38,Замшевые туфли,,1000.0,30,2017-03-27,Private,2d3479ae66f2620fdbe33ef88c03337fbaa6e9d45e49322c5f7dc235e115116e,425.0,0.0
В квартире свежий ремонт,остается мебель. /,,,,,,,,,,,,,,,,
dbbedad44740,b1cc76159cd9,Ставропольский край,Невинномысск,Личные вещи,"Одежда, обувь, аксессуары",Женская одежда,Платья и юбки,42–44 (S),Платье Kikiriki,новое,700.0,11,2017-03-27,Private,07cacedb9f5f2897429761ee5ac60d3f9cce98558c13cd93a7f253f517303d7b,572.0,0.0
Объем: 8 Гб/,,,,,,,,,,,,,,,,,
Размер дивана 2400х1000х1150 /,,,,,,,,,,,,,,,,,
Свой сервисный центр по ремонту в Омске по гарантии и после гарантийного срока!!!/,,,,,,,,,,,,,,,,,
Смотреть по адресу: Серебренниковская,1/,,,,,,,,,,,,,,,,
5 - 2000./,,,,,,,,,,,,,,,,,
"4. Комбинезон \"\"Bershka\"\". Покупала на выдачу диплома-одела один раз всего. Цена-1000 руб./",,,,,,,,,,,,,,,,,
Габаритные размеры/,,,,,,,,,,,,,,,,,
3cf5dcb2c254,a7d6a4393afa,Нижегородская область,Нижний Новгород,Хобби и отдых,Коллекционирование,Военные вещи,,,Немецкий ремень.Германия 3 Рейх,Ремень состояние хорошее.100% оригинал.Длина 90 см.клеймо 1939 год.Пряга и зацеп алюминиевые.Хлястик на пряге перепрошит.В комплекте два допника.Стоят клейма 1943 год./,,,,,,,
Магазин Максима Горького 3,корп.1 /,,,,,,,,,,,,,,,,
e455019bdf4d,d03eba688523,Иркутская область,Шелехов,Личные вещи,Детская одежда и обувь,Для мальчиков,Комбинезоны и боди,50-56 cм (0-2 мес),Комбинезон,"Красивый джинсовый  теплый комбинезон,покупали на выписку-одевали один раз!!!!",1100.0,1,2017-03-20,Private,c07f9c5d539e45be777fc3f0901f54c6363f68a4c6e145fc4cbdfc983bff1626,42.0,0.0
d70d11f5a3f5,a52c905822f3,Самарская область,Тольятти,Для дома и дачи,Растения,,,,Цветы в коробке. Доставка цветов,"Цветы в коробочке - мило и оригинально. Успей заказать по супер-цене, звони сейчас и забирай коробочку всего за 490 руб!",490.0,369,2017-03-16,Company,31d9402f0b40df2092801995d7043fcbbe187241e605d9764d714f44729b9b56,1557.0,0.0
3447bb1dbeb6,7f7704366e22,Башкортостан,Уфа,Личные вещи,Детская одежда и обувь,Для девочек,Комбинезоны и боди,110-116 см (4-6 лет),Комбинезон 4-5лет,Одет пару раз. Джинсовый. На флисе,1000.0,112,2017-03-15,Company,360f5f87cae39a74657b8fafd43417b8dc3646221d11d80ee3273b0e5d471f2d,42.0,0.0
Никитина 55,корпус 4/,,,,,,,,,,,,,,,,
"P.S.: mk-hofa в поисковик и все поймешь))\"",,102,2017-03-20,Shop,4cf8127aee0ca03696603db5c60766edbe8f2170a2e056010d155a741c1991f8,1487.0,0.0,,,,,,,,,,
До остановки 5-7 минут  легким шагом./,,,,,,,,,,,,,,,,,
cd6828d1455e,f018e6232d22,Свердловская область,Ревда,Хобби и отдых,Велосипеды,Горные,,,"Велосипед stels navigator 770 disc 26\"\"",В стоимость велосипеда входит сборка велосипеда и первое Т.О./,,,,,,,
"Цена напрямую зависит от индивидуальных размеров и пожеланий клиента!\"",25486.0,1284,2017-03-28,Shop,69f7f4b7d0b89ed1bbe71b13a5237f32aba7c05b4123b6398e1dafe61e196c6c,1284.0,0.0,,,,,,,,,,
70f64b5ebc7a,1e12c8e6d081,Башкортостан,Уфа,Личные вещи,"Одежда, обувь, аксессуары",Женская одежда,Верхняя одежда,Без размера,Шапка с шарфом,"Продам шапку с шарфиком ( весна/осень) всего за 350₽. Бу мало. Тёплая, лёгкая, мягкая ...",350.0,185,2017-03-24,Company,cfcc2d6369bdf3baa910038127dc39558b3b81e0c0b43d1bc27b38f4012778b8,368.0,0.0
0577f1d5d9ef,4455af03fe86,Удмуртия,Сарапул,Личные вещи,"Одежда, обувь, аксессуары",Женская одежда,Платья и юбки,42–44 (S),Юбки,Чёрная и синяя-250/,,,,,,,
b38a998d3f4e,9a7cf1e581e9,Алтайский край,Славгород,Недвижимость,Квартиры,Продам,3,Вторичка,"3-к квартира, 51 м², 4/5 эт.","угловая,теплая,сухая,частичный ремонт",1300000.0,5,2017-03-18,Private,,,0.08952
188b16728208,70da884b3ff3,Кемеровская область,Белово,Личные вещи,"Одежда, обувь, аксессуары",Женская одежда,Верхняя одежда,46–48 (L),Кожаная куртка,В хорошем состоянии. Кожзам,700.0,50,2017-03-28,Private,d0e74fdd3e2c2c8024f316391f95fe1a49cc704f7b3e13c0ece882ff3bf4dbba,527.0,0.0
-Светорассеиватели,отражатели,софтбоксы,соты,снуты для вспышек/,,,,,,,,,,,,,
31f04b700061,525a6bf4b354,Свердловская область,Екатеринбург,Личные вещи,Детская одежда и обувь,Для девочек,Обувь,32,Кроссовки,,200.0,2,2017-03-22,Private,b648bb2eac8d381187b67620d05a99a422ca63d56dc2fb1121af9fb11cee661d,86.0,0.0
85e24654397b,aee39f2d09b1,Челябинская область,Челябинск,Личные вещи,"Одежда, обувь, аксессуары",Мужская одежда,Рубашки,50–52 (XL),Продам новую рубашку,"Продам новую рубашку, размер 50-52, атласная, очень стильная и яркая. Заказала мужу через интернет и с размером пролетела.",1500.0,109,2017-03-28,Private,e7ed6bff55188d01f987661aaefec289b68818d306dfc3f324687085caa1d3b6,647.0,0.0
Тип	маршрутизатор/,,,,,,,,,,,,,,,,,
6bba4d9f6250,eb01db027de5,Краснодарский край,Тимашевск,Бытовая электроника,Аудио и видео,"Акустика, колонки, сабвуферы",,,Домашний кинотеатр,Все вопросы по телефону.,20000.0,1,2017-03-28,Private,2bb73da0348d68984f37adcba1c8a067c33f776d5d0186eadaf6a2f9b902acf0,3032.0,0.33973000000000003
По вашему желанию проверка изделий в вашем присутствии на специальном тестере./,,,,,,,,,,,,,,,,,
Линейные стереовходы могут быть независимо назначены на LR выходы /,,,,,,,,,,,,,,,,,
42865575c30e,515ba05418c1,Челябинская область,Челябинск,Недвижимость,Квартиры,Продам,1,Вторичка,"1-к квартира, 40 м², 5/10 эт.","Продается уютная, светлая, однокомнатная квартира в центре северо-запада. 5-й этаж 10-и этажного дома, окна выходят на южную сторону, во двор, поэтому в квартире тепло и солнечно. Балкон застеклен, везде установлены евро-окна. В прихожей есть шкаф купе. Из мебели остается полностью кухня. Соседи тихие, приветливые. Собственное ТСЖ, территория огорожена, консьерж, установлено видео наблюдение во всех подъездах и во дворе. Прекрасная детская и спортивная площадки. В шаговой доступности, магазины, поликлиники, рынки, остановки, детские сады, школы, гимназия №26.",1900000.0,10,2017-03-20,Private,8de7b1b4de7b89c50159a83e8aac0b9ef5f14809669371dd71eff339f2254d96,2222.0,0.07497999999999999
/,,,,,,,,,,,,,,,,,
/,,,,,,,,,,,,,,,,,
/,,,,,,,,,,,,,,,,,
/,,,,,,,,,,,,,,,,,
/,,,,,,,,,,,,,,,,,
/,,,,,,,,,,,,,,,,,
/,,,,,,,,,,,,,,,,,
/,,,,,,,,,,,,,,,,,
/,,,,,,,,,,,,,,,,,
/,,,,,,,,,,,,,,,,,
/,,,,,,,,,,,,,,,,,
/,,,,,,,,,,,,,,,,,
/,,,,,,,,,,,,,,,,,
/,,,,,,,,,,,,,,,,,
/,,,,,,,,,,,,,,,,,
/,,,,,,,,,,,,,,,,,
/,,,,,,,,,,,,,,,,,
/,,,,,,,,,,,,,,,,,
/,,,,,,,,,,,,,,,,,
/,,,,,,,,,,,,,,,,,
/,,,,,,,,,,,,,,,,,
/,,,,,,,,,,,,,,,,,
/,,,,,,,,,,,,,,,,,
/,,,,,,,,,,,,,,,,,
/,,,,,,,,,,,,,,,,,
/,,,,,,,,,,,,,,,,,
/,,,,,,,,,,,,,,,,,
/,,,,,,,,,,,,,,,,,
/,,,,,,,,,,,,,,,,,
/,,,,,,,,,,,,,,,,,
Тренажерный зал/,,,,,,,,,,,,,,,,,
Толщина OSB-плиты/,,,,,,,,,,,,,,,,,
Высылаем товар почтой России и транспортными компаниями./,,,,,,,,,,,,,,,,,
"могу переслать почтой в регионы\"",2300.0,583,2017-03-19,Company,56fc7e7073cf1e098cc1ab4ab043ad09d6cc8ab8f953ba09baa2a7f236325b9c,585.0,0.0,,,,,,,,,,
Заинтересовало предложение,но еще не продана своя недвижимость,"наши специалисты постараются Вам помочь с помощью услуги «Обмен» от агентства недвижимости «Премьер».\"",1950000.0,5790,2017-03-21,Shop,8291ed45ce7e94de6073b3198ea69c39f0ef4111b65cad474c46c80b7341ac73,2220.0,0.0,,,,,,,,
561eff1a9462,e7e8ea9d66cd,Нижегородская область,Нижний Новгород,Недвижимость,Коммерческая недвижимость,Сдам,Торговое помещение,,"Торговое помещение, 10 м²",Сдам торговое помещение в Универмаге Сормовские Зори (Центр Сормово) на 1-ом этаже. /,,,,,,,
2.платье на 122см за 200р/,,,,,,,,,,,,,,,,,
Насадка для точечного массажа	2/,,,,,,,,,,,,,,,,,
4c3aaeae9d3e,0dc61524549e,Челябинская область,Магнитогорск,Личные вещи,Детская одежда и обувь,Для девочек,Верхняя одежда,98-104 см (2-4 года),"\"Куртка (демисезон ) \"\"шкодамода\"\"\"","\"Куртка ( демисезон ) \"\"ШкодаМода\"\" 98/104/",,,,,,,
b2717f6de6eb,350e7357f3a0,Челябинская область,Челябинск,Бытовая электроника,Товары для компьютера,Акустика,,,Портативная колонка Iconbit PSS 970BT,Продам .Портативная колонка Iconbit PSS 970BT,1000.0,16,2017-03-22,Private,0c2e371ff8dba712b04ac4528c8520a0e21fc5f15b5627538ed0f1097f728816,3031.0,0.0
Сила тока: 95W/,,,,,,,,,,,,,,,,,
Без торга,"брал за 5 300.\"",2500.0,35,2017-03-20,Company,71047b27cb1b38279e86a59e26dc54f6628368c2709dbe940e57cfd6d1c693ea,645.0,0.0,,,,,,,,,
Белгород  120/,,,,,,,,,,,,,,,,,
Цвет на фото /,,,,,,,,,,,,,,,,,
Товар находится в Екатеринбурге,в Пионерском пос.,район ТЦ «Парк Хаус»,7 гор. Больницы./,,,,,,,,,,,,,,
☛ Meizu M5S 32Gb Black - 10 900;/,,,,,,,,,,,,,,,,,
Состояние хорошее,все страницы на месте,утрат текста нет./,,,,,,,,,,,,,,,
d9377219be2e,209d37f7ada0,Владимирская область,Владимир,Личные вещи,Детская одежда и обувь,Для мальчиков,Обувь,22,Демисезонные ботинки,"Ботинки демисезонные на байке,производство Казань,в хорошем состоянии. Твердый задник,высота подема и полнота регулируется. Очень удобные.",600.0,21,2017-03-22,Private,5b1b8ed763d1800e93ed9054842f5167bd868c94c8d08c64efbe5ea38b7d007f,47.0,0.0
Изготовим любые деревянные изделия:/,,,,,,,,,,,,,,,,,
284795401833,392bf64882ce,Иркутская область,Иркутск,Для дома и дачи,Продукты питания,,,,Продам картофель деревенский с огорода,"\"Желтый, рассыпчатый. Сорт \"\"Нерпенок\"\" вкусный. Доставка","цена за мешок.\"",1150.0,5,2017-03-19,Private,0079addec516a72e3dbcef2bc3318a6c8567619dcdae3cf8a6cdd57a07ffaac3,1164.0
Встроенный блок питания MPS12 /,,,,,,,,,,,,,,,,,
"Могу отправить почтой в другой город.\"",600.0,75,2017-03-28,Private,505256f649a87b6d87fd6381ea124bfae44ef7bfb77f840020c3df64a28a2362,2973.0,0.0,,,,,,,,,,
b92ab8dbd12b,af1543e9a1b5,Калининградская область,Калининград,Бытовая электроника,Товары для компьютера,Аксессуары,,,VGA-кабель,Продам vqa-кабель в рабочем состоянии,200.0,4,2017-03-15,Private,d676b2d53113f7f91cbcc63e402779896c70951157c046f16da3d639e869370f,2797.0,0.0
Официальное оформление/переоформление. Не корпоративные!!!!/,,,,,,,,,,,,,,,,,
560526ab3fe7,fffc145aac58,Белгородская область,Белгород,Личные вещи,"Одежда, обувь, аксессуары",Мужская одежда,Другое,,Пижама мужская,"Пижама мужская хб.новая,штаны:полуобхват талии42,полуобхват бёдер57,длина100,ширина брючины29.кофта:ворот45,длина рукава от ворота до манжета78,полуобхват груди54,длина по спине73",500.0,15,2017-03-17,Company,519113ad7fb814d00aad0deb062b820a99a9a12f158ab588e95e10f0e99e16fe,647.0,0.0
e7017a965a28,2198b46b0ba5,Пермский край,Пермь,Для дома и дачи,Растения,,,,Светодиодная фитолампа G3 PRO series 300W,Описание фитоалмпы G3 PRO SERIES 300W:/,,,,,,,
Производитель Италия,приятный дизайн,простой в уходе,нравится ребенку. Смотрится необычно и дорого,ребёнку удобно пользоваться,"нравится складывать и доставать из него.\"",300.0,26,2017-03-20,Private,0095d3b664a594e85f5c686456193b123f17c00f2a56a42161fa2fc0d756de87,2712.0,0.0,,,,,
55c28c9215fd,d076274a85f6,Ханты-Мансийский АО,Лангепас,Личные вещи,Детская одежда и обувь,Для девочек,Верхняя одежда,62-68 см (2-6 мес),Комбенизон осенний,"Продам детский плюшевый комбенизон. Носили в теплую весну, как новый. Нежно розового цвета в идеальном состоянии. Интересующие вопросы по телефону",1500.0,107,2017-03-23,Private,5d4fb0bf08bf9c47005e3bef69449cdf2bf6a9d9dfe73cfde8abcc3a4c6627cc,84.0,0.0
Природа нежным трепетом полна,/,,,,,,,,,,,,,,,,
Генератор льда/,,,,,,,,,,,,,,,,,
b8a4952fc4bd,89f7a737dbcc,Тюменская область,Боровский,Недвижимость,"Дома, дачи, коттеджи",Продам,Коттедж,,Коттедж 480 м² на участке 15 сот.,"Продаю коттедж  в БОРОВОМ в коттед/ посёлке,  .Отопление электрическое,теплые полы.Есть баня. Установлено видеонаблюдение.Собственная скважина с системой очистки и подготовки воды Земельный участок огорожен добротным забором.Тихое,спокойное место. Живописное место в экологически чистом районе. Здесь можно душой!  газовое, канализация: биотуалет (септик),",,33,2017-03-21,Company,,,0.05499
4b3da9ab67ba,6617e0108945,Волгоградская область,Волгоград,Бытовая электроника,Аудио и видео,"Акустика, колонки, сабвуферы",,,Стойки акустические фирменные Tempered,"Стойки под полочные колонки фирменные 75 см.массивные и устойчивые,по бокам каленое стекло.красивый внешний вид/",,,,,,,
"Документы полностью готовы для продажи.\"",850000.0,60,2017-03-28,Private,37d23f2d8a852c81a57c012ee27d9ccc11a3e3d12b7ef3e9d8c81a19498d307c,1311.0,0.0,,,,,,,,,,
3a4ed925582a,6b6ff5b4de65,Иркутская область,Иркутск,Личные вещи,"Одежда, обувь, аксессуары",Женская одежда,Обувь,40,Новые полусапожки демисезонные,Ликвидация новой обуви,1000.0,120,2017-03-28,Company,988fd9b195be0aee7465168fcaab58b31bc68775c3fece83b50b07a6094e08e8,438.0,0.0
* Тестомес;/,,,,,,,,,,,,,,,,,
87b7e16c2c4c,22188f9b5003,Белгородская область,Белгород,Для дома и дачи,Бытовая техника,Климатическое оборудование,Термометры и метеостанции,,Погодная станция Ea2 EN206,"Часы проекционные Ea2 EN206 – ультратонкий дизайн корпуса и черный глянцевый пластик, отличное приобретение и очень хороший подарок. Компания из Гонконга, специализирующаяся на производстве погодных устройств, выпустила этот мини-комбайн, объединяющий в себе метеостанцию, проекционный часы с будильником и календарь. Большой монохромный дисплей отражает информацию о времени и погоде внутри помещения и снаружи. А встроенный проектор отражает эти данные на потолке, цвет проекции красный. Для измерения температуры на улице используется тепловой датчик, поставляющийся в комплекте. Всего в устройство можно подключить до 3 таких датчиков, превратив его в домашнюю метеостанцию. Сигнал будильника Ea2 EN206 достаточно громкий, чтобы не проспать, и ненавязчивый. Также реализована функция «короткого сна», срабатывающая каждые 8 минут. Стильный дизайн, широкий функционал и доступная цена – и это далеко не все преимущества данной модели./",,,,,,,
854ef85f87ff,a9d8b8e45061,Самарская область,Самара,Недвижимость,Гаражи и машиноместа,Сдам,Гараж,Кирпичный,"Гараж, 30 м²",во дворе частного дома,2500.0,2,2017-03-20,Private,,,0.26865
d31c78244fa4,e83f64f835be,Тюменская область,Тюмень,Личные вещи,Товары для детей и игрушки,Товары для кормления,,,Молокоотсос Medela,"Молокоотсос Медела  двухфазный ручной. Состояние отличное, использовался мало.",600.0,18,2017-03-26,Private,f9c2cd1d81e348a3478b6e950991b14a73430a5b7fee1030b4f5cd1bf6c4d034,813.0,0.80323
Сдача дома 3квартал 2017года./,,,,,,,,,,,,,,,,,
84d5bf823ceb,c0359008b923,Воронежская область,Воронеж,Личные вещи,Красота и здоровье,Приборы и аксессуары,,,Зажимы для снятия гель-лака и шеллака,"Зажимы (прищепки) для снятия гель-лака и шеллака, новые./",,,,,,,
- Окна,деревянные/,,,,,,,,,,,,,,,,
ЕЖЕДНЕВНО с 10:00 до 20:00,"без перерыва!\"",1490.0,2235,2017-03-21,Shop,c072e11e01229f043b2c9d2d5ea939390394cf319a1b1bcf5b5b60a420e7831f,936.0,0.0,,,,,,,,,
5e1cdd40a489,c99f7b92fcb5,Кемеровская область,Кемерово,Бытовая электроника,Ноутбуки,,,,Ноутбук asus k50af,"Не работает,нет жесткого и оперативки",2500.0,173,2017-03-25,Company,ad218830bd355dd9f51058fb8a06565b5ae26415e9ef80aa776d10f7522b175f,2951.0,0.76786
441b1f884685,e5186dad32f1,Воронежская область,Воронеж,Личные вещи,"Одежда, обувь, аксессуары",Женская одежда,Джинсы,29,Новые джинсы 44-46,"Продам новые джинсы. Длина -100 см. По бокам - Молния. Очень стильно смотрятся. Сразу не одевала, потом поправилась((",800.0,101,2017-03-28,Private,e103c802d93d437c315aadd835fcd4a4cdf1ef43bc589f75292b8effbffd854d,567.0,0.0
"Сушатся быстро\"",1200.0,28,2017-03-16,Private,92b7eca83f1ef0edb88800611e1e36558d0ea6cdb67a42d31abd57397aadbe67,641.0,0.0,,,,,,,,,,
Челябинская область  -  2014,СПМД/,,,,,,,,,,,,,,,,
b1d9ccca1679,9eb1cb818690,Нижегородская область,Нижний Новгород,Личные вещи,"Одежда, обувь, аксессуары",Женская одежда,Обувь,37,"Фирменные кроссовки - кеды, 37",Женские кроссовки - кедики./,,,,,,,
Управление   механические кнопки/,,,,,,,,,,,,,,,,,
2c24b04d9acb,417ff405fbfe,Ставропольский край,Ставрополь,Личные вещи,Товары для детей и игрушки,Велосипеды и самокаты,,,Велосипед детсктий рама16,"Велосипед б/у, размер рамы 16. В очень хорошем состоянии.",2000.0,3,2017-03-18,Private,f97c5c9713df5c1e59218f0d527fa3e4117ba9ce8028a7eb20e835346cf0456d,2370.0,0.80323
./,,,,,,,,,,,,,,,,,
./,,,,,,,,,,,,,,,,,
./,,,,,,,,,,,,,,,,,
2e65f345f876,e14fe31ca6ba,Ярославская область,Ярославль,Личные вещи,Детская одежда и обувь,Для девочек,Обувь,26,Кроссовки skechers мигают огоньки,Кеды- кроссовки ф. Скечерс р 26-27 в отличном состоянии. Все огоньки мигают. Фиолетовые р 26.5- 27  и огоньки мигают впереди и сбоку. У голубых   р. 26 и огоньки только спереди. Смотрятся супер/,,,,,,,
f4145627f1c0,5078b5da12fe,Нижегородская область,Нижний Новгород,Личные вещи,"Одежда, обувь, аксессуары",Мужская одежда,Трикотаж и футболки,48–50 (L),Футболки мужские бу,Продам./,,,,,,,
06b72ee3bc74,aa091c6e7508,Самарская область,Похвистнево,Недвижимость,Квартиры,Продам,2,Вторичка,"2-к квартира, 49 м², 4/4 эт.",Продаю 2-х комнатную квартиру по ул.Орликова. Санузел раздельный. Балкон. Возможен торг.,1350000.0,3,2017-03-22,Private,04e33cc858227f42f6cfe27ef3075ef0a04a16e6b3880accdb8ef4915a455323,2217.0,0.0
723093d456d4,303f673d5941,Красноярский край,Красноярск,Личные вещи,"Одежда, обувь, аксессуары",Женская одежда,Обувь,38,Продам туфли,Состояние нового. Р38 - маломерки.,700.0,38,2017-03-18,Private,5633bddd076571d4259fe60bc220f11afe5b110373c0ad14e83a63f060999b2f,432.0,0.0
"Состояние нового.\"",700.0,98,2017-03-19,Company,902b3d4e8fbaf9457013ee2e32a1cd33c1b7c09b817c02f41048dcf465ccf293,1091.0,0.0,,,,,,,,,,
Разрешение 1920x1080 (16:9)/,,,,,,,,,,,,,,,,,
- Сбербанк России - забудьте про очередь в банке /,,,,,,,,,,,,,,,,,
______________________________________________________/,,,,,,,,,,,,,,,,,
6983dec916c4,7f482f990a0c,Нижегородская область,Дзержинск,Личные вещи,Красота и здоровье,Парфюмерия,,,Парфюмерная вода Paradise,40 мл от 50. Оооочень стойкие.,300.0,148,2017-03-22,Private,694f2f81cf97069812587192aca8e8823fd38b04b2dbb2e150a9b71a364c1050,769.0,0.80323
Технология	100 Гц/,,,,,,,,,,,,,,,,,
2 недели - 400 руб./,,,,,,,,,,,,,,,,,
fb4e90f33c96,f597556861ff,Свердловская область,Сухой Лог,Личные вещи,Детская одежда и обувь,Для девочек,Верхняя одежда,98-104 см (2-4 года),Ветровка для девочки,,300.0,2,2017-03-27,Private,626f90ce0f0915905578937e49ea43d20c725ac73cdf59268c900ea87ae39914,97.0,0.0
84910e322105,d6408981cf29,Новосибирская область,Новосибирск,Личные вещи,Детская одежда и обувь,Для девочек,Обувь,22,Ботинки для девочки Ecco 22 размер,,1500.0,36,2017-03-18,Private,ccfc8cba527ecab87cab197c4df65599005cce2c190efafc27944e5667d268f9,88.0,0.0
"ТАК ЖЕ КУПИМ ВАШЕ ЦЕННОЕ ИМУЩЕСТВО\"",3490.0,55003,2017-03-28,Shop,77bbcf0e12793360b903760b6f3b23333cf3bf46515283b239c637e95e77e2b0,1277.0,0.10471,,,,,,,,,,
А в день Вашего Рождения СПЕЦИАЛЬНАЯ ЦЕНА в течении 10дней Все фото наших кроссовок настоящие,сфотографированно в нашем стационарном магазине/,,,,,,,,,,,,,,,,
Остановки общественного транспорта в шаговой доступности. Рядом расположены Гимназия,школа,детские сады,Торговые комплексы,фитнес - центры,Рестораны,кафе./,,,,,,,,,,,
* Съемный текстиль (матрасик и капюшон)/,,,,,,,,,,,,,,,,,
Почти новые/,,,,,,,,,,,,,,,,,
822173dec019,5f640f5b938d,Краснодарский край,Ленинградская,Личные вещи,"Одежда, обувь, аксессуары",Женская одежда,Другое,,Продается женская одежда размер 44-46,Женская одежда от 200 рублей.,200.0,4,2017-03-20,Private,3c3dd36e08685d37f64cfd0f26eb0099f0681bf644d2f3b79a7ecdc6a7ff2c86,413.0,0.15813
64d546009ae2,05fc72201c07,Челябинская область,Челябинск,Личные вещи,Детская одежда и обувь,Для девочек,Другое,,Спальник,Состоит из 2 -х спальникок! Можно использовать по отдельности! С рождения до 65 см! У меня двойняшки! Один постоянно раскрывался! Выручал!Также можно использовать в поездке,350.0,47,2017-03-21,Company,fd8952cc351856a817cb5760209d848902abfa79fc122bc20b3fee5bb9f109b5,1299.0,0.0
2b987a10cb90,5cb7c897e9f2,Ростовская область,Ростов-на-Дону,Бытовая электроника,Планшеты и электронные книги,Аксессуары,Другое,,Корпус iPad 3 64gb,Корпус iPad 3 64gb. A1416. Новый. Ориг. /,,,,,,,
9b564b6b64e1,23fc7b575ce0,Челябинская область,Магнитогорск,Личные вещи,"Одежда, обувь, аксессуары",Женская одежда,Рубашки и блузки,44–46 (M),Майка джинсовая,"Продам джинсовую майку, джинс стрейч, тянется в ширину. Смотрится очень красиво. Состояние на 5.",100.0,76,2017-03-19,Private,187a0f9b3d47a98022761dfb3391d64fa3625a8827dd2956f31ddb02072507ad,618.0,0.13301
4329c118f0a6,e13807a578ec,Ростовская область,Ростов-на-Дону,Личные вещи,Товары для детей и игрушки,Велосипеды и самокаты,,,Машинка самокат,"Машинка в хорошем состоянии, катались по квартире, работает подсветка.",800.0,31,2017-03-15,Private,5804a7dcecdc690f363d1d8db520c6a3eb225837000bd599f5b3e38285610fdc,963.0,0.0
Передняя вилка /,,,,,,,,,,,,,,,,,
Тип тормоза/,,,,,,,,,,,,,,,,,
04e9c4d6138f,fb573e83e133,Челябинская область,Челябинск,Личные вещи,"Одежда, обувь, аксессуары",Женская одежда,Верхняя одежда,44–46 (M),"Верхняя одежда на весну, парка, пальто, дубленка","любую вещь отдам за 900 руб, за несколько вещей сделаю небольшую скидку! состояние отличное, 3, 4, 5, 6 не носились совсем. /",,,,,,,
Размеры 32x40cm высота 20 см/,,,,,,,,,,,,,,,,,
Услуги Вахты./,,,,,,,,,,,,,,,,,
"Водительская сторона подустала.\"",40000.0,1,2017-03-22,Private,054a630910cf82760a26593382de596a26d56d44fde768673715e03692fe7e1c,2262.0,0.24141,,,,,,,,,,
стулья кухонные хромированные кубики/,,,,,,,,,,,,,,,,,
57094d1bbbf4,5936353db8a1,Удмуртия,Ижевск,Личные вещи,Товары для детей и игрушки,Игрушки,,,Спринт 2 спорт,Продам спринт ² спорт срочно лежит без дела мешаться либо обмен по предложению,,11,2017-03-18,Private,0363d72b73f2838b98f9110f7f8a5c75ee96078f63401b52b86c11f53e55b243,1140.0,0.10865
Система охлаждения в комплекте нет/,,,,,,,,,,,,,,,,,
708477d62562,4ac554f1aa2a,Новосибирская область,Новосибирск,Хобби и отдых,Охота и рыбалка,,,,Сухой аварийный паек 'Якорь',Разработано в СССР./,,,,,,,
Доступные ростовки - 144,148,152,158,159W,162W/,,,,,,,,,,,,
2f72ecf8c2ea,a601fc8fab44,Нижегородская область,Нижний Новгород,Личные вещи,Детская одежда и обувь,Для мальчиков,Верхняя одежда,110-116 см (4-6 лет),Куртка осень/весна,Куртка новая button blue 116 рост на 6 лет. Смотреть в мкр-не Седьмое небо,1900.0,68,2017-03-27,Private,d61138b686f067bd365f40235c2a390ea08f517b0ebfd9e376eba722fefc7093,51.0,0.0
ДОМ СДАЛСЯ ДВА МЕСЯЦА НАЗАД !!!/,,,,,,,,,,,,,,,,,
0696d240db14,39e4913aa378,Волгоградская область,Волгоград,Личные вещи,"Одежда, обувь, аксессуары",Женская одежда,Пиджаки и костюмы,44–46 (M),Пиджак,,350.0,27,2017-03-26,Private,c2f583955b41ca30d650e68203654398c8fe77f09eaf9fee15af3bf897dd65f1,562.0,0.20728
879ee51b8bea,cb0b25a39627,Краснодарский край,Краснодар,Животные,Товары для животных,,,,Воротник для кота,Не пригодился.для кастрированных котов,120.0,82,2017-03-22,Private,61cb500a2c4e758e5006d45b313115e1df4619f07528cb04aad771188e5824cf,2970.0,0.0
Есть несколько квартир,на 8,9,10,11,12,13,14,16 этажах. Все - двухкомнатные,71 кв.м. Состояние - стройвариант./,,,,,,,,
4a247ba89322,0af85d8738a1,Иркутская область,Зима,Для дома и дачи,Мебель и интерьер,Шкафы и комоды,,,Трельяж,Продам в нормальном состоянии.,2500.0,35,2017-03-24,Company,59a3e523040b4ad1a8c72b578645693e282c13cc3da1cfc3d49cc6fcd5f3296d,1533.0,0.86521
- утепленный комбинезон желтый тигренок рост 62-68. подкладка трикотаж. стоимость 500 рублей/,,,,,,,,,,,,,,,,,
783b2a384202,500a771758a4,Ставропольский край,Пятигорск,Личные вещи,"Одежда, обувь, аксессуары",Женская одежда,Обувь,39,Туфли новые,,1500.0,22,2017-03-28,Private,3654d3023584555ab41a3fd8b62c7d7065ea0398242f86c59af384aa5a82c8e9,425.0,0.0
d85299f02dac,94b4c792820c,Алтайский край,Барнаул,Недвижимость,Квартиры,Продам,2,Новостройка,"2-к квартира, 70.4 м², 5/10 эт.",Квартира в кирпичном доме. Установлена сантехника. Срочно,2350000.0,1,2017-03-15,Private,ee31f315e29663e6f9c3f176ad8ee3c9c0e17f712710a6ef0b9b1e58157905ee,1107.0,0.09554
Регулируемая рулевая колонка/,,,,,,,,,,,,,,,,,
7520bd8114fc,514ed5b55fe7,Ярославская область,Переславль-Залесский,Транспорт,Автомобили,С пробегом,Volkswagen,Passat,"Volkswagen Passat, 1991",продам авто в очень отличном состоянии не гнилая не битая новая летняя резина новый аккумулятор подвеска не стучит заменены все стойки   двигатель перебран полностью в январе 2017 года в переславле масло не ест все новое залит антифриз красный масло мобил 1 страховка до января 2018 года,120000.0,44,2017-03-23,Company,172c975873c2af7bc6a984a18f96a30ea401b6beabe83f3e411d5c72e65d19ed,2264.0,0.67273
c41402f22fec,3b8134afbafe,Татарстан,Казань,Для дома и дачи,Бытовая техника,Для кухни,Плиты,,Газовая Плита Schaub Lorenz SLK GW4010 (Договорная,Газовая Плита Schaub Lorenz SLK GW4010/,,,,,,,
cb7185bae67e,a92befa2c2fb,Воронежская область,Воронеж,Бытовая электроника,Товары для компьютера,Комплектующие,Жёсткие диски,,Жесткие диски ide и SATA разного объема,3.5 дюйма/,,,,,,,
Места повышенного износа имеют дополнительное усиление,мембранной тканью «Кошачий глаз»,которая не пропускает влагу снаружи,отводит ее изнутри и обладает повышенной износостойкостью./,,,,,,,,,,,,,,
08995244bb21,c7407224e8c0,Челябинская область,Челябинск,Недвижимость,Квартиры,Продам,Студия,Новостройка,"Студия, 29 м², 10/18 эт.",Дом сдадут в 2018 году.,1200000.0,155,2017-03-26,Company,,,0.0
6dba83c7e201,768d2ed515a2,Нижегородская область,Нижний Новгород,Бытовая электроника,"Игры, приставки и программы",Игры для приставок,,,"NHL 15, God of war",NHL 15 - 500/,,,,,,,
"- Экран IPS 5\"\" HD 1280x720 пикс",296ppi,олеофобное покрытие/,,,,,,,,,,,,,,,
c93e6d3e4659,14cb7ff07e28,Башкортостан,Уфа,Животные,Кошки,Другая,,,"Гладкошерстный, двухцветный котенок бесплатно","годовалый котенок, двухцветный, гладкошерстный, не линяет (отдаем в хорошие руки, в связи аллергией). Умный, очень ласковый, игривый, ходит в лоток, кушает мало",0.0,30,2017-03-20,Private,,,0.09179
bde42d22c7c6,040262e842c9,Самарская область,Тольятти,Для дома и дачи,Мебель и интерьер,Столы и стулья,,,Столик журнальный. Новый,Высота 500 х 500 х 500 мм./,,,,,,,
3adc1ae43716,1dbd736e429a,Калининградская область,Калининград,Личные вещи,"Одежда, обувь, аксессуары",Мужская одежда,Обувь,< 40,Туфли мужские Conhpol новые без шнурков,"Размеры в наличии 40, 41, 44/",,,,,,,
Магазин «Электроника». Пушкина 40/,,,,,,,,,,,,,,,,,
cf12a4a9233b,f5d36ac2f3d4,Нижегородская область,Нижний Новгород,Личные вещи,Товары для детей и игрушки,Детская мебель,,,Пеленальная доска,"Пеленальная доска предназначена для ребенка в возрасте до 6 месяцев, устанавливается на детскую кровать. Доска имеет твердое основание, ограничители, а также мягкие полукруглые бортики в форме подковы, которые предотвращают скатывание малыша./",,,,,,,
3ea430b5b6c4,df15cd21cdf5,Новосибирская область,Новосибирск,Личные вещи,"Одежда, обувь, аксессуары",Женская одежда,Обувь,37,Кроссовки NB,Продам абсолютно новые кроссовки NB.,4000.0,6,2017-03-28,Private,6f23ea89fb6bdf15afa2b2688c12f56e1918f0a1f43ea7c5394a39f39b9c9419,484.0,0.0
--Феодосия - 40руб/,,,,,,,,,,,,,,,,,
cf9ff773988a,cd820a19e183,Владимирская область,Ковров,Для дома и дачи,Мебель и интерьер,Текстиль и ковры,,,Постельное белье белое,отдам всё вместе за 600р /,,,,,,,
93203b90bbbb,e17e5f50041f,Калининградская область,Советск,Личные вещи,Товары для детей и игрушки,Детская мебель,,,Колыбелька,"состояние отличное,внутри ортопедический матрасик,покупался отдельно.",3000.0,20,2017-03-28,Private,abe3f43e8404eb09a696a662877502d7d82e1681853e65e02c8d3cf1b3c4d942,821.0,0.80323
Тип мелодий полифонические,MP3-мелодии/,,,,,,,,,,,,,,,,
АКЦИЯ: Купив КОЛЯСКУ,Вы получаете сразу ДОПОЛНИТЕЛЬНУЮ СКИДКУ на весь ассортимент! /,,,,,,,,,,,,,,,,
1. Наши автомобили проходят тщательную техническую и компьютерную диагностику,по желанию можно сделать тест-драйв./,,,,,,,,,,,,,,,,
a5c75b51986e,39445b026b99,Белгородская область,Губкин,Личные вещи,Детская одежда и обувь,Для девочек,Комбинезоны и боди,86-92 см (1-2 года),Велюровая пижама для девочки,Продается новая пижамка - мягкая и очень девчачья! Обмен не интересует. Без торга.,400.0,97,2017-03-17,Private,3e8ec11426669f138a2a6c6928840ab0999fc66b3ed2431d7e596f2511eea5d0,84.0,0.0
9052e6655237,6488d9a6139d,Владимирская область,Ковров,Бытовая электроника,Телефоны,Аксессуары,Чехлы и плёнки,,Продам бампер,Продам бампер на айфон 6s,150.0,39,2017-03-22,Private,c7ad6e018feb8d7bca999989e8430f028bc89849088c83f14faa01a267f923f0,2909.0,0.0
Марича (Piper niqrum) – освежает дыхание,антибактериальное средство/,,,,,,,,,,,,,,,,
9a1a380b149f,8304cdee1f82,Ростовская область,Ростов-на-Дону,Личные вещи,Товары для детей и игрушки,Детская мебель,,,Колыбель Jetem,"Колыбель в нормальном состоянии. Все рабочее. Будут вопросы, звоните, пишите. Возможен торг.",4000.0,9,2017-03-20,Private,7c9bb5a801c5b82cbff368ea383486a6f31cf7954b5e2686b30ca9be50d0ecd9,821.0,0.0
- Гидроуселитель руля/,,,,,,,,,,,,,,,,,
6339c03a0d14,8ed5859819cc,Омская область,Омск,Личные вещи,Детская одежда и обувь,Для мальчиков,Верхняя одежда,74-80 см (7-12 мес),Демисезонный комбинезон,"Комбинезон делается конвертом, ручки отворачиваются, размер 80, отличное качество, внутри флис/велюр",1000.0,208,2017-03-20,Company,70ea1eaa77d2a34bfb8fd8d7459f19617882c2b30a07342ce356b5bb5ab18636,42.0,0.0
"ПРЕДПОЛАГАЕМЫЙ РАЗОВЫЙ ОБЪЕМ СБОРА ДО 100 КГ.\"",,48,2017-03-25,Company,,,0.0,,,,,,,,,,
Две звезды./,,,,,,,,,,,,,,,,,
44d35493a7ff,d7cd6b9f2ecb,Красноярский край,Норильск,Бытовая электроника,Телефоны,iPhone,,,iPhone 5,возможен торг,10000.0,4,2017-03-18,Private,,,0.16143
В доме кухня,сени,1 большая и 3 маленькие комнаты./,,,,,,,,,,,,,,,
Местонахождении КСМ Березовый м-он (Первомайка). /,,,,,,,,,,,,,,,,,
39ede8166d15,5f4899ae5e56,Пермский край,Пермь,Для дома и дачи,Бытовая техника,Для дома,Стиральные машины,,"\"Продам стиральную машину \"\"индезит\"\"\"","В рабочем состоянии, нареканий нет. Отжим макс. 800 об/мин.",4000.0,23,2017-03-15,Company,2fbd2bc7b5874b3eedb49d80ab4a610f4a5fef80830e21aebdfaa3c47b6a4beb,1983.0,0.0
"Расчетная мощность 65 W\"",600.0,109,2017-03-23,Private,e44af5a4ea7897065c00fc8754d558b739c48822cbc74211702156677296ecec,2852.0,0.0,,,,,,,,,,
Юбка синяя,на резинке,размер XS-M (тянется)/,,,,,,,,,,,,,,,
"intel G31 / Intel ICH7\"",2000.0,9,2017-03-15,Private,99e46e47e55790c930506ad1a3e141111f659d96653f23f18e55fcb36914dd4d,2862.0,0.0,,,,,,,,,,
139533b6e066,0454124ddd81,Воронежская область,Воронеж,Для дома и дачи,Бытовая техника,Климатическое оборудование,Кондиционеры,,Rovex RS-12ALS1 Кондиционер. Сплит система,Вы можете закаать установку в нашей компании по льготной цене!/,,,,,,,
78e05d10eea9,8c73b36ed9fe,Тюменская область,Тюмень,Личные вещи,Товары для детей и игрушки,Детская мебель,,,Кроватка,"\"продам кроватку трансформер фирмы \"\"cybe\"\" .В хорошем состоянии. Отдам с мотрасом покупали отдельно.\"",7000.0,2,2017-03-22,Private,ba483788af0e68f2911d8de05cbb239c97fd70d5516d3f45484761513f0afec9,1015.0,0.0
08a74f4f1903,7e33264bf7e7,Татарстан,Казань,Личные вещи,Детская одежда и обувь,Для мальчиков,Обувь,21,Сланцы суперские Adidas,"Очень удобные, мягкие, на липучке, размер 19-22 подойдет",300.0,8,2017-03-19,Private,5891d6af17f0adfe70139d161f6fefb69e57f82d488aeb9e83bddb09030490cc,478.0,0.17522
Б/у: 8 мес./,,,,,,,,,,,,,,,,,
🔥ТОРГ🔥/,,,,,,,,,,,,,,,,,
слот для карты памяти/,,,,,,,,,,,,,,,,,
В салоне не курили,всегда содержали в чистоте. Сидеть приятно. Чехлы из экокожи фирмы автопилот,устанавливались и подшивались в их центре /,,,,,,,,,,,,,,,
5d023e8f9fce,24433f47ea2d,Калининградская область,Гусев,Личные вещи,"Одежда, обувь, аксессуары",Мужская одежда,Верхняя одежда,48–50 (L),Плащ дождевик с капюшоном Камуфляж,Плащ дождевик имеет капюшон. Застегивается при помощи молнии и кнопок. Используется в любую погоду. Предназначен для активного отдыха рыбалки и охоты. Водостойкий.,800.0,467,2017-03-18,Company,da6e41213378485ad263cfbbba5d85ffd2b8cee46cf8812c6f7ed65cb516ea03,2306.0,0.0
b3821be201b0,cd30a9ebfe3e,Красноярский край,Назарово,Личные вещи,"Одежда, обувь, аксессуары",Мужская одежда,Брюки,50–52 (XL),Брюки кожаные инд пошив прямой покрой,"Кожа высокого качества, повреждений потёртостей нет.",4000.0,32,2017-03-24,Company,73b966574a4a5d9ccae4b12062364ae5df6c8ccc246fc864b0ec88ac9cb58331,662.0,0.14689000000000002
✔️трансформеры/тоботы/роботы/,,,,,,,,,,,,,,,,,
f6722151dc14,3eb931be3e11,Красноярский край,Красноярск,Личные вещи,"Одежда, обувь, аксессуары",Женская одежда,Обувь,39,Кроссовки nike,"Продам,заказывали с интернета,прогадали с размером,совершенно новые:/",,,,,,,
Вес,нетто    14 кг/,,,,,,,,,,,,,,,,
Состав Полиэстер - 100% /,,,,,,,,,,,,,,,,,
1. св розовые с бабочками состояние хорошее,17.5 см стелька,200 р (брали за 600)/,,,,,,,,,,,,,,,
6f2bfa4aaa04,833cd631f907,Удмуртия,Ижевск,Личные вещи,Товары для детей и игрушки,Игрушки,,,Lego star wars 75043 шагающий танк AT-ap,"б/у в разобранном виде по цветам деталей, фигурки+ инструкции для сборки",3100.0,18,2017-03-20,Private,9b62e3c6cbbdac1662b30ad03a03f25d847c353146147300fd3540fef7464703,866.0,0.0
"Монтаж.\"",87.0,651,2017-03-26,Company,b3986235784ee21d523e073184eeb447ca96b5203ce7ad8daa160e96e36bb1cb,1295.0,0.0,,,,,,,,,,
размер дома 6х7м /,,,,,,,,,,,,,,,,,
9f3fee98828e,82641d420389,Нижегородская область,Нижний Новгород,Услуги,Предложение услуг,"Обучение, курсы",,,Обучение маникюру и покрытию гель лак,"Обучу всем секретам маникюра и покрытия гель лак, поставлю правильно руку,  практика и теория проходят параллельно, в один учебный день.  Модель предоставляется.  Шпаргалка- теория в эл. Общие сведения по дизайну. Форме на почту высылаю.. Дальнейшая поддержка в виртуальной форме. Звоните, записывайтесь, останетесь довольны",3500.0,120,2017-03-23,Private,56b324d6b1fb451a12a26049f4cfeb166c0832eff37381c4e3b43de1deaf2380,2275.0,0.25
9e29f67da020,16b753e525a3,Башкортостан,Раевский,Транспорт,Автомобили,С пробегом,ВАЗ (LADA),2107,"ВАЗ 2107, 2007",На ходу/,,,,,,,
d30bbd82cfdf,680c5d233cbf,Татарстан,Набережные Челны,Бытовая электроника,Телефоны,Xiaomi,,,Xiaomi Redmi note 4 x,"Модель процессора: Qualcomm Snapdragon 625 64 бит, 8 ядер/",,,,,,,
cce09f9aa03d,2b03aa1d8e19,Краснодарский край,Краснодар,Услуги,Предложение услуг,"Ремонт, строительство",Ремонт квартиры,,Ремонт квартиры под ключ,Очень бысто и качественно.,,16,2017-03-18,Private,,,0.0
30e8cbf16767,8eae61e11c87,Новосибирская область,Бердск,Для дома и дачи,Ремонт и строительство,Сантехника и сауна,,,"\"Раковина \"\"лорето 85\"\"\"",раковина новая в упаковке.  не подошла по размеру. при оплате возможна доставка по договорённости.,4000.0,3,2017-03-21,Private,1f95a8da3c4d0e3e9b51d804f11b0d9e04c6aeef9f520294b7e92b776ce159cf,1387.0,0.0
2ecaca6afade,c7c74cf21f52,Воронежская область,Воронеж,Животные,Аквариум,,,,Продам аквариум со всем содержимым,"Действующий аквариум,30 л,крышка со светом,фон,фильтр,грунт,искусственные растения,золотая рыбка,корм для золотух.Причина продажи:в доме есть ещё несколько аквасы,для этого уже нет места,маленький ребёнок пытается помыть в нем руки.",2500.0,52,2017-03-24,Private,1d3a4e9fc51fa22d8be3fb559e63222b767e0dfe08b34160711da2293a7dc021,2014.0,0.78503
Клеенка; /,,,,,,,,,,,,,,,,,
3988b05ab7a7,6c134410cf1f,Кемеровская область,Кемерово,Бытовая электроника,Ноутбуки,,,,Ноутбук для игрушек,!!! Продажа цифровой техники с ГАРАНТИЕЙ !!!/,,,,,,,
•  Пластиковые окна с двухкамерными стеклопакетами/,,,,,,,,,,,,,,,,,
Легкие/,,,,,,,,,,,,,,,,,
"Более подробную информацию можете уточнить по телефону.\"",990.0,16,2017-03-17,Shop,5d6678140f523245849cbe1df3375d78ec6559ac8cd8585d962c53bdf0a4cc4f,440.0,0.0,,,,,,,,,,
f4ae3d7b8a13,2fe9f6d45b10,Ставропольский край,Минеральные Воды,Для дома и дачи,Мебель и интерьер,"Кровати, диваны и кресла",,,Мебель,"Продаётся абсолютно новый комплект мебели,цвет белый с золотой патиной,везде имеются доводчики.",120000.0,13,2017-03-20,Company,edaf56b4ad43bee70c7891a92c8026295e30d0de7ceba306a343db34f1ecf01a,1449.0,0.0
c85787422255,a626d9da4c21,Омская область,Омск,Транспорт,Водный транспорт,Надувные лодки,,,Продам лодку пвх,"Продам двухместную лодку Уфимка.Весла,насос,клапана.Срочно.Торг!",5000.0,8,2017-03-27,Private,b547a819e4d6d6b679170b5d0d444ca0b03e2e4ebc68b491c5b74fb69af44587,1147.0,0.74041
Создание сайта от 5000 руб./,,,,,,,,,,,,,,,,,
"GSM\"\"Baza\"\"/",,,,,,,,,,,,,,,,,
"Фото и цена реальные! Посредников просьба не беспокоить.\"",3260000.0,33059,2017-03-20,Shop,3512a80b5a85169a9a4725e01f51fa33c2f65a27e8e7f62bafe13443f193d39e,1408.0,0.05219,,,,,,,,,,
Колеса пневматические,на дисках,съемные/,,,,,,,,,,,,,,,
748a55d7d18f,162e8cce45de,Саратовская область,Маркс,Транспорт,Автомобили,С пробегом,Mitsubishi,Chariot,"Mitsubishi Chariot, 2000",Все вопросы по телефону,250000.0,3,2017-03-26,Private,6b918698ef6e7e7c8907ce7979f9581dedc777d3923c4a11b26b9108a8e5bb07,2264.0,0.0
Матрас 2000р. /,,,,,,,,,,,,,,,,,
ab993d81920b,291fa1fef54b,Ростовская область,Таганрог,Для дома и дачи,Ремонт и строительство,Сантехника и сауна,,,Тюльпан,"Продаю тюльпан в хорошем состоянии. Цена 500 руб, торг уместен. Группа ВК Стройматериалы б/у Таганрог.",,23,2017-03-16,Private,77d54a73aa7ae1ae2de773eff6e6c92bd03bd03128daf77a975c10eec08a559f,1387.0,0.0
массаж платно/,,,,,,,,,,,,,,,,,
Re-00007900/,,,,,,,,,,,,,,,,,
377f137ba638,d228e19fe243,Пермский край,Пермь,Личные вещи,"Одежда, обувь, аксессуары",Женская одежда,Платья и юбки,44–46 (M),Платье,,150.0,3,2017-03-26,Private,1f73057ef2ab4953495d4497bacc173f06ac818b2b04f6969f27053e4f0d604c,564.0,0.20728
- размер 44/,,,,,,,,,,,,,,,,,
стальная облегченная рама/,,,,,,,,,,,,,,,,,
В комплекте оригинальный вал отбора мощности/,,,,,,,,,,,,,,,,,
☀ ИСПАНИЯ из Уфы✈ РАННЕЕ БРОНИРОВАНИЕ⚡⚡⚡ /,,,,,,,,,,,,,,,,,
11ef14f7d7a0,81aec8c02c31,Нижегородская область,Нижний Новгород,Для дома и дачи,Мебель и интерьер,"Предметы интерьера, искусство",,,"\"Картина \"\"Желтое такси в Нью-Йорке\"\"\"","\"Картина \"\"Желтое такси в Нью-Йорке\"\"",состояние хорошее,/,,,,,
6892be86116f,c606cee84c81,Пермский край,Пермь,Личные вещи,Детская одежда и обувь,Для девочек,Трикотаж,86-92 см (1-2 года),"Флисовая кофточка Kangaroos, р. 92-98","НОВАЯ флисовая кофточка на молнии Kangaroos, р. 92-98./",,,,,,,
1bdd3b303221,a0b9a69e273d,Краснодарский край,Сочи,Личные вещи,Детская одежда и обувь,Для девочек,Другое,,Набор на Крещение для девочки.Набор новый не разу,Набор новый не разу не одевали.Размер приблизительно на 1-3 года,2000.0,6,2017-03-23,Private,26253051c46f891387045fd0c5c482880a0e2edeb35ede06258e1aa33f22ee87,82.0,0.0
От собственника. Без комиссии./,,,,,,,,,,,,,,,,,
он будет изучать понятия: целое,половина,четвертая часть/,,,,,,,,,,,,,,,
Газ рядом с участком. /,,,,,,,,,,,,,,,,,
+ Доставка по городу и в любой Регион/,,,,,,,,,,,,,,,,,
a5035e3f9042,ecbe273a54a3,Челябинская область,Челябинск,Личные вещи,Детская одежда и обувь,Для девочек,Платья и юбки,134-140 см (8-10 лет),Платье,"Праздничное платье в отличном состоянии! Платье в пол, очень красивое! Стягивается на спине! На высокую девочку! Длина изделия 117см.",2500.0,66,2017-03-26,Private,1c36f4d14d80ab86fb21f4a5b0e25c039b4011ed6d5ac28844eebf7e131ae0ac,560.0,0.0
e92bc7fcadcc,3c99d2f39146,Тюменская область,Тюмень,Недвижимость,"Дома, дачи, коттеджи",Продам,Дача,,Дача 80 м² на участке 12 сот.,Прекрасная дача на спаренном земельном участке 12 соток. Объявление на этажах: Ссылка/,,,,,,,
4- 92 р. - 150 руб./,,,,,,,,,,,,,,,,,
c4cbb1e84129,036de04a9545,Саратовская область,Саратов,Животные,Собаки,Той-терьер,,,Крошки тойчики,"подросли щенки длинношерстного терьера от лучших представителей породы в городе: девочка рыже-коричневая и мальчик темный соболь. Рождение 21.01 2017, едят и играют самостоятельно. Стабильно маленький размер - вес до1,5-1,7 кг",,40,2017-03-21,Private,06725bb86babfff6dcc7e2e9a82a94d9517c30a142a669455b968c343bdc62ed,2128.0,0.0
255b0f8e9304,4f28d3774e43,Ростовская область,Ростов-на-Дону,Хобби и отдых,Музыкальные инструменты,Для студии и концертов,,,Преамп для бас-гитары Darkglass B7k USA,"Смысла нет описывать данную педаль, вся информация есть на сайте изготовителя и в роликах на youtube. /",,,,,,,
3-50₽/,,,,,,,,,,,,,,,,,
acf82c6f8c1c,f9870f72c862,Башкортостан,Уфа,Для дома и дачи,Мебель и интерьер,Шкафы и комоды,,,Комод с 5 ящиками ikea,Продаётся комод с 5 ящиками IKEA в идеальном состоянии.,3000.0,12,2017-03-18,Private,8ef4066248b9f3fa0e146cb4bcd82127825967a63bce28a2476e7791db688f70,1485.0,0.86521
◦ Wi-Fi 802.11 b/g /,,,,,,,,,,,,,,,,,
281b206a7a20,bd6647a672d5,Белгородская область,Алексеевка,Недвижимость,Квартиры,Продам,3,Новостройка,"3-к квартира, 60 м², 3/5 эт.",Хочу поменять на дом,3000000.0,1,2017-03-20,Private,,,0.20668000000000006
Не ронялся,не топился /,,,,,,,,,,,,,,,,
Подставка удобно регулируется по наклону./,,,,,,,,,,,,,,,,,
Артикул товара:3434730/,,,,,,,,,,,,,,,,,
Молнию закрывает специальная дополнительная полоска;/,,,,,,,,,,,,,,,,,
853af7b771c5,7db5815be323,Омская область,Омск,Недвижимость,Земельные участки,Продам,Поселений (ИЖС),,Участок 15 сот. (ИЖС),"Продается часть земельного участка в селе Харино, по ул. Победы, площадью 13 соток по документам, 15 соток фактически, с видом на реку Иртыш, со свободным выходом в улицу, с возможностью строительства жилого дома (линия электропередачи, водопровод и газопровод находятся рядом от возможного пятна застройки), территория свободна от объектов. /",,,,,,,
"✅Подробно смотрите информацию 🏦Мода из комода Пермь\"",250.0,4082,2017-03-18,Company,ac4cc358962d307941d5eff29c0890849092a5eb70d31b059689c0839dc7fd01,627.0,0.0,,,,,,,,,,
Частота памяти	1600 MHz/,,,,,,,,,,,,,,,,,
7dae4037eac0,42fcafe00f76,Кемеровская область,Кемерово,Личные вещи,Детская одежда и обувь,Для девочек,Верхняя одежда,122-128 см (6-8 лет),Куртка весенняя,Куртка-ветровка для девочки б/у. Есть капюшон.,500.0,22,2017-03-27,Private,43aa4c736fe51a70ed0ed9d83725e1f627c937ad00f676b1b95b56f8a93623f8,97.0,0.0
- проверка всех интерфейсных разьемов;/,,,,,,,,,,,,,,,,,
5c1e05ce3845,e2f7007c6cdb,Волгоградская область,Волгоград,Личные вещи,Детская одежда и обувь,Для мальчиков,Обувь,< 19,Сандалии,Продам детские сандалии в отличном состоянии 19 размер.,200.0,37,2017-03-27,Private,5f9fef103bc128408bb49f00c784d40703ce919edf0d7e167769ef6251dff555,44.0,0.0
Собственный склад запчастей и аксессуаров для телефонов и планшетов!/,,,,,,,,,,,,,,,,,
6. Анжелика в Новом Свете Прогресс     1973    574 стр./,,,,,,,,,,,,,,,,,
"хватки из кости\"",230000.0,42,2017-03-23,Private,97ccb2d1581e409255fb2056ff301600a514b363585827217190c9237016c055,2430.0,0.31957,,,,,,,,,,
вес 9 кг,/,,,,,,,,,,,,,,,,
Число оборотов на холостом ходу 9500об/мин/,,,,,,,,,,,,,,,,,
0bf160f10023,2939aa002dfe,Ханты-Мансийский АО,Нефтеюганск,Бытовая электроника,Телефоны,Аксессуары,Зарядные устройства,,"USB зарядное устройство для телефона 1А, зарядка","Продам зарядку для телефона. Вход USB 2.0, Сила тока 1А.",200.0,18,2017-03-25,Private,3b56eaa1142a3551bd54422152fd6f7531bde9c662376c9a42dec01b7593bc42,2907.0,0.0
1dba191714b6,3f64819a5896,Пермский край,Пермь,Хобби и отдых,Музыкальные инструменты,Гитары и другие струнные,,,Гитара yamaha CPX 500 BL,"Новая гитара, не использовалась. Описание можно прочитать в интернете. /",,,,,,,
Инструкция./,,,,,,,,,,,,,,,,,
-Двери купе - зеркало,пленка Oracal./,,,,,,,,,,,,,,,,
4eecdfd2f51d,55fe3d685b4e,Красноярский край,Красноярск,Личные вещи,"Одежда, обувь, аксессуары",Женская одежда,Платья и юбки,44–46 (M),"Платье летнее, яркое",Новое ! Не подошло по размеру ! Хлопок ! Приятное к телу. Покупала за 2100,700.0,91,2017-03-24,Private,6bc0a11d4ab7833277a18796f02aea6f229e0badbc4c104b6afa4c7248314514,386.0,0.0
Куртка + полукомбинезон. Подкладка х/б./,,,,,,,,,,,,,,,,,
Размер изображения/,,,,,,,,,,,,,,,,,
Большой дом,Баня,2 капитальные теплицы,глубокий колодец (9 м) с чистой водой,Водонасосная станция,Душ с горячим водоснабжением. Проведён водопровод по всему участку (чистая вода в дом,теплицы,в баню,душ). Множество плодово-ягодных насаждений. Много емкостей для полива. Парковка на 2 автомобиля. Дорогу чистят круглый год./,,,,,,,,,
6507220b4744,1d3e37b331f1,Свердловская область,Серов,Бытовая электроника,Аудио и видео,"Акустика, колонки, сабвуферы",,,Sven,DVD,350.0,9,2017-03-23,Private,5d24b039130289c2f8ebdd8fbe050e24cc85e8e04d146f24cd86ff9e6f012693,3042.0,0.10373
-Повышает всхожесть семян /,,,,,,,,,,,,,,,,,
Угол обзора 178°/,,,,,,,,,,,,,,,,,
Характеристика :ПВХ.ПОЛОТНО С 935 MSD class./,,,,,,,,,,,,,,,,,
2. РАССРОЧКА от магазина позволяет распределять деньги на разные цели (Возможно оформление рассрочки дистанционно) /,,,,,,,,,,,,,,,,,
Резервная мощность - 114 кВт/,,,,,,,,,,,,,,,,,
1050/100/980 /,,,,,,,,,,,,,,,,,
— Неинтересны для грызунов,микробов и прочих возбудителей инфекций./,,,,,,,,,,,,,,,,
- Первоначальный взнос от 0%/,,,,,,,,,,,,,,,,,
07f3c9ece0a6,862a797767d1,Нижегородская область,Нижний Новгород,Личные вещи,Товары для детей и игрушки,Игрушки,,,Новый прыгун олень,"Отличный новый прыгун олень, очень хорошая веселая игрушка для ребенка. Остановка Стрелка. Нижегородская ярмарка.",500.0,723,2017-03-25,Company,6105ae2001a9b30029bf88c19bc0415da9578bc1e91ae08f9385794af8b600ab,835.0,0.80323
площадь 70 / 40 / 9 м2./,,,,,,,,,,,,,,,,,
Кулер: COOLER MASTER/,,,,,,,,,,,,,,,,,
Характеристики	Значения/,,,,,,,,,,,,,,,,,
Объем оперативной памяти: 2 Гб /,,,,,,,,,,,,,,,,,
•В наличии более 300 автомобилей./,,,,,,,,,,,,,,,,,
dc4e2bd78418,b9efd418e037,Нижегородская область,Дзержинск,Недвижимость,"Дома, дачи, коттеджи",Продам,Дом,,Дом 37 м² на участке 6 сот.,продам дом- назначение жилое.разделен на 3 комнаты./,,,,,,,
"- диаметр перекладины – 25 мм.\"",1390.0,73,2017-03-20,Private,4ca39dbbe83b38d71a20bb2977d8aa1ee03e6514d3c6892c8627beb36f17683a,2607.0,0.0,,,,,,,,,,
Чистая,уютная квартира,телевизор,стиральная маш-автомат,/,,,,,,,,,,,,,
Комплектность есть в наличии на 2,3,4,5,6,7,8,9,10,"11 и 12 выходов.\"",,73,2017-03-15,Company,e920b047059008dede4c2263f749dbbfa9ef8ce0ad94c9901c9bad7deeb54c70,1386.0,0.0,
Оптовым покупателям скидки!!!/,,,,,,,,,,,,,,,,,
"звоните - меня зовут Яна\"",600.0,131,2017-03-28,Private,953a7a0b0906d6014748898f709c6e018004741683eae3418695951107c4c4fa,851.0,0.15666,,,,,,,,,,
__________________________________________________________________/,,,,,,,,,,,,,,,,,
Доставка по всей России транспортными компаниями./,,,,,,,,,,,,,,,,,
Материал: ЛДСП+МДФ/,,,,,,,,,,,,,,,,,
b74ec65ce065,532bef750fcb,Ярославская область,Ярославль,Личные вещи,Детская одежда и обувь,Для девочек,Верхняя одежда,86-92 см (1-2 года),Комбинезон пуховый,"Очень тёплый зимний комбинезон, пуховый. Если малыш родился зимой, хватит на два года. В годик с загнутыми рукавами и штанами, в два с отогнутыми. В комплекте варежки на резинке. В отличном состоянии.",2500.0,58,2017-03-21,Private,ceb8d818a7b88058d1671a8791e44e3a0b7635099920a5f5049b39051dbb56db,84.0,0.0
948131d4e02e,55cdd39d6b99,Владимирская область,Владимир,Личные вещи,"Одежда, обувь, аксессуары",Женская одежда,Верхняя одежда,42–44 (S),Плащ,Плащ в хорошем состоянии !покупада в магазине SAVAGE,1500.0,8,2017-03-21,Private,3466e97b4d0970c1de369c4113fb070a454dc7f1c253c23723de85265374ad7d,535.0,0.0
Емкость аккумулятора 4000 мА⋅ч/,,,,,,,,,,,,,,,,,
1453b477df4b,58206c87b16b,Волгоградская область,Волгоград,Для дома и дачи,Мебель и интерьер,"Кровати, диваны и кресла",,,Комплект два кресла и столик,Два кресла красные экокожа и столик. Все в отличном состоянии,25000.0,93,2017-03-23,Private,723276e201e3318f5c87b05079dbe692d5a49a746a84a3c619a2bbd944183127,1436.0,0.0
пол снимался полностью и промывался кёршером.Аккумулятору 5 мес./,,,,,,,,,,,,,,,,,
062d8e5f9b6c,959bbc4785a6,Татарстан,Казань,Личные вещи,"Одежда, обувь, аксессуары",Женская одежда,Верхняя одежда,42–44 (S),Куртка (весна-осень) 42-44 размера,"Куртка новая, заказала в инет магазине. К сожалению не подошел размер. Торг. На месте. Дербышки",1000.0,4,2017-03-20,Private,ddb941672f7bba9ffd90a8c22427b42eabf66dc4a998d5bdc5f0c2387adf4a8b,529.0,0.0
Большой выбор электронных/акустических ударных,перкуссии,пластики,этнические барабаны./,,,,,,,,,,,,,,
Отображение пройденного расстояния:	+/,,,,,,,,,,,,,,,,,
090d28001d81,cf366386df8a,Новосибирская область,Новосибирск,Личные вещи,"Одежда, обувь, аксессуары",Женская одежда,Платья и юбки,42–44 (S),Юбка женская 36 размер,продам женскую белую юбку турецкой фирмы BEHCETTI. Размер 36./,,,,,,,
Ролики выравнивания на кривом полу: нет/,,,,,,,,,,,,,,,,,
- Оптово-розничная торговля!/,,,,,,,,,,,,,,,,,
Цена: 3500т.р./,,,,,,,,,,,,,,,,,
Меняйте ремешки под любой тон одежды,под любое настроение,пору года и т. д. Подходят ремешки и браслеты от Apple Watch. Ремни сделаны из прочного силикона с двойной фиксацией,что не даст часам спасть с руки./,,,,,,,,,,,,,,
Размещение: BB - Только завтрак / deluxe / перелет АК Аэрофлот/,,,,,,,,,,,,,,,,,
MJ322ZP/a,Apple Watch 38mm SS SS Milanese loop - 36000 руб /,,,,,,,,,,,,,,,,
Верхний порожек - Графит/,,,,,,,,,,,,,,,,,
/,,,,,,,,,,,,,,,,,
/,,,,,,,,,,,,,,,,,
/,,,,,,,,,,,,,,,,,
/,,,,,,,,,,,,,,,,,
/,,,,,,,,,,,,,,,,,
/,,,,,,,,,,,,,,,,,
/,,,,,,,,,,,,,,,,,
/,,,,,,,,,,,,,,,,,
/,,,,,,,,,,,,,,,,,
/,,,,,,,,,,,,,,,,,
/,,,,,,,,,,,,,,,,,
/,,,,,,,,,,,,,,,,,
/,,,,,,,,,,,,,,,,,
/,,,,,,,,,,,,,,,,,
/,,,,,,,,,,,,,,,,,
/,,,,,,,,,,,,,,,,,
/,,,,,,,,,,,,,,,,,
/,,,,,,,,,,,,,,,,,
/,,,,,,,,,,,,,,,,,
/,,,,,,,,,,,,,,,,,
/,,,,,,,,,,,,,,,,,
/,,,,,,,,,,,,,,,,,
/,,,,,,,,,,,,,,,,,
/,,,,,,,,,,,,,,,,,
/,,,,,,,,,,,,,,,,,
/,,,,,,,,,,,,,,,,,
/,,,,,,,,,,,,,,,,,
/,,,,,,,,,,,,,,,,,
/,,,,,,,,,,,,,,,,,
/,,,,,,,,,,,,,,,,,
/,,,,,,,,,,,,,,,,,
/,,,,,,,,,,,,,,,,,
/,,,,,,,,,,,,,,,,,
/,,,,,,,,,,,,,,,,,
/,,,,,,,,,,,,,,,,,
/,,,,,,,,,,,,,,,,,
/,,,,,,,,,,,,,,,,,
/,,,,,,,,,,,,,,,,,
/,,,,,,,,,,,,,,,,,
/,,,,,,,,,,,,,,,,,
/,,,,,,,,,,,,,,,,,
клюшка юниорская вариор .flex 50 загиб правый 500р/,,,,,,,,,,,,,,,,,
Закажите у менеджера видеопрезентацию и доставку в другой город./,,,,,,,,,,,,,,,,,
d984b4f8d1fe,e81a5e392518,Волгоградская область,Волжский,Личные вещи,Красота и здоровье,Приборы и аксессуары,,,Продам матрас противопролежневый ячеистый,Продам матрас противопролежневый ячеистый новый.,2000.0,6,2017-03-15,Private,,,0.20553
ab0a2145f11d,77bc076e6e97,Краснодарский край,Краснодар,Личные вещи,"Одежда, обувь, аксессуары",Женская одежда,Платья и юбки,44–46 (M),Платье вечернее(выпускное),Покупала в свадебном салоне❗️Одевала один раз❗️Все вопросы в ЛС❗️Пишите в WhatsApp,9900.0,28,2017-03-21,Private,168acfad05cd0853182a1d8c9903ec54019db7681828635805a527d9fe1e3fe9,388.0,0.0
b315cbcd49c4,74eeef2e1346,Татарстан,Казань,Для дома и дачи,Мебель и интерьер,"Предметы интерьера, искусство",,,Картина маслом,"Картина написанная профессиональным художником Гончаровым А. на холсте маслом. Размеры картины 70 на 60 см. Станет отличным украшением вашего дома или хорошим подарком, что будет согревать душу всю жизнь. Торг",10000.0,7,2017-03-16,Private,ccc2480ac668b812aa4b4d0153393cab3dd49bee4c512e0d60cbe64127f72c36,1562.0,0.0
08894cdd5ef7,65140993d044,Волгоградская область,Волгоград,Транспорт,Автомобили,С пробегом,KIA,cee'd,"KIA cee'd, 2009","Продается отличный автомобиль, верный друг семьи с 2011г./",,,,,,,
14d276cfacb9,a4938ac96f6c,Ростовская область,Гигант,Личные вещи,"Одежда, обувь, аксессуары",Женская одежда,Обувь,37,Обувь,Распродажа,2000.0,73,2017-03-20,Company,e70d7f0273a2cdb8cfb87f464823a75bb4dd5a3e3ffee76b1300334c1c10f380,489.0,0.0
Размеры бегового полотна:/,,,,,,,,,,,,,,,,,
Емкость аккумулятора		3270 мАч/,,,,,,,,,,,,,,,,,
c30133cfb7b5,f62322a0a817,Тульская область,Тула,Для дома и дачи,Ремонт и строительство,Двери,,,Двигатель для откатных ворот,Комплект автоматики для откатных ворот AN-MOTORS ASL500KIIT/,,,,,,,
007313c56080,785153f4f095,Краснодарский край,Тимашевск,Недвижимость,Земельные участки,Продам,Поселений (ИЖС),,Участок 33 сот. (ИЖС),"Срочно продаю земельный участок в удобном месторасположении в близи г.Тимошевск. Рядом прекрасная река Кирпили, трасса М4ДОН. Право собственности более 5 лет. Обременений нет. Земли населенных пунктов для ведения ЛПХ. Участок расположен в 10 км от г. Тимошевск.",,6,2017-03-26,Private,,,0.21763
Жесткий стоковый диск на 1Тб (но плохо разбит)/,,,,,,,,,,,,,,,,,
Версия MK2 не требует подключения блока питания./,,,,,,,,,,,,,,,,,
4abfbaca7974,00825e80f22b,Башкортостан,Стерлитамак,Хобби и отдых,Спорт и отдых,Единоборства,,,Кимано,"Продам детское кимано,для занятия самбо.Состояние новое.",800.0,5,2017-03-27,Private,e3af012559396e977cb3178225bf102018ca259b79c447aacbee851da4bd6eef,2614.0,0.11481
b89524891b31,c856f9cedd7d,Воронежская область,Воронеж,Бытовая электроника,Товары для компьютера,Комплектующие,Процессоры,,Процессор Intel e5300,"Стоял на домашнем компьютере, не разгонялся. Характеристики на фото.",200.0,127,2017-03-16,Company,d7c2019a0670505955a25fdc3b75e1db0cf73db7539946222b17e65e13a457b5,2852.0,0.0
8e80fa7e1769,868b403e6872,Пермский край,Пермь,Личные вещи,"Одежда, обувь, аксессуары",Женская одежда,Платья и юбки,40–42 (XS),Юбка карандаш,"Состояние хорошее, разгружаю гардероб, распродаю вещи",300.0,168,2017-03-22,Company,fb105932c0f7893749bc4282ee5864794917171cb6e3d033429c99e7c4830859,375.0,0.0
"Обращайтесь! С радостью ответим на Ваши вопросы!\"",800.0,1529,2017-03-17,Company,0ee1000c5305deabd5b36fbe9586c99119aac0bad035d49c66f15bce7bd5e87a,467.0,0.0,,,,,,,,,,
96e1469a1703,171b97be4ad9,Оренбургская область,Оренбург,Бытовая электроника,Планшеты и электронные книги,Аксессуары,Чехлы и плёнки,,Чехол на айпад,Продам чехол на айпад,300.0,571,2017-03-22,Company,5b833986142e1da5b8d9e3b0e4a7c174383d9cf393aa7bcd8f781abb6aafe147,2958.0,0.0
3f68aad33b30,932fa9cd3913,Пермский край,Кунгур,Личные вещи,Детская одежда и обувь,Для девочек,Верхняя одежда,122-128 см (6-8 лет),Куртка кож,,250.0,33,2017-03-28,Private,2eeebd32fd56d0d56217187340b405962524e4b8df9ecbdb56ffdf771e652170,53.0,0.15828
Вес ребенка - от 9 до 25 кг/,,,,,,,,,,,,,,,,,
79ade37a433a,65492bbdd04e,Ростовская область,Ростов-на-Дону,Личные вещи,Товары для детей и игрушки,Детские коляски,,,Переноска Кенгуру,Переноска после одного ребёнка. Состояние отличное. Привезли из Германии. Смотреть на Нижнем Темернике. Рядом с ТЦ Пчёлка,600.0,47,2017-03-25,Private,5d2a9906c86c998003cf2d56523f4ac5229f7737e2b7e8fc6bf7a2896b8c3e92,179.0,0.0
Свыше 190 каналов,включая 35 в HD./,,,,,,,,,,,,,,,,
====================================================/,,,,,,,,,,,,,,,,,
Советский район/,,,,,,,,,,,,,,,,,
- изделие полуприлегающего силуэта/,,,,,,,,,,,,,,,,,
37f81990ec37,1efab96b50dd,Свердловская область,Екатеринбург,Личные вещи,"Одежда, обувь, аксессуары",Аксессуары,,,Шаль вязаная,"Длинная сторона 160 см, высота 80 см(без учета кистей). Р-он Эльмаш (м. Уралмаш) или ул. Фурманова. Много объявлений в моем профиле.",1200.0,189,2017-03-24,Company,78b1dcf901e1ce0c6393a51d66c47792605735a3b0b0e13dc7538a7caa1d5f93,138.0,0.0
Комплект полный( переноска,сумка,дождевик,2 сменных бампера,ремни,чехол для ног)/,,,,,,,,,,,,
c8be4249d18c,1224739bc0fe,Иркутская область,Иркутск,Для дома и дачи,Бытовая техника,Для дома,Стиральные машины,,Продам стиральную машинку Samsung WF-M602WCC,Продам стиральную машинку Samsung WF-M602WCC/,,,,,,,
666f727df258,1f13a9ccfb49,Удмуртия,Ижевск,Бытовая электроника,Товары для компьютера,Веб-камеры,,,Вэб камера ноутбука Dell Inspiron 15R,P/N: CN-0FJT7K-72487/,,,,,,,
44bcbfe2d36b,e98173ddd855,Свердловская область,Нижний Тагил,Бытовая электроника,Планшеты и электронные книги,Аксессуары,Чехлы и плёнки,,Чехлы для планшетов,Продам чехлы по всем вопросам обращятся по телефону или в вайбер,350.0,92,2017-03-21,Company,66c796c31eb24b2888af5adefa74c5ad260c572d52dc6c825f7210473438530c,2874.0,0.0
d1fa9f4400d3,92c234d63cb9,Краснодарский край,Горячий Ключ,Услуги,Предложение услуг,Ремонт и обслуживание техники,Компьютерная техника,,Ремонт ноутбуков,"Ремонт ноутбуков, замена дисплеев и т.д.",0.0,70,2017-03-26,Shop,9e5b024558896c17588805f575550f72858b1fd89b955b40bf3cbb7a2e370032,2270.0,0.5
- supermarket-chasov В конце как обычно (точка ру) по английски./,,,,,,,,,,,,,,,,,
0a5d5c91ee50,e977f32bbaa4,Новосибирская область,Новосибирск,Личные вещи,"Одежда, обувь, аксессуары",Женская одежда,Обувь,38,Ботинки осень-весна,Продам ботиночки на танкетке в хорошем состоянии.,450.0,46,2017-03-28,Private,66576d4bbb9b348d8c336141e0aa7795208d2d251b010edb4342af6995dca758,421.0,0.80323
Оформление по ДДУ с регистрацией в Росреестре (в рамках ФЗ-214)./,,,,,,,,,,,,,,,,,
8589812eb073,68881a5d5252,Новосибирская область,Новосибирск,Для дома и дачи,Ремонт и строительство,Двери,,,"Ручка защелка для межкомнатной двери зш-05,золото",ЗШ-05 BKPS PB ЗОЛОТО РУЧКА-ЗАЩЕЛКА /КНОБ/ МЕЖКОМНАТНАЯ БЕЗ КЛЮЧА И ФИКСАТОРА,185.0,2,2017-03-27,Shop,2da858ab86c2e96d4f5765453d4e83d65aa273bf2761c07ff23549e38af52b97,1374.0,0.0
Функция TimeShift/,,,,,,,,,,,,,,,,,
d1b991d75c7e,af26626df485,Удмуртия,Ижевск,Для дома и дачи,Мебель и интерьер,"Кровати, диваны и кресла",,,Продам кресло-кровать,"Продам современное кресло-кровать в хорошем состоянии, чистое, без потертостей, спальное место 2000 x1000мм, отличный вариант для гостей или в детскую.Самовывоз.",2900.0,1,2017-03-19,Private,64ee72d19cf902ab8e65d2ad85325d690a649801c9b6297551818b178e568257,1442.0,0.86521
передние поворотные колеса/,,,,,,,,,,,,,,,,,
"Себе вариант подобран.\"",2250000.0,4,2017-03-21,Private,d0349f1c3386a6f1329856092d3f246af65bb10f14cc80626b78d4c012eb9c91,2219.0,0.34241,,,,,,,,,,
2afbd363c355,0dcbda55b677,Кемеровская область,Кемерово,Для дома и дачи,Ремонт и строительство,Стройматериалы,,,Жидкие обои,"Стоимость указана за материал для оклейки помещения 12м2,при высоте потолков 2.7./",,,,,,,
44a2ad0959c2,dcdaf6954a00,Ростовская область,Таганрог,Бытовая электроника,"Игры, приставки и программы",Игровые приставки,,,Sony playstation 4,"Продается игровая приставка playstation 4 на 500 гб. В комплекте будет много игр, от того и такая цена. Из игр отдам For Honor, Ведьмак 3, GTA 5, Blood Borne, Heavy Rain, За гранью: Две души, Новый металгир, Need For Speed последний, Good of War. /",,,,,,,
Производство домокомплектов и строительство дома на Вашем участке от 10 рабочих дней - круглый год./,,,,,,,,,,,,,,,,,
Вес/,,,,,,,,,,,,,,,,,
Рост 152-158/,,,,,,,,,,,,,,,,,
27c16be5433b,d75dd566ea22,Татарстан,Казань,Личные вещи,"Одежда, обувь, аксессуары",Женская одежда,Платья и юбки,44–46 (M),Новое платье,46 размер. Азино 2,450.0,46,2017-03-17,Private,e837b0c13b7189d2b33043824404b5a467303d336b76e3b78ceb351bcd86074b,394.0,0.0
a01b215adc5c,453769b03ac6,Калининградская область,Калининград,Личные вещи,Детская одежда и обувь,Для девочек,Обувь,25,Ботиночки Капика,"Ботинки Капика в хорошем состоянии,кожа.",600.0,32,2017-03-20,Private,ede9bee0f7f2d9940b24c07e4c526200c2aa96c1067db66eb26379e3e3097ad8,47.0,0.80323
556a4672372e,22e147f14946,Саратовская область,Саратов,Для дома и дачи,Ремонт и строительство,Садовая техника,,,Тележка складная,"Тележка,для дачи,рабочая,складная",1000.0,3,2017-03-26,Private,abd1631d3dc7c574162f21065e65507fedfaaa47774a5743ed078168ffe079ad,1348.0,0.09346
тумба с зеркалом:;400*2000*350 мм/,,,,,,,,,,,,,,,,,
2 Mpix/,,,,,,,,,,,,,,,,,
Нужно померять,смотрится красиво только на теле/,,,,,,,,,,,,,,,,
МАШИНА СТОИТ В АВТОСАЛОНЕ /,,,,,,,,,,,,,,,,,
998211846a24,d92185066d23,Башкортостан,Уфа,Услуги,Предложение услуг,"Ремонт, строительство",Ремонт квартиры,,Обшивка и утепление балконов и лоджий,"Утепление и обшивка балконов и лоджий,пластиковыми панелями,вагонкой.",,31,2017-03-17,Private,4c277a473ccb54464b931c92c51356d3595bd2ac71110845db91bd71b051db9e,1409.0,0.8
2Н150 Ф 50 мм 1983 гв/,,,,,,,,,,,,,,,,,
званити,к каждому отдельный подход/,,,,,,,,,,,,,,,,
Bluetooth 4.0 Пульсометр,Шагомер,Будильник,Оповещение: Звонок/СМС,Измерение фаз сна/,,,,,,,,,,,,,
088631de2f1d,cc0944c1e264,Калининградская область,Балтийск,Личные вещи,Детская одежда и обувь,Для мальчиков,Верхняя одежда,86-92 см (1-2 года),Комбинезон зимний huppa,"Продам зимний комбинезон в очень хорошем состоянии. Бережно носили, правильно стирали и сушили. 86 размер",2400.0,106,2017-03-15,Company,744d963fc5fb110ed77bc5d4d558b3bf5f5f48f2282a8ad19a6ec9d6838c7cd5,42.0,0.0
1dfc6e18a76d,95e038386bae,Пермский край,Лысьва,Бытовая электроника,Товары для компьютера,Сетевое оборудование,,,Продам 2 модема huawei оптические,продам 2 модема новые с wifi wtyf 500р. за 1 шт,500.0,3,2017-03-22,Private,4f822baedc0689add5f55345a265e612f7ab7cb17ae10f66dd8204e026f9f77f,2813.0,0.15642
4496965897b3,7c1e5b6931fe,Воронежская область,Лиски,Личные вещи,"Одежда, обувь, аксессуары",Женская одежда,Платья и юбки,42–44 (S),Платье,,300.0,12,2017-03-24,Private,afa1e21bf1c7c513b288e20a13c31f4cb97bf3e5cbacda4446c06f270a365e56,399.0,0.0
a05a2cf03e54,53144392bbc5,Самарская область,Самара,Личные вещи,"Одежда, обувь, аксессуары",Женская одежда,Обувь,39,Балетки женские,,300.0,18,2017-03-26,Private,3f37faf16361a3c5bb8d4d59142b60398ce7f423e2638da18f53b62ea7632796,445.0,0.80323
Размер:17,0/,,,,,,,,,,,,,,,,
Черновая отделка. Сдача Жилого комплекса планируется на 4 квартал 2017г./,,,,,,,,,,,,,,,,,
Шрина 80 см/,,,,,,,,,,,,,,,,,
7. Помощь в ВЫБОРЕ стилей,дизайна,аксессуаров./,,,,,,,,,,,,,,,
КОМПЛЕКТАЦИЯ ЛЮКС 5 МЕСТ:/,,,,,,,,,,,,,,,,,
867bc7b57ece,fa9a81ec7593,Новосибирская область,Новосибирск,Личные вещи,Детская одежда и обувь,Для девочек,"Шапки, варежки, шарфы",,Шапочка Kerry + подарок,Демисезонная шапочка Кэрри. Полностью хлопок. На девочку от рождения до года. Тонкая шапочка Коровка в подарок. Тоже хлопок.,250.0,46,2017-03-20,Private,6fbde603c1409ba1bb9db69429fb584fffdc8019e92b67ce45e4a820bf0841ab,55.0,0.0
Строительство частных домов,офисов,магазинов/,,,,,,,,,,,,,,,
fab45f639e7f,054dc3f573bf,Самарская область,Новокуйбышевск,Личные вещи,Детская одежда и обувь,Для мальчиков,Комбинезоны и боди,74-80 см (7-12 мес),2 комбинезона новые,"Размер 80,оба новые,цена за два .",1000.0,98,2017-03-27,Private,df82663253618ac52a07b4983f15b6aff2538c542534f60267c54f953b3218b0,74.0,0.0
10 филлеров	1977	10/,,,,,,,,,,,,,,,,,
9849bb0ab244,6588dff7ecea,Алтайский край,Барнаул,Личные вещи,Товары для детей и игрушки,Детские коляски,,,Коляска прогулочная,Продам коляску прогулочную. Состояние хорошее. Спинка 2 положения: сидя и лежа. Пробег небольшой. В ДТП не была. Состояние - сел поехал. Торг при виде денег.,1600.0,25,2017-03-16,Company,4ebb2c9f7bfee44a51e9bd558667541b21d49add375fd156a96e1f5dac3c637c,1002.0,0.80323
Кощеев А.К.   1980 г./,,,,,,,,,,,,,,,,,
Тип: Сетевое зарядное устройство с функцией быстрой зарядки (Adaptive Fast Charging)/,,,,,,,,,,,,,,,,,
_______________________________________/,,,,,,,,,,,,,,,,,
• Наши специалисты помогут с выбором;/,,,,,,,,,,,,,,,,,
Также в наличии много другой интересной рыбы и улиток!/,,,,,,,,,,,,,,,,,
Ледоруб двуручный,может вращаться двумя руками,"что позволяет увеличивать скорость бурения.\"",1000.0,40,2017-03-22,Private,874098ba0d8b796502d83d819153675798bbb9d2b3e4798f1f2813a4324022a8,2318.0,0.0,,,,,,,,
Разъемы питания материнской платы и процессора: 24+4 pin/,,,,,,,,,,,,,,,,,
dfd09580ebc1,fc34d16e5103,Волгоградская область,Волгоград,Для дома и дачи,Мебель и интерьер,Шкафы и комоды,,,Шкаф 205 с зеркалом Новый в Наличии орех,"\"Представляем вашему вниманию новый шкаф, в розничной продаже, с оптового склада \"\"ТРИ КИТА\"\" /",,,,,,,
Наш коллектив дружный и с радостью ответит на все ваши вопросы и даст дельный совет/,,,,,,,,,,,,,,,,,
4)малый расход продукта на кв.мет 102 руб в 2 слоя/,,,,,,,,,,,,,,,,,
Газель./,,,,,,,,,,,,,,,,,
22d30110a2c5,b820e70c1212,Новосибирская область,Новосибирск,Личные вещи,"Одежда, обувь, аксессуары",Женская одежда,Обувь,37,Обувь,Туфли летние б/у..Цвет персиковы/чёрныйРазмер 37 но немного большемерят.Натуральная кожа-лак.Каблук устойчивый.9.5 см.Производство Lisette,800.0,22,2017-03-21,Private,4641777ad3f0638dc88a50dfea1ea545460206d2d6a3669a7b4e27a2029498c7,432.0,0.0
"Пиджак и юбка с подкладом.\"",1600.0,3,2017-03-23,Private,766ca9ffcd53b23a8df857e7364123e752e022c6c83876cba6466ec16521bedd,564.0,0.0,,,,,,,,,,
Электроподжиг/,,,,,,,,,,,,,,,,,
Тип крепления: бетонирование установочной гильзы. /,,,,,,,,,,,,,,,,,
cc2d8a55e661,23c71993279a,Пермский край,Пермь,Хобби и отдых,Коллекционирование,Военные вещи,,,Кеппи,,1500.0,4,2017-03-23,Private,c2a7902e288cab6a9f417b89bb0c83ee4d5dc74a7fb43205a3d28a53adbeb85f,336.0,0.0
•         Финансовые системы и услуги/,,,,,,,,,,,,,,,,,
-аккуратный,с ровными швами,без торчащих ниток,с исправно работающей застежкой. Ваши деньги так и хотят «поселиться» в таком «доме»,да и конечно позвать с собой друзей! /,,,,,,,,,,,,,
Полностью в комплекте. /,,,,,,,,,,,,,,,,,
"Calzestab Eisenex (Металл-меджик) 1кг-400р.\"",1000.0,4,2017-03-16,Private,bff5c2c7322f108c7b83e14d2e98e1b6d1a8763ab6035511a3385e211895309b,210.0,0.0,,,,,,,,,,
"Территория огорожена. \"\"Двор без машин\"\" - Ваши дети смогут свободно играть",безопасно кататься на вело./,,,,,,,,,,,,,,,,
7e5d66b2f209,bcef540d5049,Тюменская область,Ишим,Услуги,Предложение услуг,"Ремонт, строительство","Строительство домов, коттеджей",,Фундамент-стены-крофля-фасад-комуникации,Весь спектр строительных работ,100.0,5,2017-03-19,Private,51835243cfc321500958e49952552ea0d129c4e9a179b80b6d1024566d0a6d29,3027.0,1.0
Если надо выслать посылкой по стране,/,,,,,,,,,,,,,,,,
5db32fdc8e1a,507a0b94fdf2,Оренбургская область,Оренбург,Бытовая электроника,Телефоны,iPhone,,,"iPhone 4, Black, 8 GB",,4500.0,2,2017-03-28,Private,a1e86feacb864e43d9aa7f6264b0fe473b01a5611ec5d59816329403b08b9c66,2918.0,0.0
— Холл/,,,,,,,,,,,,,,,,,
7cd6c1e89e25,0b03be926cb7,Красноярский край,Красноярск,Услуги,Предложение услуг,"Красота, здоровье",,,"Флисинг, Буст ап, карвинг, коллагеновое обертывани","Долговременные укладки . Умею делать все виды , подберу вам по типу и длине ваших волос. До конца марта скидка 50 % на услуги. Т.к принимаю на дому. Технология создания прикорневого объема с помощью перманентной завивки прикорневой зоны. Сами волосы остаются прямыми. Если ваши волосы быстро теряют объём, жирнятся, это процедура для вас ! Все ,что нужно будет сделать - помыть голову и высушить ее феном , не прибегая к помощи рассчесок , сделав это вы получите эффект салонной укладки. Срок носки 1,5 - 3 месяца. Используется эко состав , без заломов,гафре , сходит с волос сам, не отрастая (не требует срезания) .",800.0,38,2017-03-19,Private,cbef3eddcfb77330ba80008dc65cd8cd8c30bc653a15d5dcc2fb85247f099177,2263.0,0.2
Подставка не оригинальная,но намного качественнее,так как поставлена от монитора Samsung. На фото видно./,,,,,,,,,,,,,,,
================================================/,,,,,,,,,,,,,,,,,
— Более мягкая и эластичная структура,чем у других пленок/,,,,,,,,,,,,,,,,
-число пикселей на дюйм (PPI) - 401 /,,,,,,,,,,,,,,,,,
053be445b191,9b644c7cda1f,Красноярский край,Красноярск,Личные вещи,Красота и здоровье,Косметика,,,Гель-лак,Наполненность 90-100%/,,,,,,,
Печать на: пленках,этикетках,фотобумаге/,,,,,,,,,,,,,,,
30d995fd58d2,3cfe6d4a5640,Тюменская область,Тюмень,Для дома и дачи,Мебель и интерьер,Подставки и тумбы,,,Стеклянная тумба под тв,"Продам тумбу, угловая,  б/у,  в отличном состоянии, высота - 65, ширина - 80, глубина - 55.",1500.0,35,2017-03-18,Private,70bd7fa70e8e5e11cd5f9a8a57126e22676cc388856d6cf2b8115d44c0620422,1458.0,0.0
фургон от 507 /,,,,,,,,,,,,,,,,,
"Подробнее по телефону\"",350.0,70,2017-03-21,Company,,,0.0,,,,,,,,,,
1b5f2b9804dc,5515edb96001,Татарстан,Зеленодольск,Недвижимость,Квартиры,Продам,2,Вторичка,"2-к квартира, 54 м², 3/9 эт.","\"Продается 2-комнатная \"\"ленинградка\"\" на среднем этаже",не угловая. Комнаты на одну сторону,кухня 9 кв.м.,лоджия застеклена. Раздельный санузел в кафеле. Окна деревянные. Рядом улицы Столичная,Комарова,Хазиева,Степная,"Жукова.\""
Монтаж откосов/,,,,,,,,,,,,,,,,,
Цвет синий/,,,,,,,,,,,,,,,,,
1ed96917e6f8,48811c04c337,Волгоградская область,Фролово,Недвижимость,Квартиры,Сдам,На длительный срок,3,"3-к квартира, 50 м², 3/4 эт.",Сдается 3х комнатная квартира на третьем этаже 4х этажного дома./,,,,,,,
— Сан. узел раздельный. Трубы заменены,установлены водосчетчики./,,,,,,,,,,,,,,,,
Управляющая автоматика нет/,,,,,,,,,,,,,,,,,
146a87e1ef55,e57918f9f8af,Саратовская область,Саратов,Хобби и отдых,Охота и рыбалка,,,,Навигатор электронный,Новый,11500.0,30,2017-03-20,Company,a3c734fe561a60e5e1b1dc45f0385e41d8627243832b82b97e640f1d61e6c479,2302.0,0.0
Качество гарантируем!/,,,,,,,,,,,,,,,,,
b6b811d1a85c,3a0283f6f7df,Новосибирская область,Новосибирск,Личные вещи,Часы и украшения,Бижутерия,,,Атласный чокер,Цена представленного на фото 350₽. Без украшения 250₽. Выполнен из плотной двусторонней атласной ленты. В наличии множество моделей на любой вкус и цвет. Цены от 250₽ в зависимости от модели.,350.0,465,2017-03-19,Company,e36ac7b8680a4d0e04a11cd5680c146435ac6c5f1873ac14df6a1f9b1c0e5385,8.0,0.0
Разрядность	24 бит/,,,,,,,,,,,,,,,,,
b4bb52aa6f4a,c364621153de,Челябинская область,Челябинск,Личные вещи,Детская одежда и обувь,Для девочек,Трикотаж,98-104 см (2-4 года),Продам комплект шортики и футболку. не носили!,"Продам яркий комплект для садика, лета на девочку 3 -4 лет (98-104). состояние нового, не носили./",,,,,,,
3abab890bb7e,15b92783fde6,Краснодарский край,Староминская,Транспорт,Грузовики и спецтехника,Сельхозтехника,,,Гст на дом 1500б,В рабочем состоянии. Торг,23000.0,23,2017-03-18,Company,d178e321f30feddff7f2d7ae95a2403464d67cace570857887d65c94b9a3f188,1386.0,0.03957
Сами не успели,"выросли.\"",300.0,20,2017-03-22,Private,e2e02e9669db001f1d4e4a2b2ae833e3c34ede0d7b22109b2907f8c202cc3b72,117.0,0.0,,,,,,,,,
1.	Заварник «Омский народный хор»,автор росписи Э.М. Криммер,1966 г./,,,,,,,,,,,,,,,
92bbbab57bf5,a15b8a0705fc,Воронежская область,Воронеж,Хобби и отдых,Музыкальные инструменты,Для студии и концертов,,,E-mu 0404 usb2.0,"Один из двух аналоговых входов не работает, в таком виде и приобретал когда то",3000.0,15,2017-03-27,Private,9d53a709dce73d418235ca949bd8a282f32838746eb4b180879e49ee729ced97,2861.0,0.0
"Индивидуальный подход к каждому.\"",7.0,20,2017-03-16,Private,aec99c606313b6bab3d4c7a8f63253068fa978977a75233850798dd5c2d6b0dd,1023.0,0.0,,,,,,,,,,
e484209d6d0a,16687f5ee286,Ростовская область,Ростов-на-Дону,Личные вещи,Товары для детей и игрушки,Игрушки,,,Рапунцель набор для игры с пластилином,Рапунцель набор для игры с пластилином состояние и качество хорошее.,400.0,44,2017-03-21,Private,c31f729fd53d81b64b84216269b31f36674b109bca782bdad1365bde0b561240,957.0,0.0
соотношение сторон 4:5,модель Acer AL1917A./,,,,,,,,,,,,,,,,
f9af98682e9c,3b3239e2bab0,Красноярский край,Красноярск,Бытовая электроника,Товары для компьютера,Сетевое оборудование,,,Продам ролтер D-Link,Породам ролтер.,350.0,5,2017-03-27,Private,a211b9307f3fc25be5771811c53384855c19670ca87748449a07400927a2dd47,2813.0,0.36206
есть/,,,,,,,,,,,,,,,,,
a6c353906584,2700bf35b13a,Ставропольский край,Невинномысск,Недвижимость,Коммерческая недвижимость,Продам,Помещение свободного назначения,,"Помещение свободного назначения, 720 м²","Продается ангар 720 кв. метров ( высота 6 м, ширина 12 м)  с участком земли 43,2 сотки и проложенными коммуникациями (свет, вода) .Бетонные армированные полы с водостоками, крыша из обмедненного кровельного металл, ворота расположены с двух сторон ангара.  /",,,,,,,
Заезд организован со стороны Тюменского тракта.   /,,,,,,,,,,,,,,,,,
"Тоннель – Шуршалка для кошек: \"\"Kitty Tunnel\"\" обязательно понравится Вашей кошке. Тоннель «Космос» подойдет не только для подвижных игр",но также может стать и уютным местом для отдыха. Игрушка изготовлена из прочной ткани,устойчивой к повреждениям. Благодаря гибкому встроенному каркасу,тоннель легко складывается и не занимает много места. Оснащен чехлом для транспортировки.    /,,,,,,,,,,,,,,
"Дома введены в эксплуатацию.\"",2850000.0,1,2017-03-28,Company,d5eca98fff7f4a9fe6af1260c0fbbc03a541fd9e4a844417d1b9cae7c25dfadd,1296.0,0.10323,,,,,,,,,,
— смартфон,Android 4.1/,,,,,,,,,,,,,,,,
Avtorestart/,,,,,,,,,,,,,,,,,
У дома своя котельная и выделенная электрическая линия от Аэропорта,что позволяет избежать перебоев с электричеством. В пешей доступности детские сады,магазины,остановки общественного транспорта. Рядом выезд из города,гипермаркет Лента,аэропорт и дорога к морю!/,,,,,,,,,,,,
Электроинструмент,бензоинструмент,садовая техника и запасные части по САМЫМ низким ценам Вы можете найти в нашем магазине./,,,,,,,,,,,,,,,
этот телефон хорошо подходит для игр и гугла для звонков и соц,"сетей\"",2500.0,11,2017-03-27,Private,1f476c0546a1a0b3d5f8d383aa7871f059eb3a013ce7df6f0e73dde3b0003837,2925.0,0.0,,,,,,,,,
0fa2338a3336,8ca15d5c8181,Волгоградская область,Волгоград,Личные вещи,Детская одежда и обувь,Для девочек,Обувь,22,Туфли Котофей 062-71,наружный материал: текстиль/,,,,,,,
ae6150c97b74,d71414b3af1a,Красноярский край,Красноярск,Животные,Собаки,Другая,,,Маленькая собачка,"Маленькая воспитанная и очень ласковая собачка ищет добрых хозяев. Привита стерильна. Возраст 6 лет. Приучена к выгулу, не пакостит.",50.0,47,2017-03-15,Private,ed0a2ab639bc9bae9b36006d4fd18ef90d386640b3ceae49cd8b1cedb7ce8ad7,2127.0,0.0
- двухуровневые и многоуровневые конструкции/,,,,,,,,,,,,,,,,,
Удобная ручка/,,,,,,,,,,,,,,,,,
======================================================/,,,,,,,,,,,,,,,,,
0f2aeda840eb,db5874f9b529,Краснодарский край,Краснодар,Для дома и дачи,Посуда и товары для кухни,Посуда,,,Кофейный сервиз,,1800.0,15,2017-03-28,Private,649cc91613fd05e2c9ef0d65351cb5ec271945887774b935e26d503c46aabe8d,1653.0,0.26552
8a7932c9c8d9,ac824334edfa,Татарстан,Казань,Для дома и дачи,Ремонт и строительство,Двери,,,Оконные рольставни 800х1200,"Изготовим и смонтируем оконные рольставни. Рольставни - это защитные ставни или жалюзи, сворачивающиеся в рулон, надежное средство защиты Ваших окон, дверей, балконов, гаражей, витрин киосков и магазинов от взлома, постороннего взгляда, солнечного излучения./",,,,,,,
fc14058851cd,b1418a2be7aa,Краснодарский край,Сочи,Недвижимость,Квартиры,Продам,4,Вторичка,"4-к квартира, 200 м², 16/22 эт.",Продается шикарная квартира в новом доме./,,,,,,,
c55deb27ddc3,79adce718685,Ростовская область,Волгодонск,Животные,Кошки,Другая,,,Подарим милого котенка,"Каждый котёнок ждет своего хозяина. Все мальчики.Добрые, ласковые, любят людей:)",,6,2017-03-16,Private,07d03f608674210630ed42b03ca0460001bdaf1c0b6b9a9045b80d558621d7fe,2056.0,0.39355
Цена указана за полный комплект./,,,,,,,,,,,,,,,,,
— Возможность погружения с защитным кожухом до 30 м/,,,,,,,,,,,,,,,,,
— Числоимпульсные выходы имеют несколько режимов (реверсивный,с учетом направления потока; компаратор; индикатор ошибки измерения),настраиваемых при заказе; по умолчанию устанавливается реверсивный режим./,,,,,,,,,,,,,,,
6b6b12f1a752,12e999d89289,Челябинская область,Челябинск,Личные вещи,"Одежда, обувь, аксессуары",Женская одежда,Обувь,37,Летние босоножки!новые!37 размер,"красивые летние босоножки, ни разу не надевала, абсолютно новые!!! 37 размер",800.0,1,2017-03-20,Private,ae88d020ddbc6d10f82404ddd1e2f21b8956f366f839e945dfb019e7bc4e15cc,440.0,0.0
717c659f6afc,b51dd77c1fef,Краснодарский край,Сочи,Недвижимость,Квартиры,Продам,2,Вторичка,"2-к квартира, 48 м², 3/3 эт.","Продается двухкомнатная квартира в Центральном районе в г .Сочи на Донской. Общая площадь 48,комнаты изолированные .Дом новый, евроремонт ,газ подключают при покупки квартиры- бесплатно.Квартира продается с новой мебелью и быт техникой. Парковочное место имеется ,,вариант подземная парковка.Интернет ,кабельное ТВ ,домофон,Хороший вид на море и город./",,,,,,,
Брус 50х50х6/,,,,,,,,,,,,,,,,,
треснуто стекло но не влияет на сенсор и местами не ловит сим/,,,,,,,,,,,,,,,,,
d1e4052602cb,471ec843a2dd,Красноярский край,Красноярск,Личные вещи,"Одежда, обувь, аксессуары",Женская одежда,Брюки,48–50 (XL),Для беременных 50-52 и на 54,резинка регулируется,400.0,221,2017-03-15,Private,7a7359ee711ffc33e2bddc9ea5ca9e1dd3f649c072b30d3272047ab2d99c32a3,68.0,0.0
Проц: intel pentium CPU 3825u 1.90ghz 4 ядра/,,,,,,,,,,,,,,,,,
20bf5eea7fb5,29a0f14d92a9,Оренбургская область,Оренбург,Животные,Товары для животных,,,,"Продам, игрушки + шлейку","Продам, цена указана за все что на фото!/",,,,,,,
c7bac01d5460,25d8e7f85b82,Челябинская область,Челябинск,Недвижимость,Земельные участки,Продам,Поселений (ИЖС),,Участок 10 сот. (ИЖС),"Земельный участок в новом поселке Чистые росы, 10 соток, ровный. Документы готовы.",350000.0,50,2017-03-24,Company,8fee97a76ac232c77df14ef2b1134eaece5eb6709ce6e768dc2a7d2867c886b1,2037.0,0.0
0b3a7b01bf5a,91e2604679c3,Новосибирская область,Новосибирск,Личные вещи,Детская одежда и обувь,Для мальчиков,Обувь,> 36,Высокие кроссовки,"Продам высокие кроссовки , состояние хорошее .Размер 37",400.0,57,2017-03-26,Private,fd0500561b40442de6d5e0f2132e85539acebfa15513520d290aaa46727ae230,444.0,0.0
Запросите условия для ОПТА!!!!!/,,,,,,,,,,,,,,,,,
\5 ремней безопасности./,,,,,,,,,,,,,,,,,
! Доставка по РФ/,,,,,,,,,,,,,,,,,
Число гидролиний 3 /,,,,,,,,,,,,,,,,,
"Жесткий диск 40Gb\"",100.0,92,2017-03-23,Private,,,0.0,,,,,,,,,,
Прогулочный блок - имеет несколько положений спинки,от сидячего до полностью горизонтального. Есть большой капюшон и накидка на ножки. /,,,,,,,,,,,,,,,,
0c7488ba2dca,dbfb9146e744,Иркутская область,Иркутск,Недвижимость,Квартиры,Продам,1,Вторичка,"1-к квартира, 31 м², 1/4 эт.","Прямая продажа однокомнатной квартиры Иркутск-2, окна пластиковые выходят во двор, санузел совмещен, установлены водосчетчики, квартира расположена в очень удобном месте, в шаговой доступности все необходимое для комфортной жизни. Один совершеннолетний собственник, подходит любая форма расчета.",1500000.0,379,2017-03-24,Company,97cb3b004d14c92588f72b789595d19bcfc0e63d6fc6f37079a8379eb9c77fb5,2219.0,0.0
f747eda59758,5929e897bb9f,Новосибирская область,Новосибирск,Бытовая электроника,Аудио и видео,"Акустика, колонки, сабвуферы",,,Колонка,Работает отлично!,250.0,15,2017-03-26,Private,f54d1568fab78d023ac41a86bc1dce6c29a641c3398a3b8c82595d65d4cf4621,3030.0,0.0
"7)куртка на весну в пятнышках 200р\"",100.0,21,2017-03-24,Private,8daec67ca14bb64ec7ab8f0ee122e61bc86fa73cc751dcfea82eac86c8d40903,82.0,0.0,,,,,,,,,,
Когда малыш немного подрастёт,он сможет играть мягкими игрушками мобиля (они съёмные!) и по-прежнему засыпать под классическую музыку (блок может использоваться отдельно)./,,,,,,,,,,,,,,,,
"Цена зависит от размера.\"",50100.0,2,2017-03-19,Private,a53027581d9a3ecda26b35a53b915b86bab02b53fd6fe9815cbddd0dfc631765,1567.0,0.0,,,,,,,,,,
В любом состоянии,"можно не достроенный или требующий ремонта.\"",215000.0,1145,2017-03-18,Company,,,0.20896,,,,,,,,,
"Цена:20500\"",20500.0,1,2017-03-23,Private,c42ef1338137d5b7f30f90fbba672d7bd0677fbb483b3c2c1e61281b48323a24,2918.0,0.25085,,,,,,,,,,
✔ Круглосуточное бронирование/,,,,,,,,,,,,,,,,,
-Удобное месторасположение /,,,,,,,,,,,,,,,,,
e19c96c4d38e,35faf1e357c0,Краснодарский край,Краснодар,Услуги,Предложение услуг,"Ремонт, строительство",Сантехника,,Сантехник без выходных,"Все виды сантехнических работ. Водоснабжение, отопление, канализация и т.д. Цена договорная. Оперативность, порядочность и качество гарантируем./",,,,,,,
326227b34f0f,4372efd222d6,Башкортостан,Уфа,Личные вещи,Товары для детей и игрушки,Детская мебель,,,Cocoon Baby Red castle,Cocoon Baby Red castle в отличном состоянии. Приобрели в магазине mothercare в конце 2016г./,,,,,,,
Дом сдан,вся сумма в договоре./,,,,,,,,,,,,,,,,
Питание/,,,,,,,,,,,,,,,,,
Замер - 0 руб./,,,,,,,,,,,,,,,,,
caffd4dc8c77,8e1f79fda12b,Белгородская область,Белгород,Услуги,Предложение услуг,"Ремонт, строительство","Строительство домов, коттеджей",,Каменщик,"Каменщик без в.п., выполнит каменные работы любой сложности. Постройка домов, гаражей и т.д. Весь инструмент есть. Много объектов на показ и рекомендаций.",1000.0,1,2017-03-25,Private,7c8d94c2023823d95ce1a68dfe0c3ab5389371fe756447c5e0f4c46679c27b50,1412.0,1.0
» Модельный год: 2016/,,,,,,,,,,,,,,,,,
В комплектацию входят страховочные стойки  и комплектом подхватов для подъёма грузовых рамных автомобилей,а также легковых автомобилей./,,,,,,,,,,,,,,,,
Максимально энергопотребление (TDP):	35 Вт/,,,,,,,,,,,,,,,,,
 ПТС-оригинал./,,,,,,,,,,,,,,,,,
"🔥Коляска KId1st с легкостью помещается в любой автомобиль\"",17990.0,7,2017-03-25,Private,90029d52122f3a1a8091f25f212e844b3610e3f66d0d5129673763b50776d5e0,1002.0,0.22368,,,,,,,,,,
Оперативная память 4096gb/,,,,,,,,,,,,,,,,,
77187913fc93,a10a1bdc36ab,Нижегородская область,Нижний Новгород,Личные вещи,"Одежда, обувь, аксессуары",Женская одежда,Обувь,38,Ботильоны,"Породам отличные батильоны из натуральной кожи на весну. Подойдут на 37,5 или 38 размер.",300.0,93,2017-03-21,Private,bb0631de1ea3b569041e493a59003c4dcea9275a27f8a07f030061912db781c6,501.0,0.0
c4f0f22cf727,4e614809f162,Башкортостан,Бирск,Услуги,Предложение услуг,"Транспорт, перевозки",Коммерческие перевозки,,Грузоперевозки на Газели 3м,от 250 рублей./,,,,,,,
Технические характеристики/,,,,,,,,,,,,,,,,,
f3f05a79f30a,e5c53f4b46a7,Волгоградская область,Волгоград,Личные вещи,"Одежда, обувь, аксессуары",Женская одежда,Обувь,38,Сапоги демисезонные,Замша,300.0,4,2017-03-27,Private,eafabdb9ac3a9b1333bcdf53f2486e1765fec3fd6bade94f14f2a3ddc6678524,438.0,0.0
Размораживание холодильной камеры	No Frost/,,,,,,,,,,,,,,,,,
4ef4b9a1e31d,516896825c36,Оренбургская область,Оренбург,Для бизнеса,Оборудование для бизнеса,Промышленное,,,Поодаются весы,Продаются весу железные промышленные в хорошем состоянии,5000.0,28,2017-03-27,Private,,,0.0
9241c601ed07,5a0173d89e1a,Челябинская область,Челябинск,Личные вещи,Детская одежда и обувь,Для девочек,Брюки,86-92 см (1-2 года),Брюки теплые,В подарок куртка такой же расцветки,300.0,51,2017-03-20,Private,22b2db3ad57ab6194779e419e1298eef718c45f8e234ebca3e42a6c642c26384,117.0,0.0
В основном проставивал,иногда печатала для личных нужд. В промышленных масштабах не использовался.  /,,,,,,,,,,,,,,,,
Корюшка/,,,,,,,,,,,,,,,,,
6d851678795c,c5ead61ddd85,Ростовская область,Волгодонск,Личные вещи,"Одежда, обувь, аксессуары",Женская одежда,Рубашки и блузки,42–44 (S),Блузка,,500.0,24,2017-03-22,Private,5b3c81bfd24629e5a9e020917d256e741aaf80e967a8cfaa4a0ec18139431f30,667.0,0.0
"Забирать в инорсе\"",500.0,134,2017-03-15,Company,d1636777c1b82e513f63ac2965eab17b2be8f22fbbc4c7cf57e3b9148a04d07a,1044.0,0.30787,,,,,,,,,,
Функциональность/,,,,,,,,,,,,,,,,,
Тип фреона: R 410A/,,,,,,,,,,,,,,,,,
a2a104133122,f0fc485a3c1c,Ростовская область,Тарасовский,Личные вещи,Детская одежда и обувь,Для девочек,Верхняя одежда,98-104 см (2-4 года),Куртка р.104,Состояние новой вещи. Pelican р.104,700.0,91,2017-03-24,Company,f4e532d0dc8025cb5b93d5bae15736afbf2dbe809a743b2a7dcbd3f46d05643a,96.0,0.0
ce2754e150a1,192bf7cd505d,Пермский край,Пермь,Транспорт,Грузовики и спецтехника,Грузовики,,,Камаз 6520,2008 г.в. П. Т. С.,20000.0,107,2017-03-28,Company,,,0.12258
• реверберация (4 типа)/,,,,,,,,,,,,,,,,,
d089ec960464,45c59d25b082,Пермский край,Пермь,Личные вещи,"Одежда, обувь, аксессуары",Женская одежда,Обувь,37,Ботиночки весенние,"новые модные ботиночки, на ноге смотрятся очень красиво и аккуратно. носила раза 3. состояние идеальное",700.0,115,2017-03-18,Private,06758a3a211f30b3cba9712c520210e4d4e9d295aa048351a04748d2cd0563c5,1125.0,0.80323
1 x разъем COM/,,,,,,,,,,,,,,,,,
Имеет полный пакет документов,клеймо привита./,,,,,,,,,,,,,,,,
16ada267657b,1be7f443def5,Свердловская область,Первоуральск,Транспорт,Мотоциклы и мототехника,Мотоциклы,Кросс и эндуро,,Квадрик,Самоделка в робочем состоянии,20000.0,27,2017-03-16,Private,296f0ba2ccf78d6b0a5994de59b68c06ee9495c5045f000025c407d2aa8e4b83,1136.0,0.0
Лёгкие кроссовки GEL-EXERT TR прекрасно подойдут для любых видов тренировок,направленных на развитие скорости и манёвренности./,,,,,,,,,,,,,,,,
6bf0a39c2c1c,4aceb7904bcf,Свердловская область,Нижний Тагил,Животные,Собаки,Московская сторожевая,,,Московская сторожевая,"Отдадим собаку, документов нету/",,,,,,,
Поддержка MIMO есть/,,,,,,,,,,,,,,,,,
- ящик изготовлен из конструкционной стали,толщиной 1мм;/,,,,,,,,,,,,,,,,
Увеличенный размер люльки/,,,,,,,,,,,,,,,,,
"700 руб. Район Ю-З\"",700.0,15,2017-03-23,Private,b6eeca0eb99767277833116a91b9099ae08ac69f029afbe306006e1ee51180f4,47.0,0.0,,,,,,,,,,
Вход для микрофона: есть/,,,,,,,,,,,,,,,,,
Для желающих приобрести – квалифицированно подготовим документы для подачи в банк на одобрение ипотеки. Проверим юридическую чистоту приобретаемого имущества и окажем полное юридическое сопровождение. /,,,,,,,,,,,,,,,,,
"Кого заинтересует обувь  звоните . Пишите на ватсап и Вайбер. Высылаю почтой.\"",200.0,32,2017-03-24,Private,2ef922a509a6a705a029a1be92f558ee06cafb80496f5eb1cf112933f24bcca0,43.0,0.0,,,,,,,,,,
Настоящий оригинал/,,,,,,,,,,,,,,,,,
"По поводу цены предложения обсуждаются\"",20.0,221,2017-03-23,Company,405bb766edc0916761f1044fd9101015e2034cb37df2e1a03207a4e313ba1564,2464.0,0.0,,,,,,,,,,
Дайвинг (платно )/,,,,,,,,,,,,,,,,,
Комплектация:/,,,,,,,,,,,,,,,,,
-Макрo кoльца и вспышки для макросъeмки/,,,,,,,,,,,,,,,,,
0eda8c28c75f,7ed927624dae,Воронежская область,Воронеж,Недвижимость,Квартиры,Продам,2,Вторичка,"2-к квартира, 43 м², 1/9 эт.","Продается 2х-комнатная квартира в хорошем состоянии. Детские сады ,школа, художественная школа, магазины, поликлиника, рынок, остановка в шаговой доступности. Комнаты изолированы, просторный коридор,сан. узел раздельный. Квартира теплая, не угловая. Ухоженный подъезд, тихие соседи.Возможен торг.",1700000.0,2,2017-03-22,Private,744764eb22237701d9fa254baad356d52837e43063c9bcaef6e551939852e45f,2221.0,0.05193
6100f29dbc8d,17aa8b4c2ac6,Волгоградская область,Волгоград,Для бизнеса,Оборудование для бизнеса,Промышленное,,,Теплоизоляция,ТЕПЛОИЗОЛЯЦИЯ ППУ СКОРЛУПА  ФОЛЬГИРОВАННАЯ НА 530 ТРУБУ/,,,,,,,
59cf86edad34,babc1061277c,Челябинская область,Магнитогорск,Для дома и дачи,Бытовая техника,Для кухни,Вытяжки,,Вытяжка,мощная.,1000.0,5,2017-03-19,Private,4a72a30bf4aed0f8626ba67dcef9156f7f51566fee3183beafa24c53593d9198,1816.0,0.0
bf7110175cda,c337541311f8,Тюменская область,Тюмень,Бытовая электроника,Ноутбуки,,,,Нетбук HP mini тмн04,"отличное состояние,гарантия, чек, возможна доставка в другие регионы,адрес газовиков 19 магазин КомиссионыЧ",5999.0,33426,2017-03-20,Shop,45b40771bf7b96d8f856c418840714128986a2faea73fd2c932fa9f6e3eab1b8,2960.0,0.0697
9072162f9a03,a3562d7b1ff2,Тульская область,Тула,Для дома и дачи,Мебель и интерьер,Шкафы и комоды,,,Шкаф и две односпальные кровати,Продаю б/у можно по отдельности,3000.0,5,2017-03-18,Private,f16caaff4111fe702c1aa39d75b855b9a32c3f93e5db78e2d9d424d200736454,1488.0,0.23379
86f7064b52d0,d3945a0c3ed9,Калининградская область,Калининград,Личные вещи,Детская одежда и обувь,Для мальчиков,Комбинезоны и боди,62-68 см (2-6 мес),Слип,"4 слипа 3-6мес, 2 слипа 6-9мес, все в хорошем сосотянии по100руб. каждый.",100.0,38,2017-03-21,Private,c322610af6ce33c1a6f119d15611550fb07eb400afaa479c99d320a86e78e41d,42.0,0.0
/,,,,,,,,,,,,,,,,,
/,,,,,,,,,,,,,,,,,
/,,,,,,,,,,,,,,,,,
/,,,,,,,,,,,,,,,,,
/,,,,,,,,,,,,,,,,,
/,,,,,,,,,,,,,,,,,
/,,,,,,,,,,,,,,,,,
/,,,,,,,,,,,,,,,,,
/,,,,,,,,,,,,,,,,,
/,,,,,,,,,,,,,,,,,
/,,,,,,,,,,,,,,,,,
/,,,,,,,,,,,,,,,,,
/,,,,,,,,,,,,,,,,,
/,,,,,,,,,,,,,,,,,
/,,,,,,,,,,,,,,,,,
/,,,,,,,,,,,,,,,,,
/,,,,,,,,,,,,,,,,,
/,,,,,,,,,,,,,,,,,
/,,,,,,,,,,,,,,,,,
/,,,,,,,,,,,,,,,,,
/,,,,,,,,,,,,,,,,,
/,,,,,,,,,,,,,,,,,
/,,,,,,,,,,,,,,,,,
/,,,,,,,,,,,,,,,,,
/,,,,,,,,,,,,,,,,,
/,,,,,,,,,,,,,,,,,
/,,,,,,,,,,,,,,,,,
/,,,,,,,,,,,,,,,,,
/,,,,,,,,,,,,,,,,,
/,,,,,,,,,,,,,,,,,
8982dfe0508f,2576c64a5a7a,Ростовская область,Шахты,Личные вещи,Детская одежда и обувь,Для девочек,Брюки,74-80 см (7-12 мес),Джинсы новые,"Новые с этикеткой. Фирма sani, размер написан 74/9м",350.0,129,2017-03-15,Company,9d7ab637d0a3bc062c8f10ceb034adf16a3887cdbdd3a42888dd81c42d816f3d,71.0,0.0
Есть абсолютно все игры,"которые когда-либо выходили\"",2800.0,161,2017-03-22,Company,36e394d882b88ec0860522c095b740761decbda2df09ec072eeba2b179932426,2888.0,0.0,,,,,,,,,
a2593bcd677b,29b87474a590,Ханты-Мансийский АО,Сургут,Для дома и дачи,Мебель и интерьер,"Кровати, диваны и кресла",,,Продам детскую кровать,"Продам детскую кровать с матрасом. Новая, матрас в заводской упаковке. Самовывоз.",6000.0,12,2017-03-25,Private,94144fba34fcff6266cb6c55170f78a5960cd75c5355e44b80bc22fb81666806,1432.0,0.86521
- Премиальная аудиосистема Bose/,,,,,,,,,,,,,,,,,
dc4b607caa41,29160383311d,Кемеровская область,Новокузнецк,Бытовая электроника,Телефоны,Lenovo,,,Lenovo,"Как новый, в идеальном состоянии, с первого дня носился в чехлах. идет вместе с коробкой+ документы (полный комплект)",5000.0,40,2017-03-22,Private,0fa5805213acf6fbd69d572847e6adf746ad94fab228a2d1b9ef3014e93eaae7,2924.0,0.0
b70ca7c14c65,e066428dc360,Краснодарский край,Новороссийск,Недвижимость,"Дома, дачи, коттеджи",Сниму,Коттедж,На длительный срок,Сниму коттедж,Сниму коттедж или дом  с коммуникациями интернетом район борисовка цм долина  !!! С хорошим ремонтом без посредников от собственника !!! Цена до 35-40тр !!!,35000.0,21,2017-03-18,Private,,,0.16496
Красотка из США,новая,коллекционная,винтажная,из коробки не доставалась (как и все мои куклы!) /,,,,,,,,,,,,,
157700df1670,8bcf70f1615d,Башкортостан,Уфа,Услуги,Предложение услуг,"Ремонт, строительство",Отделочные работы,,Плиточник,"укладка кафеля,плитки,керамогранита,мозайки.установка навесных потолков,электрик.санузел под ключ.фартук для кухни.установка межкомнатных дверей,арок.укладка ламината ,паркетной  доски,ленолиум.Наливной пол.Обои,шпаклевка,штукатурка.Ремонт квартир,офисов и торговых точек под  ключ.Работаю без посредника.Цена договорная.",,6,2017-03-15,Private,4c4d9cd7c5d3a992700c0d28448162d6117d0a6ac3174983375b934ec16643d1,1400.0,0.0
Скорость вращения/,,,,,,,,,,,,,,,,,
9c368256aac3,f4a2805a11ba,Саратовская область,Саратов,Недвижимость,"Дома, дачи, коттеджи",Продам,Коттедж,,Коттедж 400 м² на участке 10 сот.,"Продам просторный и светлый коттедж в экологически чистом районе города Саратов, юбилейный район, улица самойловская./",,,,,,,
Емкость контейнера примерно 600 л (очищенное масло: примерно 400 л,загрязненное масло: примерно 200 л.),тонкость фильтра: примерно 8 μm,производительность фильтра 120 л / мин.,потребляемая мощьность18 кВт (400 В / 50 Гц),размеры Ш х Г х В = 1.400 x 1.400 x 1.850 мм,вес 750 кг,цвет серый./,,,,,,,,,,
SSD PCIEG3x4 512Gb M.2/,,,,,,,,,,,,,,,,,
67ee9ea9e0a7,4b8a1df0b340,Иркутская область,Иркутск,Личные вещи,Детская одежда и обувь,Для девочек,Обувь,20,Сапожки демисезон next,"Классные сапожки , удобные, тёплые на девочку до года . Состояние хорошее без нюансов",950.0,21,2017-03-16,Private,f5c4f5bad12e69d7ea38d3c14013a58a803605827f5528d2edfa60b6f2072f93,91.0,0.12734
1cefacfe2914,723e305dda1e,Кемеровская область,Кемерово,Бытовая электроника,"Игры, приставки и программы",Игры для приставок,,,Обмен Final Fantasy 15 для PS4,Обменяю Final Fantasy 15 на Ghost Recon: Wildlands или на Mass Effect: Andromeda для PS4. Пишите СМС или звоните.,,30,2017-03-23,Private,9aa6f88f600004d3a8b5a0abceb7c98218db0c3f7c05f47a6198b6f3262a0491,2888.0,0.0
"С 8:00 до 24:00\"",19499.0,10,2017-03-24,Private,cae76823924734ad300a31a3642439cf7fb9cdaf12aa72bb38406acf7d31cd23,2924.0,0.03486,,,,,,,,,,
поддержка MPEG4,"DivX\"",4000.0,256,2017-03-16,Company,3e8b64a43f55694c8aae58e9ae53e4a9eaedef64c346dc9ecae001356f524c39,3032.0,0.43177,,,,,,,,,
Порадуйте себя и своих близких яркими красками и солнечным настроением!/,,,,,,,,,,,,,,,,,
"Подробности по телефону или через сообщения Avito c 9:00 до 22:00\"",130.0,66,2017-03-17,Private,6f6d0d9364b3a544e0a562e03ee444bde273db440a97b18697ef5d312f5aca1d,358.0,0.71429,,,,,,,,,,
Световой поток,Лм1580/,,,,,,,,,,,,,,,,
- Тонированные стекла/,,,,,,,,,,,,,,,,,
df2e8ac007d6,7f70959039df,Челябинская область,Челябинск,Для дома и дачи,Ремонт и строительство,Стройматериалы,,,Диф,Продам диф 2 полосные кол 70 шт,300.0,21,2017-03-19,Private,4e9224703dca5c1c744b1fcb7269ebbd5fbb29d70d01914827fc612254d5a3e1,1299.0,0.0
АДРЕС ОФИСА:/,,,,,,,,,,,,,,,,,
Июнь 1989 /,,,,,,,,,,,,,,,,,
d16850ae4c36,2a8926392a03,Новосибирская область,Новосибирск,Недвижимость,Квартиры,Сдам,На длительный срок,2,"2-к квартира, 56 м², 3/10 эт.","Сдам лично!Двухкомнатная квартира-студия.Оснащена всем для комфортного проживания:мебель,бытовая техника,шторы и т.д.Шлагбаум на въезде во двор,отличная детская площадка,две минуты до остановки НГПУ,Сбер банк,магазины и аптеки в шаговой доступности",22000.0,3,2017-03-20,Private,106f3c6e01409f69db6986d414db03650d682ac1041d8a30a802cceee6d49dba,2219.0,0.70397
e6d4a9d3d579,6748eb0a523c,Волгоградская область,Волгоград,Животные,Собаки,Лайка,,,Лайка,"Щенки от рабочих родителей, кабан косуля. Осталось 3 сучки",3000.0,2,2017-03-18,Private,a073f42295c518b9fd441737278b73ee36adde541c38802d76566a597577d229,2094.0,0.36852
Фокус - 15-40 мм/,,,,,,,,,,,,,,,,,
"экран 5.5\"\"",разрешение 1920x1080/,,,,,,,,,,,,,,,,
b5b9e2c8bc9a,862f94416851,Самарская область,Самара,Для бизнеса,Оборудование для бизнеса,Для ресторана,,,Расстоечный шкафчик Kosmica Kosmy 12L,Б/у все вопросы по телефону.,,16,2017-03-15,Private,2bac27f7614d3221be6198715309df0853f7bea16f039176b91e7220d2bea0de,1209.0,0.0
Снятие наращенных ресниц	-50₽/,,,,,,,,,,,,,,,,,
57b95abd767a,56e27342d262,Челябинская область,Челябинск,Личные вещи,Детская одежда и обувь,Для девочек,Комбинезоны и боди,50-56 cм (0-2 мес),Комбинезон велюровый,"В идеальном состоянии, цвет бледно розовый.",200.0,30,2017-03-20,Private,27951ed940938678138777fd1d40033aedef3e10dadbf8386b89d028b2d6d5c0,42.0,0.0
e7922b27197d,7b4f5d5e6a0f,Удмуртия,Ижевск,Личные вещи,Товары для детей и игрушки,Игрушки,,,Ходунки,Ходунки. 2 положения по высоте. Съемный звуковой модуль. Подходят для использования в квартире (не крупные). Устойчивые. Колесики бесшумные. Состояние среднее(в одном месте надо немного подшить).,800.0,2,2017-03-22,Private,3b3807b8a01bc65922c51436cf7d95cdf15375ff6f3bbc2912883c389bc89316,853.0,0.80323
26e38e13b619,50a38a3e3f64,Владимирская область,Владимир,Для дома и дачи,Ремонт и строительство,Стройматериалы,,,Дом из клееного бруса своими руками,клееный брус 86(толщина) * 155(высота) * 6 метров /,,,,,,,
Размер ниши для встраивания в коллонну (В*Ш*Г),см:    59x56x55/,,,,,,,,,,,,,,,,
Вязаная кофта и юбка. Цвет глубокий красный. На фото не тот эффект. /,,,,,,,,,,,,,,,,,
— Климасенко 11 цокольный этаж,у магазина Магнит./,,,,,,,,,,,,,,,,
"Натюрель Османтус 75мл-800р\"",800.0,64,2017-03-27,Private,8a089d835aec12f8b176aa58c8e8a4c97f04a8969311709af4adb0cfddae70b6,771.0,0.0,,,,,,,,,,
Ремешок с регулировкой,подойдет как на взрослую,так и на детскую руку  /,,,,,,,,,,,,,,,
В шаговой доступности крупные супермаркеты,спортивные учреждения,школа,садики,"остановки общественного транспорта.\"",2370000.0,23723,2017-03-24,Shop,79b31285006b825645f0075825a83c42974c88d6bdc201779a37b1ae9b4ca317,2218.0,0.0,,,,,,
693ff253110e,d4cf571c3323,Башкортостан,Уфа,Личные вещи,Детская одежда и обувь,Для девочек,Платья и юбки,134-140 см (8-10 лет),Юбка нарядная,"Юбка Акула нарядная на плотного ребенка, на рост 134-140",300.0,64,2017-03-23,Private,f3f3ad10fd631d7d03371ee5deac285657c0c652b0efef50111123f2bc78b3cd,81.0,0.0
"—  Магазин «СимбаЛэнд» город Михайловка ул.Республиканская 28 с 9-00 до 20-00\"",4125.0,1752,2017-03-27,Company,50729c8c7ca6cb65ed95c0c637d45d14a1891dc6b785caa9ec8d5147d9a7bced,796.0,0.0,,,,,,,,,,
Дом со всеми центральными коммуникациями./,,,,,,,,,,,,,,,,,
Три отдельные комнаты + кухня-гостинная 22 м кв. Раздельный сан/узел./,,,,,,,,,,,,,,,,,
71f47264880e,755189df7785,Новосибирская область,Новосибирск,Личные вещи,Детская одежда и обувь,Для девочек,Брюки,86-92 см (1-2 года),Джинсы на флисе,Новые.,300.0,59,2017-03-24,Private,36ea1242f11c9a82bfa30c236f99727c32c583388396c9621ac463efb1a3da4c,585.0,0.0
Литые диски/,,,,,,,,,,,,,,,,,
"Прибытие в 20.00\"",,599,2017-03-21,Company,557ac1d9f9d215c06554931c13ddc07357caa879269766f4f4e0999d2f23e75f,1424.0,0.23765,,,,,,,,,,
Самокат TT Cosmic pro (голубой,красный,оранжевый,розовый,салатовый,синий)-2850 руб./,,,,,,,,,,,,
- Подошва из ЭВА c torsion system 90-х годов для поддержки стопы/,,,,,,,,,,,,,,,,,
выполню перенос и установку на новом месте электрощитов и электросчетчиков;/,,,,,,,,,,,,,,,,,
16681db7f4a8,5d009c043c1d,Ростовская область,Ростов-на-Дону,Личные вещи,Детская одежда и обувь,Для девочек,Другое,,Гимнастический купальник,Продаю купальник для выступления. Размер 128-140 см. Все подробности узнавать по телефону.,800.0,48,2017-03-20,Private,db8a74464eb3e4ddd2549ecaade5b6e5bf34fef4ff20482e1fef932746240a58,2700.0,0.0
- USB кабель/,,,,,,,,,,,,,,,,,
./,,,,,,,,,,,,,,,,,
./,,,,,,,,,,,,,,,,,
./,,,,,,,,,,,,,,,,,
3a38a9c58be1,68c76edb6588,Кемеровская область,Кемерово,Для бизнеса,Оборудование для бизнеса,Для ресторана,,,Шкаф расстоечный Sinmag SM32S,Шкаф расстоечный  Sinmag SM32S,80000.0,23,2017-03-20,Company,bd482e8796b1339b577e49f067119b4d90171cad0ceaf33e5ccc77442792ff1c,2268.0,0.0
смесь уже готова к употреблению,необходимо только взболтать/,,,,,,,,,,,,,,,,
Мне большая/,,,,,,,,,,,,,,,,,
42a3d8305f71,e98920a45d9a,Краснодарский край,Краснодар,Услуги,Предложение услуг,Деловые услуги,"Бухгалтерия, финансы",,Бухгалтер для ип (приходящий),"Услуги бухгалтера для ИП: 1С, зарплата, составление договоров, отчетность, банк-клиент. Оплата по договору, в зависимости от объема работы. Могу работать на дому, вся техника и программы мои.",,3,2017-03-20,Private,,,0.0
679aa07d3774,1bba4a91a6df,Пермский край,Березники,Личные вещи,Товары для детей и игрушки,Игрушки,,,Коврик развивающий,,500.0,25,2017-03-28,Private,8db79ac5d1ab78673c29f510a44f88f8166760ad0fab81e17cf945dcc022ac9a,882.0,0.0
Cleani ng-пауза,/,,,,,,,,,,,,,,,,
- установка дополнительного оборудования/,,,,,,,,,,,,,,,,,
ce55e14dd043,9a1a2a650f3f,Новосибирская область,Новосибирск,Бытовая электроника,Фототехника,Зеркальные фотоаппараты,,,Canon 1100d,любительская зеркальная фотокамера/,,,,,,,
Гарантия адекватных цен обеспечивает работа напрямую с надежными операторами Anex..Tez Tour..Sunmar..Pegas..Coral Travel.Вы получите максимальную скидку от цены на сайте оператора/,,,,,,,,,,,,,,,,,
- бесплатная юридическая консультация в рамках предоставляемых услуг/,,,,,,,,,,,,,,,,,
e37e4839abfc,f7454d5f7551,Ростовская область,Ростов-на-Дону,Недвижимость,Квартиры,Продам,2,Вторичка,"2-к квартира, 54 м², 8/10 эт.",Продается  очень  хорошая  2х.квартира  54\34\8\8-лоджия  застекленна./,,,,,,,
Фото 6-7: Перчатки замшев. комбиниров. /,,,,,,,,,,,,,,,,,
Покрышками Wanda P1023 (22tpi) 20 x 1,95 /,,,,,,,,,,,,,,,,
154e656460aa,8ca58f1028f0,Челябинская область,Миасс,Бытовая электроника,Товары для компьютера,Мониторы,,,Монитор,Продам рабочий монитор 17дм.,222.0,38,2017-03-17,Private,66f9311d6c3ee3c307d88e2582371b27a3e8a814e6e1e21ed7dac3ded2eeeaa5,2850.0,0.0
37 размер /,,,,,,,,,,,,,,,,,
fa3bed254f39,fc4d27a25405,Башкортостан,Стерлитамак,Для бизнеса,Готовый бизнес,Развлечения,,,"\"Аттракцион Hole board - \"\"Сапер\"\"\"","\"Успей стать первым в своем городе и заработать на абсолютно новом аттракционе в нише развлечений. Представляем вашему вниманию аттракцион Hole board, а в простонародье Сапер. Этот аттракцион появился относительно недавно, и наделал много шума в курортных городах России, оставив позади и внеконкуренции, такие аттракционы как \"\"Турник и Пьяная лестница\"\". Задача игрока заключается в том",чтобы тянуть за оба конца веревки тем самым управляя кольцом в котором находится шарик,довести шарик до верхней лунки и загнать шарик в нее. Если это удается то средний приз его,сами понимаете,чем выше тем сложнее,у самой верхушки нужно делать определенное движении иначе ничего не получится,оператор естественно это секрет знает и может продемонстрировать его,но не факт что у игрока это получиться с первого раза
00db6b0e3507,67a79ae37e43,Пермский край,Пермь,Личные вещи,Товары для детей и игрушки,Автомобильные кресла,,,Детское автокресло IsoFix Chicco X-Space 9-18кг,"Продам десткое автомобильное кресло Chicco X-Space на вес ребенка 9-18кг (1 возрастная категория). Класс безопасности по евротестам 4 из 5. Качество высочайшее. Рама внутри пластика кресла - металл. Неубиваемая, считай вечная конструкция. Обшивка очень мягкая, анатомическая - не сравнить с дешевыми креслами. Обшивка очищена, постирана, в состоянии новой (видно по фото).Ремни для ребенка имеют регулировку, длины хватает для надежной и удобной фиксации даже в зимних объемных пуховиках./",,,,,,,
до 13 ч/,,,,,,,,,,,,,,,,,
"покраска\"",100.0,22,2017-03-20,Private,f5089d9e4f49f93a1ba2c45c24ed251cddaa4729962c9fb69d384775553c1c79,1617.0,0.0,,,,,,,,,,
724d6b7086a1,72527f8b436b,Новосибирская область,Новосибирск,Личные вещи,Детская одежда и обувь,Для девочек,Комбинезоны и боди,50-56 cм (0-2 мес),Комбинезон для девочки,Продам красивый комбезик с шапочкой .  Качество супер.,500.0,44,2017-03-25,Private,b41e76808eece61cf1a11c5c53d7ad6a8b1a4ea332c356a54c6676c2cb455d46,84.0,0.0
5034c71d8f56,0229d4854190,Свердловская область,Екатеринбург,Личные вещи,Детская одежда и обувь,Для мальчиков,Верхняя одежда,86-92 см (1-2 года),Комбинезон Nels р.86,"Комбинезон Nels р.86 (размер-в-размер) 1-1,5лет/",,,,,,,
Стоимость доставки - 300 рублей. /,,,,,,,,,,,,,,,,,
- Большой ассортимент насчитывает более 250 моделей летней обуви;/,,,,,,,,,,,,,,,,,
57c9cf3403c1,0d92dc0ec5d9,Башкортостан,Стерлитамак,Личные вещи,"Одежда, обувь, аксессуары",Женская одежда,Платья и юбки,Без размера,Новые Женские туники,Размеры разные.,400.0,5,2017-03-23,Private,3db95c5a9d2f5e3bbe999a112caaa20347373d5eef40d2839b3e16415ca6be32,622.0,0.13301
Ультразвуковые стерилизаторы/,,,,,,,,,,,,,,,,,
9288847050/,,,,,,,,,,,,,,,,,
Полезный объем морозильной камеры	94 л/,,,,,,,,,,,,,,,,,
a47d9c69f29d,12d08d4305b6,Иркутская область,Ангарск,Хобби и отдых,Спорт и отдых,Единоборства,,,Кимоно для Дзюдо,Продаю кимоно 175 размера в идеальном состоянии./,,,,,,,
Книга Вещих видений. /,,,,,,,,,,,,,,,,,
533b7c362835,9e8cfa897b96,Краснодарский край,Краснодар,Для дома и дачи,Ремонт и строительство,Инструменты,,,Шуруповерты,Продаю два шуруповерта в рабочем состоянии.  Мертвые аккумуляторы. Цена за оба.,1500.0,24,2017-03-25,Private,b4640ae52c7bb58b02e0b3e05a5c25cd7a5ed07e4b719203ffdb428433030130,1279.0,0.20041
Также Отдам дорогие фирменные кроссовки Nike размер 23,14 см по стельке! ( в идеальном состоянии,натуральная кожа)/,,,,,,,,,,,,,,,
насадки для: половника,лопатки для жарки,вилки/,,,,,,,,,,,,,,,
Как использовать:/,,,,,,,,,,,,,,,,,
-Погремушка «Солнышко и облачко»/,,,,,,,,,,,,,,,,,
82abb6a89a9b,4def2c2c9090,Самарская область,Самара,Для дома и дачи,Ремонт и строительство,Сантехника и сауна,,,Продам термостат хансгрое для душа и ванны экостат,3245000 новый в упаковке все в комплекте производство германия,10200.0,2,2017-03-21,Private,bd5ec1c9addb86ad7c70be238552caa26e7ed1f99cde5037740173f53e2c2e43,1381.0,0.0
4020150e7016,ba694aa8c65c,Алтайский край,Барнаул,Личные вещи,"Одежда, обувь, аксессуары",Женская одежда,Рубашки и блузки,42–44 (S),"Блузка, Stradivarius","Продам блузку, размер S,  в хорошем состоянии, надевала один раз/",,,,,,,
6814c8a44e63,e6db8a2fdcd6,Ставропольский край,Невинномысск,Личные вещи,"Одежда, обувь, аксессуары",Аксессуары,,,Клатч Hugo Boss,"Крутой клатч Hugo Boss! Высокого качества, весь прошит, 22 отделения, есть 2 цвета коричневый и чёрный, подробности по телефону либо в WhatsApp",800.0,59,2017-03-21,Company,56cbd91ee74a4f96dc47bf31df45e4e49fe0d214512f138f07855f7f7fd0c723,206.0,0.0
6a61a2921bbc,0652cb9ddba9,Свердловская область,Серов,Бытовая электроника,Телефоны,Аксессуары,Чехлы и плёнки,,"Защитное стекло iPhone 4, плёнка samsung J5(2016)",,100.0,11,2017-03-26,Private,eeb9dcd2950520570ff667f21b91de37fb013b650f610c5e06b6202bc6d3ef8b,2909.0,0.0
Поддерживаемые форматы/,,,,,,,,,,,,,,,,,
респираторы/,,,,,,,,,,,,,,,,,
"Скутер очень комфортный и экономичный.\"",100000.0,8,2017-03-19,Private,f825944870322f7199469cc88bda696aa2c20cb6a8465d2658f6b77cf7e34e98,1139.0,0.03083,,,,,,,,,,
а) кран-балки - 2шт. грузоподъемность 3,5тн.;/,,,,,,,,,,,,,,,,
"Торг возможен\"",4500.0,145,2017-03-27,Private,a6037fe3fabb500af2c106dbedbfe5f717b92c35d27ca3a9cf01a660a4bb5161,1214.0,0.0,,,,,,,,,,
Цвет: Серый/,,,,,,,,,,,,,,,,,
-план размещения и привязки светильников/,,,,,,,,,,,,,,,,,
8a209fa616a9,642ffd33a4f8,Челябинская область,Челябинск,Личные вещи,"Одежда, обувь, аксессуары",Женская одежда,Обувь,38,Ботильоны Centro,,100.0,83,2017-03-16,Private,a735858c8fdba45adb674a0be3f8dd771b66831dddb1755d8bec484b669ed483,450.0,0.0
89cf5cce93fa,70210daf4110,Ярославская область,Гаврилов-Ям,Бытовая электроника,Товары для компьютера,Джойстики и рули,,,Продам беспроводной геймпад,Продаю геймпад. Использовался всего пару раз. Рабочий продаю в связи с ненужностью. В комплекте с батарейками.,450.0,2,2017-03-24,Private,cec9d4ac957d675a819bb2a3dd261a7718e9cb0ca19634f05c43b2a2c2de99b2,2831.0,0.0
8d149dc20166,c0b3da4acc63,Калининградская область,Калининград,Бытовая электроника,Телефоны,iPhone,,,"iPhone SE 16gb, 64gb Новые Все цвета","Телефон новый,запечатанный,официальная гарантия от Apple 1 год/",,,,,,,
Тип матрицы экрана TFT TN /,,,,,,,,,,,,,,,,,
5d789bb69066,4b1cf857ed85,Омская область,Омск,Личные вещи,Детская одежда и обувь,Для девочек,Верхняя одежда,122-128 см (6-8 лет),Курточка,состояние отличное,500.0,24,2017-03-25,Private,756217bfcbdcb54d9182d24160103fd3719152c25c75cb30e238b3e7bbd87947,189.0,0.0
Изготовим любую длину./,,,,,,,,,,,,,,,,,
Снаружи кожазаменитель/,,,,,,,,,,,,,,,,,
— Любой фасад превращается в настоящее произведение искусства,если его украшают кованые балконы. Такая красота не может не привлечь внимание всех прохожих./,,,,,,,,,,,,,,,,
ВЫГОДНЫЕ ЦЕНЫ!/,,,,,,,,,,,,,,,,,
********************************************************************************/,,,,,,,,,,,,,,,,,
8385369fd22b,af1293abc3f3,Новосибирская область,Новосибирск,Бытовая электроника,Телефоны,Sony,,,Продам телефон Sony T2 Ultra dual цена 8500,В отличном состоянии!,8500.0,1,2017-03-15,Private,086592eb6cdcdaefb36f25cb6ac2d3f5b65132d7c0739d9fae43422e8c2a4c01,2945.0,0.0
Мощность: 130 л.с./,,,,,,,,,,,,,,,,,
1ffbde4f034e,312512787fff,Саратовская область,Энгельс,Личные вещи,Товары для детей и игрушки,Постельные принадлежности,,,Конверт на выписку,Конверт в хорошем состоянии.Кружева сочетаются с нежным цветом.Хорошо использовать в весенне-летний период,400.0,105,2017-03-22,Company,c57841eb0b724481fbdf050c7bbc50fc7afc1179da9dad64991afe94af3fa282,75.0,0.0
b91ad984c964,b67cd6591e62,Татарстан,Казань,Транспорт,Автомобили,С пробегом,ВАЗ (LADA),Priora,"LADA Priora, 2008",Обмен на седан. Моя Люкс. Только смс. Звонки не могу принимать.,170000.0,1,2017-03-15,Private,1a923f127275a73ee61c8ff254dc0b351375ea922963a79f6f8cfc25a14bf69c,1055.0,0.28134000000000003
1997г/,,,,,,,,,,,,,,,,,
Большая и удобная люлька (больше аналогов),материал - дерево,зимой теплее пластиковых./,,,,,,,,,,,,,,,
5f5828ddce88,5f0203e7a5f2,Ставропольский край,Будённовск,Личные вещи,"Одежда, обувь, аксессуары",Мужская одежда,Пиджаки и костюмы,48–50 (L),Костюм темно синий.к нему белая рубашка.галстук.за,,8000.0,1,2017-03-28,Private,896ed311e97df87be7de47b1f24fc105ef13fef2ef3cb97d3b12d0a5629407bb,656.0,0.0
Grand Thef Auto: Vice City Stories (без мануала,80 рублей)/,,,,,,,,,,,,,,,,
"СМР ФМР ЮМР доставка\"",500.0,14,2017-03-28,Private,8bebab67fd542ae436433d68244237999b0886d1a4f82318a124f13bda55cdca,42.0,0.12396,,,,,,,,,,
Неисправности системы вентиляции./,,,,,,,,,,,,,,,,,
fa2b078445a7,f4622653075b,Тюменская область,Тюмень,Для дома и дачи,Ремонт и строительство,Инструменты,,,Шуруповёрт Спарки br12,Находимся на рынке блошинка /,,,,,,,
3059b709a6f7,9009674039de,Челябинская область,Магнитогорск,Личные вещи,"Одежда, обувь, аксессуары",Женская одежда,Верхняя одежда,48–50 (XL),Пальто короткое,Пальто размер 48-50 цвет белый. В идеальном состоянии. Покупалось за 6.000 р. Одевалось несколько раз. Смотрится очень красиво и богато . Стало мало.,4000.0,13,2017-03-23,Private,b9d39302477c403a215480eea01213457b0a2d32eb714895b34317cbfe746837,563.0,0.0
Покраска лак и морилка +350 рублей/,,,,,,,,,,,,,,,,,
Верх Дюспо с водоотталкивающей пропиткой /,,,,,,,,,,,,,,,,,
f0261993d8e8,6dd03dd2b415,Краснодарский край,Каневская,Транспорт,Грузовики и спецтехника,Сельхозтехника,,,Головка блока в сборе на мтз - 80,Продаю головку в сборе на трактор МТЗ - 80 в отличном состоянии. Цена договорная.,1.0,75,2017-03-16,Private,,,0.13135
b9c419ec4dbe,35052af32409,Волгоградская область,Котельниково,Услуги,Предложение услуг,"Ремонт, строительство",Отделочные работы,,Копка заливка,"Копаю под фундамент,септик,траншеи. Заливка фундамента, черновых стяжек. Цена договорная.",1.0,1,2017-03-23,Private,,,1.0
"Комиссионный магазин \"\"Волшебный\"\" Продает и принимает на комиссию ( по записи)одежду ( от 0 до 58 размера )",обувь и аксессуары.   !Большой выбор нового и в хорошем состоянии трикотажа,верхней одежды и обуви  на любой вкус,цвет,"размер и кошелек !!!Адрес:пер. Соборный 24 (между серафимовича и социалистической )  ! Работаем  С 10до 19 часов  без выходных Мы поможем вам обновить и разгрузить ваш гардероб!\"",200.0,7410,2017-03-25,Shop,e297ee3711f6d98feccfa592bbb5e80355e269fe38ce858de17a51f26bc32917,496.0,0.0,,,,,,
Основной цвет: розовый/,,,,,,,,,,,,,,,,,
- Всегда работаем на результат;/,,,,,,,,,,,,,,,,,
• сквозные парадные с дизайнерским оформлением, безбарьерным входом и грузопассажирским лифтом,курсирующим с уровня подземной парковки,в которой уже можно приобрести место для Вашего автомобиля/,,,,,,,,,,,,,,
b1d3112f1185,e01fd79bc43e,Новосибирская область,Новосибирск,Личные вещи,"Одежда, обувь, аксессуары",Женская одежда,Платья и юбки,42–44 (S),Платье,,400.0,17,2017-03-19,Private,78b1db8476020a5d8fd637aaabb1747a049048fcd015448c2b31568dd07f489d,387.0,0.0
 - Снаружи оцинкованный профилированный лист С8./,,,,,,,,,,,,,,,,,
-Тойота Пробокс 2003г. /,,,,,,,,,,,,,,,,,
15e7b75def57,b169f79967c4,Алтайский край,Новоалтайск,Личные вещи,"Одежда, обувь, аксессуары",Женская одежда,Верхняя одежда,42–44 (S),"Продам куртку(весна-осень) б/у, один сезон носила","Продам куртку(весна-осень) б/у, один сезон носила. Всё в хорошем состоянии . Кристина",900.0,25,2017-03-19,Private,ab19e65153c8b59426ed3d97301f5bc45cd06d6d1c5f31f1ca05c5413229c6a9,645.0,0.15813
Длина: 25 мм./,,,,,,,,,,,,,,,,,
9b60d380ace2,5c2087a967b2,Ростовская область,Аксай,Для дома и дачи,Ремонт и строительство,Стройматериалы,,,"Электро кабель ввг 4*2,5 ввг 3*1,5","Продаю электро кабель ввг 4*2,5-30руб./",,,,,,,
▬▬▬▬▬▬▬▬◄ ИНФОРМАЦИЯ ►▬▬▬▬▬▬▬▬▬▬/,,,,,,,,,,,,,,,,,
4b6c15db6332,3e5410a28c66,Ярославская область,Гаврилов-Ям,Личные вещи,Детская одежда и обувь,Для мальчиков,Другое,,Кофточки для мальчика,Все в хорошем состояний все по 100 р,100.0,90,2017-03-20,Company,6f6ffecf3d6a3c198dd24bb142763e8e0e04fafded52bffb10cdafa976b96c6b,59.0,0.0
Засветись!/,,,,,,,,,,,,,,,,,
10) Мебельная фурнитура./,,,,,,,,,,,,,,,,,
"Размеры (дхшхг): 80 х 45 х 30 см\"",3200.0,14,2017-03-26,Private,64f166abf3ef6ea6c9473572fc60bc0efd709a68d658f980e1820ca0cfbb6c11,821.0,0.29078000000000004,,,,,,,,,,
51468ed26d7a,e04c23c5996e,Нижегородская область,Нижний Новгород,Для дома и дачи,Ремонт и строительство,Камины и обогреватели,,,Березовые колотые дрова,Продаем с доставкой березовые колотые дрова собственного производства. /,,,,,,,
fb8dd766a71d,868bbe1a4346,Иркутская область,Зима,Личные вещи,Товары для детей и игрушки,Детская мебель,,,Стульчик для кормления,"Стульчик для кормления, почти новый.",1500.0,57,2017-03-21,Private,49a96bcd68c21b5d87e15eecde33c43d435b80a95e644bc1e228294f1bcb59c4,811.0,0.11321
Возможность изготовить в любых цветах и покрытиях /,,,,,,,,,,,,,,,,,
"Все в идеальном состоянии.звоните!\"",2200.0,60,2017-03-28,Private,3616710b19f39cdd097a73b6ece86ba455a0bd78b1f1fb7744242874c6f1b0a1,50.0,0.12036,,,,,,,,,,
f2db8bf8b8c4,718918d9b5c5,Владимирская область,Муром,Личные вещи,Детская одежда и обувь,Для мальчиков,Обувь,29,"\"Сапоги резиновые утепленные \"\" весна- осень\"\"\"","В отл. состоянии. Меховой чулок вынимается, поэтому можно носить не только ранней весной в мокрый снег, но и летом./",,,,,,,
Предоставляем услуги:/,,,,,,,,,,,,,,,,,
5b4fba2e01b0,2857ed9653ec,Ярославская область,Ярославль,Недвижимость,"Дома, дачи, коттеджи",Сдам,Дом,На длительный срок,Дом 500 м² на участке 25 сот.,"Жилое помещение под размещение команндированных до 150 человек. Все удобства на этаже( душевые, туалеты, кухня), все в хорошем состоянии, возможна регистрация по месту пребывания, безналичный расчет, 100руб в сутки с человека",10000.0,51,2017-03-22,Company,b3f0c9a20faf2d8911bc29db533effbac9db54c4aabad47d6bcb1a894541ebca,2219.0,0.0
Прижимной вал диам. 40 мм для ricoh. Код AE020209 - 6000 руб/,,,,,,,,,,,,,,,,,
Доставка в городе Сочи в день заказа./,,,,,,,,,,,,,,,,,
— Звездочка: 18/,,,,,,,,,,,,,,,,,
Цвет:/,,,,,,,,,,,,,,,,,
Макс. Вес До 35 кг./,,,,,,,,,,,,,,,,,
➢ Принимаем компьютеры и ноутбуки в любом состоянии,рабочие и нерабочие!/,,,,,,,,,,,,,,,,
6fbba5b48b6f,18f28166ea10,Краснодарский край,Сочи,Недвижимость,Квартиры,Продам,1,Вторичка,"1-к квартира, 36.7 м², 6/25 эт.","Продаю квартиру в новом комплексе бизнес класса. Квартира с панорамным видом на город и горы, витражное остекление. ФЗ 214. Страхование. Комплекс расположен в центральной части города на берегу реки. Рядом расположен ТРЦ Моремолл.",2646000.0,52901,2017-03-22,Shop,17e25803302ba87ec532928f0286645eda71de79457a364f027b520a36f76609,2218.0,0.13053
cf060b7d7b06,6e638b807f35,Тюменская область,Тюмень,Личные вещи,Товары для детей и игрушки,Игрушки,,,Продам мики мауса,"Продам мышонка Микки Мауса , подарили , лежит пылится, кому нужен забирайте недорого продам, звонить по тел. здесь не отвечаю, Мария",300.0,47,2017-03-21,Private,2976d48e7b61497aef5c11ff2f3ab64502f96de780191025a01982a63ba7fef8,958.0,0.0
ef66f1581d0a,4d5b96198bb4,Тюменская область,Тюмень,Бытовая электроника,Телефоны,Fly,,,Сотовый телефон FLY FS553,,4999.0,2494,2017-03-20,Company,8409f8b8e14422d26d8571df88e17d09622bb2a7dd6ee5da0e80b48b273c2197,2917.0,0.0
хорошо на высокий рост- у меня рост 176 см (на фото)/,,,,,,,,,,,,,,,,,
"размеры 35х20х 7см (в сложенном состоянии) 27(в разложенном)\"",50.0,100,2017-03-24,Private,882893bbeba759408d79abb3b304d06910556cbc28ffb9091d025901b1e3bc6b,155.0,0.0,,,,,,,,,,
31d39f9f7258,8f81b7382550,Иркутская область,Братск,Личные вещи,"Одежда, обувь, аксессуары",Женская одежда,Рубашки и блузки,48–50 (XL),Трикотажная блузка,Новая красивая блузка ждет именно тебя!,1300.0,11,2017-03-20,Private,da48e73f85a95bd17c35d17bf70ddb4c44a6228521485fc9c7c5d2a22281db49,2639.0,0.0
c8ad837b688d,9b959398b331,Иркутская область,Иркутск,Личные вещи,Детская одежда и обувь,Для мальчиков,Брюки,Без размера,Брючки детские,Брючки легкие. Состояние новой вещи. Размер указан 74(6-9 месяцев ),500.0,62,2017-03-18,Private,770f7d9fdc75d4bcb6dac0e40182eea80c8074b710b972039dc90e9f03380d85,72.0,0.0
b0facdab2692,2f12894e46fb,Башкортостан,Белорецк,Недвижимость,Комнаты,Сдам,На длительный срок,,"Комната 15 м² в 3-к, 3/3 эт.","Сдается комната 15 м² в 3-к квартире на 3 этаже 3-этажного дома на длительный срок.Имеется диван,шкаф,стол,тумба под ТВ, холодильник.Сдам девушке или семейной паре.",4500.0,39,2017-03-28,Company,,,0.66095
✉Пишите в WhatsApp. Авито сообщение./,,,,,,,,,,,,,,,,,
f2cd3044ae5d,9412e1922687,Тульская область,Ефремов,Недвижимость,Квартиры,Продам,3,Вторичка,"3-к квартира, 66.5 м², 1/3 эт.","Просторная квартира со светлыми комнатами и удобной планировкой. Проходных комнат нет. Санузел раздельный. Имеются 2 просторные лоджии. Установлены счетчики на газ и воду. Установлены новая газовая плита и газовый котел с циркуляционным насосом, квартира  теплая и светлая. В собственности с 1987г (с момента постройки дома)/",,,,,,,
26b9fd95e6ea,a2f04142a5f8,Ханты-Мансийский АО,Сургут,Личные вещи,Товары для детей и игрушки,Товары для кормления,,,Смесь молочная Nutrilak 2,Смесь молочная сухая Nutrilak 2  400 гр./,,,,,,,
deea487b7d25,f414689e066c,Красноярский край,Красноярск,Личные вещи,Детская одежда и обувь,Для девочек,Обувь,25,Ботинки весна-осень. 25,"Состояние хорошее, косы не много сбиты.",300.0,90,2017-03-19,Private,0f3a37e899f39e07a4dcde4a2c3b9e9d6c561e37d3a86928a3c07577c1e29c9f,88.0,0.0
865d2f351f3d,e96b8ac8af77,Волгоградская область,Волгоград,Личные вещи,"Одежда, обувь, аксессуары",Женская одежда,Джинсы,25,Новые шортики,"Шортики на худенькую девушку,джинсовые,отдам за 400р",400.0,358,2017-03-25,Company,030a1ed7b412863ce1f97f80fc917fca8641997a94650437b270a8b5c04ba8c3,609.0,0.0
---------------------------------------------------------------------------------------------------------/,,,,,,,,,,,,,,,,,
"ЦЕНА: 300\"",300.0,60,2017-03-22,Private,fb2e37e68b0e478ffa4ce40d8ca09926f3cd660afa721d224b22b28b33fdce63,122.0,0.0,,,,,,,,,,
Голосовая активация (VOX)/,,,,,,,,,,,,,,,,,
- размер: 120 см на 260 см,глубина 60 см;/,,,,,,,,,,,,,,,,
Емкость аккумулятора/,,,,,,,,,,,,,,,,,
Будем рады Вас видеть ежедневно с 10.00 до 20.00/,,,,,,,,,,,,,,,,,
(все вопросы по телефону или ватсап);/,,,,,,,,,,,,,,,,,
Рядом расположен санаторий Заполярье с комфортабельным пляжем,дендропарком,бассейном,теннисными кортами,СПА,боулингом,"фитнес-клубом.\"",10600000.0,215,2017-03-21,Company,8c82bca9a9315e4a676de42e9326fc751faeb1a32f8786db95a632561bc51af9,2218.0,0.03187,,,,
984a6949477d,3711dbc5f651,Оренбургская область,Орск,Транспорт,Грузовики и спецтехника,Сельхозтехника,,,Трактор,Продам самодельный трактор./,,,,,,,
ЦЕНА 590₽/,,,,,,,,,,,,,,,,,
"— Тип комнат: Изолированные;\"",2300000.0,13895,2017-03-24,Shop,321aff7e8de851e67d174268ffa9c97b565ac102ea0b1fc6f8ce69beb57667da,1422.0,0.31745,,,,,,,,,,
Поддержка языков: Русский,Английский и другие /,,,,,,,,,,,,,,,,
71f56d14be3f,4592ba79e7b2,Красноярский край,Красноярск,Для дома и дачи,Мебель и интерьер,"Предметы интерьера, искусство",,,Кукла Тильда: бирюзовый заяц,бирюзовый заяц (кукла Тильда) /,,,,,,,
"Номер объекта: #2/554396/2429\"",2150000.0,197,2017-03-23,Company,48441599670a25abd338993336f16dc4b638833af95dec2e5d6d3095881e7cfb,2218.0,0.0,,,,,,,,,,
"Торг уместен\"",10000.0,5,2017-03-20,Private,9abedc4f12dcf31c7d9eea54189fb54d76ea3ede67a1a504da4994eaa2b02fca,2918.0,0.76786,,,,,,,,,,
fafe1cd65c37,3ea2d8425a2b,Краснодарский край,Краснодар,Животные,Кошки,Другая,,,Котята,"Отдам котят, за спасибо./",,,,,,,
Почему выбирают именно наши магазины? /,,,,,,,,,,,,,,,,,
Эффектный дизайн TFT монитора Hyundai ImageQuest L70N сразу привлекает внимание. Этот монитор является лучшим сочетанием высокой надежности,привлекательного внешнего вида и небольшой цены. Также необходимо отметить быстрое время отклика и малое энергопотребление. Монитор соответствует самым высоким стандартам качества./,,,,,,,,,,,,,,,,
________________________________________/,,,,,,,,,,,,,,,,,
Тип соединения с валом отбора мощности вал/,,,,,,,,,,,,,,,,,
038ffde1546e,887fbbf4b6f7,Краснодарский край,Краснодар,Для дома и дачи,Ремонт и строительство,Инструменты,,,Тельфер Sturm EH72100 электролебёдка,"Продаю практически новую лебёдку фирмы Sturm, модель EH72100. Практически не использовалась, внешнее и техническое состояние отличное. Отлично подойдёт для строительных работ. Продаю за ненадобностью. Цена новой около 30К. /",,,,,,,
af650ce3dd21,1e0c262566a6,Ростовская область,Таганрог,Бытовая электроника,Аудио и видео,Наушники,,,Sennheiser CX 300 II precision черные,"Просто наушники без комплектации. Использовал 2 месяца, состояние хорошее,но потерял коробку с комплектацией.",800.0,2,2017-03-28,Private,a71a6f3bf57e5ed877701633aa1c60c97caedac4ec4130c1672bf55e019cfa9b,3064.0,0.0
Цена за кв. м: 40 руб. /,,,,,,,,,,,,,,,,,
03 /,,,,,,,,,,,,,,,,,
"Звоните сейчас!\"",12000.0,3030,2017-03-17,Shop,c9161083124269ba04c8cbcc69540bb79f063af860dc647ea037bcd068048bd0,1429.0,0.08931,,,,,,,,,,
cebc95975201,3b1ca3b39e7e,Нижегородская область,Нижний Новгород,Услуги,Предложение услуг,Деловые услуги,Юридические услуги,,"Перепланировка, переустройство","Качественно и в срок узаконю перепланировку, переустройство квартиры, реконструкцию нежилого здания./",,,,,,,
+ Отдельные детские площадки для детей разных возрастных групп с интересным игровым оборудованием/,,,,,,,,,,,,,,,,,
скорость 900 - 3300 ходов/мин /,,,,,,,,,,,,,,,,,
Wi-Fi IEEE 802.11n/,,,,,,,,,,,,,,,,,
5. Дорогая сигнализация,с автозапуском. /,,,,,,,,,,,,,,,,
Опрыскивание плодовых деревьев,кустарников от вредителей и болезней – стоимость  от 100./,,,,,,,,,,,,,,,,
Жесткий диск WD Blue 500Gb AAKX (SATA3)/,,,,,,,,,,,,,,,,,
• Сигнализация/,,,,,,,,,,,,,,,,,
2d299901cfb7,ccca85f9926a,Нижегородская область,Дзержинск,Личные вещи,Товары для детей и игрушки,Детские коляски,,,Jetem castle s-803,Коляска Jetem castle s-803 после одного ребенка в очень хорошем состоянии./,,,,,,,
Для веселой компании,/,,,,,,,,,,,,,,,,
стандарты: GPRS,EDGE,"3G\"",300.0,70,2017-03-18,Private,914a42d0cfbc9b46fd13ebf01f1d93537b7db5a741a568fb92dba480f5211a05,2908.0,0.0,,,,,,,,
Есть так же бюджетные версии данных моделей,ассортимент можно посмотреть кликнув на магазин или позвонив по телефону/,,,,,,,,,,,,,,,,
хорошее состояние /,,,,,,,,,,,,,,,,,
хорошая пружинная амортизация/,,,,,,,,,,,,,,,,,
2540cdc5feb5,06326a6004ac,Нижегородская область,Нижний Новгород,Личные вещи,Товары для детей и игрушки,Игрушки,,,Мягкая игрушка собака,"Хочу познакомить вас с моей новой подопечной - это Тося. Она очень яркая и жизнерадостная,и просто не может не понравиться. Тося обязательно подарит массу эмоций и чудесное настроение.И не забывайте,что 2018 год будет годом СОБАКИ !",500.0,7,2017-03-21,Private,5b04faf948b987744684ef5b459bf2931dc9916f51cfe73b512739ad3fcb6204,1607.0,0.0
b0b80f162dfe,7647dc3eefd8,Ставропольский край,Минеральные Воды,Недвижимость,Квартиры,Продам,2,Вторичка,"2-к квартира, 64 м², 2/5 эт.","Продам квартиру в 1 МКР, все комнаты изолированные, большая кухня. Санузел раздельный в кафеле. Лоджия застеклена. Состояние хорошее.",2100000.0,1229,2017-03-17,Company,74e3a7f505445238ce121f42097ee7654b93934b95904690bf4ac09ef97cb43a,1430.0,0.08952
Письменный стол.  2-х-тумбовый (школьный). Длина 130 см,ширина 60 см,высота 73 см.   Цена 400 руб./,,,,,,,,,,,,,,,
На улице 9- я Подлесная./,,,,,,,,,,,,,,,,,
Вы можете заказать модель/,,,,,,,,,,,,,,,,,
8193f09c508b,a1e1990acf5b,Алтайский край,Камень-на-Оби,Для дома и дачи,Мебель и интерьер,"Предметы интерьера, искусство",,,Роза подсвечник из металла,роза из металла. Ручная работа,500.0,7,2017-03-21,Private,011de826019eff8f4882d61695f99abfc7017e191b28690167b63d2e4ce58a55,1548.0,0.0
В каталоге более 2000 моделей спортивной обуви и ботинок!/,,,,,,,,,,,,,,,,,
Дополнительно поможем подобрать матрас по подходящей высоте и размеру к данной модели кровати./,,,,,,,,,,,,,,,,,
Размер 56,"рост 188. Одевался один раз.\"",2000.0,9,2017-03-26,Private,79017ea2d1185a7a3fe4c0d76c53894ce8c02771ab4da5fca9ae167df727324c,656.0,0.0,,,,,,,,,
- Мы  реально существующая  организация,которая ничего не скрывает от своих клиентов!/,,,,,,,,,,,,,,,,
597de0e1cbde,00ac6f207f9c,Свердловская область,Каменск-Уральский,Для дома и дачи,Растения,,,,"Продам рассаду помидор яблонька России,бычье сердц","Продам рассаду помидор яблонька России,бычье сердце.",10.0,89,2017-03-20,Private,0b8e4c85263827121853415f3a47c5c5001bc08208dc8934b425de35134ad47d,1772.0,0.0
a2ae20308588,d2eeb23d4a99,Краснодарский край,Краснодар,Бытовая электроника,"Игры, приставки и программы",Игры для приставок,,,Игра для пс4,Только продажа.забрать можно на фмр,1000.0,35,2017-03-25,Private,81ccf94f0f0fb00dc1fceec08c423fe6ff7e0a3452acb75d07dc711bc4e06b54,2888.0,0.29204
dae95973d440,5256d8562261,Свердловская область,Екатеринбург,Личные вещи,"Одежда, обувь, аксессуары",Женская одежда,Джинсы,Без размера,Джинсы Bershka,Светло-голубые джинсы Bershka размера М.,800.0,6,2017-03-22,Private,531e075c129c7d04ef8e5629a62dbb8dc7fd373be99b6e2537f20768a450d9d5,353.0,0.0
a6e74d4a3126,09863e06bb5d,Ростовская область,Ростов-на-Дону,Животные,Собаки,Другая,,,Джоки ищет дом,Ищет дом и работу охранника пес Джоки./,,,,,,,
HDD 1Tb - Жесткий диск/,,,,,,,,,,,,,,,,,
Американский газовый гриль Чар-Бройл Классик С45-Г (Char-Broil Classic C45-G)./,,,,,,,,,,,,,,,,,
093e40fc8d48,f485c123dcd3,Ростовская область,Батайск,Транспорт,Автомобили,С пробегом,Mitsubishi,Pajero,"Mitsubishi Pajero, 2008",Машина в отличном состоянии!,850000.0,33,2017-03-19,Private,899b8c5d5e9570789f22b046fb0a04220e27882f1734c10e24e34fe6f095f1d6,1118.0,0.417
bd3c77d6af8f,bea746852c47,Удмуртия,Ижевск,Для дома и дачи,Мебель и интерьер,"Кровати, диваны и кресла",,,"\"Детская \"\"Радуга-2\"\"\"","Создайте своему ребенку волшебную атмосферу с помощью детской РАДУГА. Цветовые решения позволяют сделать комнату не только ориентированной на мальчика или на девочку, но и скомбинировать их. /",,,,,,,
"Для получения специальных скидок звоните в офис менеджерам!!!\"",61900.0,655,2017-03-27,Company,525f7bd793fe9b716de0df5a7e7e8aed6275f5726177dd088b66235862d7cc42,1886.0,0.0,,,,,,,,,,
Утеплитель 120 грамм/,,,,,,,,,,,,,,,,,
Из нержавеющей стали/,,,,,,,,,,,,,,,,,
Разрядность аудио ЦАП - 24 бит /,,,,,,,,,,,,,,,,,
— воспроизведение видео/,,,,,,,,,,,,,,,,,
В квартире сделан ремонт./,,,,,,,,,,,,,,,,,
16. М.П.Пятницкий.,Л.А.Нестеренко. Краткий практикум по органической и биологической химии. (для факультетов естествознания педагогических институтов).,"Госиздат \"\"Высшая школа\"\"",Москва,1962г.,102 стр.,м.пер.,"хор.сост. - 390 руб.\"",200.0,567,2017-03-26,Company,bc02494fdb3ae487c7a5f891576f9f17338eb97030115f24ebb0199933b8a10a,2285.0,0.0,,,
4f28f50424a3,f1fdbb42e147,Свердловская область,Нижний Тагил,Личные вещи,Детская одежда и обувь,Для девочек,Платья и юбки,146-152 см (10-12 лет),Платье,Состояние хорошее,300.0,7,2017-03-25,Private,d47c86c55a70bcf6e8fd480ab48155dc414d43a129790bd09dd8f8755c662607,82.0,0.0
552cd6b90fb9,445db657e125,Воронежская область,Воронеж,Недвижимость,"Дома, дачи, коттеджи",Продам,Дом,,Дом 51 м² на участке 50 сот.,"Продаётся дом в центре села Яблочное. 2 сарая, погреб, газ по улице",300000.0,2,2017-03-28,Private,407d7a0d9c430678c75db30738f6cd987bccf7330f17b51870e2abfa9bb9c8bd,1328.0,0.09963
•	 Полный Привод/,,,,,,,,,,,,,,,,,
LTE ловит везде,Touch ID работает./,,,,,,,,,,,,,,,,
• 7 проводных охранных зон: Максимально к системе возможно подключить 7 разных проводных датчиков;/,,,,,,,,,,,,,,,,,
Частота графического процессора: 783 МГц/,,,,,,,,,,,,,,,,,
Разрешение матрицы фото	/,,,,,,,,,,,,,,,,,
"Отличный подарок для себя и ваших растений!!!\"",13100.0,6,2017-03-26,Company,9f58f0d89eb6d4f0abbafbb17527cce31e4a3b665b48bae02302bc0a96f41e47,2495.0,0.0,,,,,,,,,,
cc9dc75f78e9,712f971f7bc2,Калининградская область,Калининград,Для дома и дачи,Мебель и интерьер,Компьютерные столы и кресла,,,Офисное кресло аризона сн-400 хром,"Отличное, новое кресло./",,,,,,,
cc91f14b236e,0bd86cc1d8e7,Челябинская область,Челябинск,Для дома и дачи,Ремонт и строительство,Стройматериалы,,,Доска Брус,"Брус, Доска обрезная собственного производства из хвойных пород дерева. Предложим варианты по вашим запросам",6100.0,56,2017-03-17,Company,766ae9ca6b81418ab05a1f42eb4fdd1875b016659c310295d11210eab2a40bf8,1300.0,0.4711
Размер (Ширина*Длина): 1500*2000мм/,,,,,,,,,,,,,,,,,
4a44922afa02,ab547e5aeec9,Пермский край,Пермь,Недвижимость,Квартиры,Сниму,На длительный срок,1,Сниму 1-к квартиру,"ПОМОЩЬ В СДАЧЕ ВАШЕЙ НЕДВИЖИМОСТИ НА ВЗАИМОВЫГОДНЫХ УСЛОВИЯХ. КОМИССИЯ КТО СНИМАЕТ,А НЕ ОТ СОБСТВЕННИКОВ ЖИЛЬЯ. СВОЯ КЛИЕНТСКАЯ БАЗА. ВСЕ РАЙОНЫ. ВСЕ СДЕЛКИ С НЕДВИЖИМОСТЬЮ,НИЗКАЯ КОМИССИЯ.",,35,2017-03-15,Company,,,0.75112
Быстрая зарядка		нет/,,,,,,,,,,,,,,,,,
8b0696fd30e0,b22ad9b0572c,Воронежская область,Воронеж,Услуги,Предложение услуг,"Ремонт, строительство","Строительство домов, коттеджей",,Земляные работы,"Выполняем земляные работы по Воронежской области.Не гасторбайтеры , обычные русские парни.",700.0,5,2017-03-16,Private,a62ef0ffe359c33232091de9da94b9babf9ac6c0e80416fec36fd0245fc7c8ef,1317.0,0.0
"Отделка в стиле \"\"лофт\"\"",с выделением фактуры дерева./,,,,,,,,,,,,,,,,
Вал и переходник к МТЗ в подарок!!!!!!!!!!!!/,,,,,,,,,,,,,,,,,
Оптический привод DVD-RW/,,,,,,,,,,,,,,,,,
паровой удар/,,,,,,,,,,,,,,,,,
Шитье просто обалденно смотрится!/,,,,,,,,,,,,,,,,,
-вибро-маторчики/,,,,,,,,,,,,,,,,,
+ До остановки общественного транспорта 5 минут/,,,,,,,,,,,,,,,,,
Состав:/,,,,,,,,,,,,,,,,,
2b601ea2fb33,1170bb772d2f,Ярославская область,Ярославль,Недвижимость,Коммерческая недвижимость,Сдам,Торговое помещение,,Пподходит под пиво,Сдаётся помещение на длительный срок. Подходит под торговлю пивом. Звонить строго с пн-пт с 10:00-15:00.,,22,2017-03-21,Private,7cb3bfb85ac4d6796d09efead0fc9762b1eef8d225f71204b6702be3dcd192b4,2271.0,0.3385
👉 1С и штрих-кассир (по желанию) /,,,,,,,,,,,,,,,,,
Фонарик 1Led/,,,,,,,,,,,,,,,,,
По указанному номеру днём писать смс,"звонить только после 18:00.\"",300.0,3,2017-03-23,Private,81180f5cbcbebfbbb81b3e9b1345dbc8e15c14db4b9704377fa4edece1c5337b,0.0,0.0,,,,,,,,,
/,,,,,,,,,,,,,,,,,
/,,,,,,,,,,,,,,,,,
/,,,,,,,,,,,,,,,,,
/,,,,,,,,,,,,,,,,,
/,,,,,,,,,,,,,,,,,
/,,,,,,,,,,,,,,,,,
/,,,,,,,,,,,,,,,,,
/,,,,,,,,,,,,,,,,,
/,,,,,,,,,,,,,,,,,
/,,,,,,,,,,,,,,,,,
/,,,,,,,,,,,,,,,,,
/,,,,,,,,,,,,,,,,,
/,,,,,,,,,,,,,,,,,
/,,,,,,,,,,,,,,,,,
/,,,,,,,,,,,,,,,,,
/,,,,,,,,,,,,,,,,,
/,,,,,,,,,,,,,,,,,
/,,,,,,,,,,,,,,,,,
/,,,,,,,,,,,,,,,,,
/,,,,,,,,,,,,,,,,,
/,,,,,,,,,,,,,,,,,
/,,,,,,,,,,,,,,,,,
/,,,,,,,,,,,,,,,,,
/,,,,,,,,,,,,,,,,,
/,,,,,,,,,,,,,,,,,
/,,,,,,,,,,,,,,,,,
/,,,,,,,,,,,,,,,,,
/,,,,,,,,,,,,,,,,,
/,,,,,,,,,,,,,,,,,
/,,,,,,,,,,,,,,,,,
/,,,,,,,,,,,,,,,,,
/,,,,,,,,,,,,,,,,,
/,,,,,,,,,,,,,,,,,
/,,,,,,,,,,,,,,,,,
/,,,,,,,,,,,,,,,,,
/,,,,,,,,,,,,,,,,,
/,,,,,,,,,,,,,,,,,
/,,,,,,,,,,,,,,,,,
/,,,,,,,,,,,,,,,,,
/,,,,,,,,,,,,,,,,,
daaecb960770,5eb538de1632,Татарстан,Казань,Личные вещи,"Одежда, обувь, аксессуары",Женская одежда,Рубашки и блузки,44–46 (M),Рубашка с кожаными элементами,Reserved,250.0,18,2017-03-25,Private,9337ab24c8ea40b2d00435c1f590855be47f02a12e2a7084c18be605f734b703,415.0,0.0
37bc8fe9230d,82a96987d0f8,Тюменская область,Тюмень,Недвижимость,Квартиры,Продам,1,Вторичка,"1-к квартира, 50 м², 4/10 эт.","Очень срочная продажа! Прекрасная комфортная квартира в кирпичном доме, расположенном в уюте современной городской жизни. Район улицы Фабричная в Тюмени, являющийся тихим центром нашего города, украшен маленькими улочками, брендовыми магазинами, кафе. Это поистине то место, где хочется жить. Жизнь в центре города позволяет пользоваться всеми её достопримечательностями. На площади 400-лет Тюмени можно провести время с детьми, встретиться с друзьями, а вечером насладится премьерой в самом большом театре России Тюменском драматическом театре. Архитектура фасада жилого дома выполнена из кирпича мягких оттенков. Белый, соломенный и персиковые оттенки органично вписываются в окружающую архитектуру, эффектно выделяя его среди других жилых домов. Просторные комнаты, высокие потолки, современная инженерия, деревянные евроокна все это является атрибутами комфортной жизни. Благоустроенное дворовое пространство, позволяет провести досуг не только его маленьким жителям, но и взрослому поколению. Территория жилого дома огорожена декоративным металлическим забором. Въезд во двор осуществляется через ворота с автоматическим приводом, открывающиеся с помощью пульта. На торцах дома установлены галогеновые прожектора, для освещения детской площадки и автостоянки. Цоколь, крыльцо дома и пешеходные тротуары облицованы плитами из натурального гранита. С уличной стороны тротуары выполнены из гранитной брусчатки. Вокруг дома высажены деревья и кустарники ценных пород, разбиты цветники и газоны. Внутренний номер предложения в компании - 179789",4200000.0,77151,2017-03-27,Shop,49815fcf16ffdb55836cf5978cc73332e49f8b11c5916956df09fcf60bdd7155,2217.0,0.04392
7734d3cae87a,76a7155eaab1,Самарская область,Сызрань,Личные вещи,"Одежда, обувь, аксессуары",Женская одежда,Платья и юбки,44–46 (M),Платье на выпускной,"Продаю платье. Одето было 1 раз на выпускной. В хорошем состоянии. Длина сзади ниже колена, спереди выше колена. Торг уместен",2000.0,24,2017-03-17,Private,da04689e58ccc2831959f7017c9b27fe3c51b806f40d9c112e3f731d299d149f,560.0,0.0
1c40d6949387,e90b612cc588,Алтайский край,Барнаул,Услуги,Предложение услуг,"Ремонт, строительство",Остекление балконов,,Отделка балконов и пластиковых окон,внутренняя и наружная  отделка балконов. лоджий.отделка окон,,69,2017-03-26,Company,ca90a011937a4a7fcd8897679f6f534ff29cf39291d48c3736d7420a6dd2038d,1409.0,0.6
52f363caa2f7,dbd3e60e5c4f,Иркутская область,Иркутск,Для дома и дачи,Бытовая техника,Для кухни,Холодильники и морозильные камеры,,Морозильный ларь zarget ZCF 165W,Общий полезный объем 150 л Встроенная лампаНизкий уровень шума 42 дБ Температурный режим ?-18°C 4 внутренние корзины Длительность хранения при отключении электроэнергии 16 часов Мощность замораживания 18 кг/24 часа,11500.0,657,2017-03-27,Company,9099cae2edb6aa7684a2c3df52d4b7e50dccb68d97f80094761a13ca99cc5f43,1790.0,0.0
c59371cf0efe,9234d3cf2af8,Самарская область,Тольятти,Недвижимость,Квартиры,Сдам,На длительный срок,1,"1-к квартира, 40 м², 4/9 эт.",С мебелью./,,,,,,,
Состояние нормальное /,,,,,,,,,,,,,,,,,
25d907329748,cb2202da4bdb,Саратовская область,Саратов,Личные вещи,Детская одежда и обувь,Для девочек,Платья и юбки,86-92 см (1-2 года),Кофточка и юбка,"Продаю 2 кофточки и юбку, джинсы- из одной коллекции, кофточка-200 ₽, юбка-200₽, джинсы",200.0,157,2017-03-21,Private,729b89bc8acf653ecba495fe3a406f030ff5aeb0fc8de3315c93970ac150f706,81.0,0.0
Колеса надувные,в комплекте есть насос!/,,,,,,,,,,,,,,,,
Классификация	Закаленное стекло SCHOTT CERAN® или EUROKERA/,,,,,,,,,,,,,,,,,
e360d791a626,c6df8f926fe2,Ярославская область,Ярославль,Личные вещи,"Одежда, обувь, аксессуары",Женская одежда,Обувь,39,Ботинки из натуральной кожи,Куплены в Испании....новые.,5800.0,32,2017-03-21,Company,df0e87c5cce125d188b11f5c42fe4ea179aa610c6136eb36c937a8f8295f73d9,88.0,0.0
9440056e56b6,8596a1240f9f,Алтайский край,Барнаул,Личные вещи,Детская одежда и обувь,Для девочек,Другое,,Пакетом,Продам большой пакет вещей для девочки от 0 и до года примерно.  От носков и до плавочек. Около 100 вещей в пакете.,1500.0,146,2017-03-18,Private,07898e7485572ec16918143c44c6d01732846f5e5be442814f0dc0cbef149545,41.0,0.0
Экран 4” – отличное,/,,,,,,,,,,,,,,,,
c67dc9769e8c,05cef78f7048,Свердловская область,Невьянск,Личные вещи,Товары для детей и игрушки,Игрушки,,,Машинки,две машинки за 250р третья в подарок все в отличном состоянии( как новые),250.0,76,2017-03-15,Private,2000b459eca8a5530ce3eaf08af340a19a2fa276fe64128f1d7167c617e6fc08,868.0,0.27307
5973625db27f,5714e1140940,Краснодарский край,Геленджик,Личные вещи,Детская одежда и обувь,Для мальчиков,Другое,,Комплект для новорожденного,"В комплект входит 8 предметов:шапочка,пинетки,слюнявчик, боди с длинным рукавом ,трусики , маечка,футболка,штанишки",350.0,11,2017-03-28,Private,c49a67b8d20c196091988e8e7b51488423b38b071caccb5754b2e6cd5f42fbd3,54.0,0.0
- Складские запасы. Готовы к отгрузкам сверх-больших объемов;/,,,,,,,,,,,,,,,,,
c6ebba98e6da,eb14e74140a0,Челябинская область,Челябинск,Услуги,Предложение услуг,Ремонт и обслуживание техники,Компьютерная техника,,Ремонт ноутбуков,"Срочный ремонт ноутбуков! Качественно, не дорого! Диагностика бесплатно!",,89,2017-03-17,Company,093b83be9ae29624267f65bf2b3516007e68af94bc78c90b41bac6056a14e9bd,2272.0,0.75
Кеды Зара плюс покупные орто стельки /,,,,,,,,,,,,,,,,,
Густой подшерсток,охранные качества./,,,,,,,,,,,,,,,,
f9efd0c9a1cf,c01f1a16bbaa,Воронежская область,Калач,Транспорт,Автомобили,С пробегом,ВАЗ (LADA),Kalina,"LADA Kalina, 2006",машина в хорошим сост,125000.0,1,2017-03-24,Private,673e21167d708d73a70b3e49c0a700e988a11b2697c465f3aeb454c678b13f2c,1118.0,0.47553
Код интерьера: TRY/,,,,,,,,,,,,,,,,,
"В подарок - две игрушки на коляску.\"",16000.0,7,2017-03-21,Private,15b5e5d2bc3db0138fa1549c8888e817782acb630e45376c11e7fdb51d59df9c,1002.0,0.0,,,,,,,,,,
68ee676ffd6d,bc44f8cdc366,Ставропольский край,Ставрополь,Хобби и отдых,Коллекционирование,Монеты,,,Монета,Цена догорная,,41,2017-03-15,Company,0f545a6c6a28ba592930ba36e856d39ec68071594609ec0bfb3d144682ecb65c,2419.0,0.0
Межсетевой экран (FireWall) - есть/,,,,,,,,,,,,,,,,,
Съёмный чехол Да/,,,,,,,,,,,,,,,,,
Штукатурка,шпаклевка,покраска,поклейка обоев,заливка полов,линолеум,ламинат./,,,,,,,,,,,
____________________________________________/,,,,,,,,,,,,,,,,,
8efd46e74053,1b5b14b3db25,Красноярский край,Красноярск,Личные вещи,"Одежда, обувь, аксессуары",Женская одежда,Платья и юбки,44–46 (M),"Красивое платье для беременных, бу",Праздничное кружевное платье для беременных/,,,,,,,
5d4a5981ca89,6750fc78d64b,Саратовская область,Энгельс,Недвижимость,Коммерческая недвижимость,Продам,Помещение свободного назначения,,"Помещение свободного назначения, 120.5 м²",Продается помещения  свободного назначения в Энгельсе  Центр. Общая площадь 120.5 кв.м.,6700000.0,2677,2017-03-24,Company,e39d6fba82ad564b6244888a3ae38a80b61c5615c3eb24263460fcd6edad2ed9,2221.0,0.024
d1cc11354200,39745fe4223a,Удмуртия,Ижевск,Хобби и отдых,Спорт и отдых,Зимние виды спорта,,,Лыжи motor,"состояние отличное, высота 170 см, также в комплекте идут ботинки, размер 36",1100.0,50,2017-03-19,Private,2bfc4604470846b007196849de61d0fe9051838ae9ce97f7b0786740e9f9a45f,2636.0,0.16039
": гарантийный талон + чеки и бумаги о проверки объектива\"",21500.0,75,2017-03-23,Private,ef1462bab0cd578323d8f3258598ae73cf47847aa30cc27cbd38df8b702f908e,2996.0,0.0,,,,,,,,,,
Мы гарантируем лучшее качество нашей бытовой техники в городе и крае! Приходите и убедитесь в этом лично!/,,,,,,,,,,,,,,,,,
08819da50cad,0b54f73fb1e4,Челябинская область,Челябинск,Личные вещи,Товары для детей и игрушки,Постельные принадлежности,,,Подушка ортопедическая,"Обычная ортопедическая подушка , не новая, можно постирать или обшить новой тканью",100.0,15,2017-03-22,Private,a451bdec24e3c77a4398cbafcaf1f167f4b9dd60fe6593b279732cadba71caa3,1009.0,0.0
48acf75d339b,0d22c7cbbfae,Владимирская область,Владимир,Личные вещи,"Одежда, обувь, аксессуары",Женская одежда,Обувь,37,Кожаные туфли (сандали) Bueno italy,"Продам кожаные туфли фирмы Bueno (Италия). Натуральная кожа внутри и снаружи. Размер 37, состояние идеальное. По-стельке 24см.",1700.0,202,2017-03-22,Company,a961b8ad90e05a79cb9c9255b654a97907b5e45dac8d982ab306c77198daf4bc,440.0,0.0
760a9588cd33,21acbdfc3394,Кемеровская область,Кемерово,Личные вещи,Детская одежда и обувь,Для мальчиков,Обувь,22,Демисезонные котировки Ricosta Pepino,"Германия, немного стерт носок. Стелька не вытаскивается, поэтому примерно 15см. Ножку вдеть легко, за счет удобного язычка.",500.0,11,2017-03-27,Private,e6ddc90ef4cf1681a9c17fd068edbbfb4dad35035c0ecdaebf1cad11741e9807,47.0,0.0
-ваниль /,,,,,,,,,,,,,,,,,
a884c2401693,07afc1e6e666,Татарстан,Казань,Недвижимость,Квартиры,Продам,1,Новостройка,"1-к квартира, 37 м², 6/10 эт.","\"Продам однокомнатную квартиру в новостройке в жилом комплексе \"\"Журавли\"\". Квартира с хорошей планировкой и с максимально полезным использованием каждого квадратного метра. Общая площадь - 36","96 кв.м. Во дворе спортивные площадки. Рядом метро Горки и Аметьево. Открыт Торговый центр \"\"Горки Парк\"\". Всё в шаговой доступности и отличнейшая транспортная развязка. Большое количество парковочных мест вокруг дома и на территории жилого комплекса. Так же есть возможность арендовать места на многоуровневой крытой парковке! Закрытая охраняемая территория. Отличный вариант как для жилья","так и для сдачи в аренду. Звоните! Номер в базе: 1449861. Район: Советский\"",2950000.0,12571,2017-03-23,Shop,c987b0a9e6e7bf50c0497445ec54a9342a169688f24dc023d58b3ef3675d3ca9
4b8f56455282,5b89a73916ec,Нижегородская область,Арзамас,Личные вещи,"Одежда, обувь, аксессуары",Женская одежда,Свадебные платья,44–46 (M),Свадебное платье,"Продам красивое и счастливое белое свадебное платье👰 В хорошем состоянии.Размер 44-46.Не венчанное ,только прибыло из химчистки.Юбка-атлас,карсет-атлас,кружево.Шлейф.Пояс съемный(на клепках),можно с ним и без него.8000 руб.Торг.",8000.0,3,2017-03-23,Private,3f0693680da9979d36c914e74e417266c9324f9923c6ee2260476c3cda5e2450,558.0,0.0
b2b58334b3f7,e22dac3e194d,Алтайский край,Барнаул,Личные вещи,"Одежда, обувь, аксессуары",Женская одежда,Обувь,38,Высокие кеды DC Shoes,"Продаю новые кеды DC (один раз одела) Пришли на заказ, но не подошли по размеру. Состояние отличное, легкие, удобные.",4500.0,6,2017-03-28,Private,1bcca0315b007489056fc7eff83ce4054ec4c1dca7e1356c9640f6e05f7e40fc,475.0,0.0
==========================================/,,,,,,,,,,,,,,,,,
Меняем на пластиковые,связи с этим продаем./,,,,,,,,,,,,,,,,
5da40232523a,42d598c275ba,Удмуртия,Глазов,Транспорт,Автомобили,С пробегом,ВАЗ (LADA),2107,"ВАЗ 2107, 2007","Продам либо обменяю. Много всего замена всех масел,ремонт ходовой, шумка, музыка капит. Ремонт, движка рвет, все горит все работает дно пороги хорошие борт комп небольшой торг",40000.0,1,2017-03-26,Private,186d68996b1f050f7b6c50a562039fcc6597b13b362d3d049091c67761429548,1132.0,0.30804000000000004
Разрешенная зона отдаления ребенка/,,,,,,,,,,,,,,,,,
- подушки безопасности и многое другое./,,,,,,,,,,,,,,,,,
"Перекупщиков и салоны прошу не беспокоить!!!!\"",1100000.0,10,2017-03-22,Private,6b9f28bd7308d5640b86cbea8618e5e96b23e1e3df87149a270b95e8acc3ccf8,1118.0,0.0,,,,,,,,,,
✔ Отличное качество и огромный ассортимент!/,,,,,,,,,,,,,,,,,
Стиль: бизнес/,,,,,,,,,,,,,,,,,
Сборка и установка./,,,,,,,,,,,,,,,,,
0d0f05582242,4d26c6eb9cb1,Волгоградская область,Волгоград,Для дома и дачи,Ремонт и строительство,Стройматериалы,,,Отводы,"Два по 90*, один 250 см., и полметра. Диаметр: 120см/",,,,,,,
936634fc8bbd,f0b09bb3dc31,Омская область,Омск,Бытовая электроника,Товары для компьютера,Мониторы,,,ЖК Монитор acer AL1751,ЖК Монитор acer AL1751,1500.0,30,2017-03-23,Private,c3b211789abdf9bbdc27e9b232866fbf0d0f127d647530a3f2fa50955188de5f,2849.0,0.0
10bef9eb5fdf,234bc887a956,Новосибирская область,Новосибирск,Для дома и дачи,Бытовая техника,Для дома,Утюги,,Утюг,Новый утюг на гарантии. Брак.,600.0,22,2017-03-22,Private,20f53f92ec5864b561ddaea02fa93bea241030a4dec3161710e0329ea00198a6,1953.0,0.07755
ЗВОНИТЕ ☎ и ПИШИТЕ ✉ прямо сейчас!/,,,,,,,,,,,,,,,,,
Глубина обнаружения,мм: 120/80/50/38;/,,,,,,,,,,,,,,,,
Прочие характеристики/,,,,,,,,,,,,,,,,,
d53947ecce96,c8d186aa8a73,Свердловская область,Екатеринбург,Личные вещи,"Одежда, обувь, аксессуары",Женская одежда,Обувь,39,Сапоги женские Nordman,Новые женские резиновые сапожки с утепляющим флисовым вкладышем Nordman Alida. Модель отличается удобной сплошной подошвой с особым рифлением.  Сапожки выполнены  из водонепроницаемого устойчивого к истиранию материала. Ширина голенища оптимальна для удобного обувания./,,,,,,,
9fb9d01be3ba,141c9222c3ac,Омская область,Омск,Личные вещи,Детская одежда и обувь,Для мальчиков,Трикотаж,98-104 см (2-4 года),Майка Пеликан на 4 года,В отличном состоянии. Район - МСЧ-9,150.0,79,2017-03-19,Private,d48b4436e6a6137d1d4406d6ac1fa7a536c90bd1a076659ae5012292dcdd7441,60.0,0.0
Материал: велюр,шинилл,флок,жаккард/,,,,,,,,,,,,,,
40c7e171681e,9ede6082f90f,Ростовская область,Ростов-на-Дону,Бытовая электроника,Телефоны,Sony,,,Sony Xperia M4 Aqua Dual (E2312),"Телефон в отличном состоянии!!! На гарантии , куплен 12.07.16    В комплекте коробка, документы, з/у, чехол, чек/",,,,,,,
Цена указана за 1 шт./,,,,,,,,,,,,,,,,,
— Гидравлическое управление подборщиком;/,,,,,,,,,,,,,,,,,
7298afa893a9,3da76d62fa2b,Кемеровская область,Новокузнецк,Личные вещи,Детская одежда и обувь,Для мальчиков,Обувь,22,Ботинки,"Детские ботинки весна-осень, размер 22, новые!",800.0,62,2017-03-21,Private,cb57383a0513b03c36bd956fc250564cf65e9adecd73bc04b9abb0506c3baf93,47.0,0.0
по телефону/,,,,,,,,,,,,,,,,,
ad0d886b39b7,0334dd7ed15e,Воронежская область,Воронеж,Личные вещи,Детская одежда и обувь,Для девочек,Платья и юбки,110-116 см (4-6 лет),Платье 110см,"Не хватает нескольких страз, легко приклеить.",100.0,196,2017-03-17,Company,c1e1190d10462367f8604c4d663d355f2ad972bce0e7914804ce0901d42cd809,82.0,0.0
"Размеры тренажера в собранном виде (Д х Ш): 180 х 132 см.\"",65700.0,53,2017-03-20,Company,9236cf370e07c2c260cb9a4e9adf1e23d3e1392134cde1779ccda574e60723a2,1346.0,0.0,,,,,,,,,,
44898ee90ff3,e69aae09b58e,Свердловская область,Екатеринбург,Для дома и дачи,Мебель и интерьер,Текстиль и ковры,,,Ковер,Примерно 3.6х6.4 +-/,,,,,,,
0550c0fbff06,c5b2a15bd638,Белгородская область,Старый Оскол,Животные,Собаки,Лайка,,,Щенки (западно сибирская лайка),Продам щенков (западно сибирская лайка).,3500.0,41,2017-03-21,Private,0b0fce2b81a3da77ff5090b6c0b31ea8a72832700a76ddd2155c0af64ac68dc4,2094.0,0.0
Вес кровати - 6 кг/,,,,,,,,,,,,,,,,,
-овальная кроватка 125х75см (от 5 месяцев до 4 лет)/,,,,,,,,,,,,,,,,,
fad628b0e8ab,2dca92532e15,Свердловская область,Екатеринбург,Транспорт,Автомобили,С пробегом,ГАЗ,31105 Волга,"ГАЗ 31105 Волга, 2007","Машина на ходу,двигатель крайслер есть вариант по запчастям",80000.0,3,2017-03-19,Private,ef4ae9f7fe3e01ed30967d8205f8a301bc46cfcb6946c322b2d8a8499fffea3c,2264.0,0.7376
Работаем с 1995года/,,,,,,,,,,,,,,,,,
"—  Размер упаковки: 75 х 65 х 180\"",65000.0,72,2017-03-27,Company,7568057d3d66caf41672a554bb8a06400041879f5977408ee4950445297d8bef,2568.0,0.0,,,,,,,,,,
• корма для аквариумных рыб,черепах,моллюсков,креветок и др./,,,,,,,,,,,,,,
dcf95c14155a,b1b040c9bbb0,Челябинская область,Челябинск,Личные вещи,Детская одежда и обувь,Для девочек,Трикотаж,98-104 см (2-4 года),Детская кофта,"Вязаная кофта. Теплая, на флисе. Модная, яркая вещь для вашей принцессы.",500.0,97,2017-03-24,Private,a232fcdb1125b6dd6f8287f5abb8ffad85d483a8513ea5215320446292c8143d,112.0,0.0
"↓ ↓ ↓ ↓ ↓ ↓ ↓ ↓ ↓ ↓ ↓ ↓ ↓ ↓ ↓ ↓ ↓ ↓\"",370.0,3715,2017-03-15,Shop,c918c00eaec6bfba0ee11ca93cd17d77e22f02c0f283ea5d73c4da593ad53d55,952.0,0.0,,,,,,,,,,
Кондиционер/,,,,,,,,,,,,,,,,,
Диаметр колеса: 10 дюймов (25,4 см)/,,,,,,,,,,,,,,,,
2843bff2fdf5,5e1fa7dbe82e,Ростовская область,Ростов-на-Дону,Личные вещи,"Одежда, обувь, аксессуары",Женская одежда,Джинсы,26,Джинсы,,900.0,54,2017-03-17,Company,fa11d3f3be27442eabb5c2c4db235103c3b1c5492ca101a983b0c0058973a675,567.0,0.0
Размер : 60 / 90 / 60 см./,,,,,,,,,,,,,,,,,
"Заказывали  через интернет- магазин.\"",3850.0,43,2017-03-27,Private,b5f206a51cecbb129cf58d786061974f495c62d889ff4d56c549c22011860fda,1004.0,0.0,,,,,,,,,,
чехлы,коврики,"сигнализация\"",235000.0,8,2017-03-27,Company,300c2bbdc52a0a4e13905b04bb73f953d607fcc720f52db12308c1781e347985,2264.0,0.01232,,,,,,,,
6005b9ba4cb5,cede6743e0fa,Иркутская область,Ангарск,Бытовая электроника,Телефоны,Аксессуары,Чехлы и плёнки,,Samsung galaxy A5 2016,Чехол селекон новый.,250.0,315,2017-03-17,Company,70edf0a4df6764661aacbf295a4cb6c38bb4163739e3a2973ede52ec5d05091d,2909.0,0.0
"Могу переслать в любой город\"",13990.0,27,2017-03-26,Company,2d0263fb42ab197567a836a4b2297ec3cea0053b4ca4285e0c6a5198d179a210,2877.0,0.0,,,,,,,,,,
Почему такие цены?/,,,,,,,,,,,,,,,,,
-----------------------------------/,,,,,,,,,,,,,,,,,
0e28bd0b5881,2cdaedee16a8,Калининградская область,Калининград,Личные вещи,Детская одежда и обувь,Для мальчиков,Обувь,27,"\"Кроссовки \"\"puma\"\"\"","Новые, по стельке 17,8см. Оригинал, с немецкого сайта.",1500.0,9,2017-03-18,Private,f8d2b251842ae9ba6bf6160a1219dadb2caddf68e20a2c6367efa25ad8b8ca8e,638.0,0.0
"Любые проверки.\"",850000.0,33,2017-03-17,Company,7b0c128c8937b5f0a540ad9bbc781963dbd8b32e60fbd0202f02b50a83e2a43e,1118.0,0.01696,,,,,,,,,,
300 руб/,,,,,,,,,,,,,,,,,
a5a65c0488a3,1cb3feafdd38,Оренбургская область,Оренбург,Бытовая электроника,Товары для компьютера,Комплектующие,Контроллеры,,PCI 4+2 USB,Контроллер расширения PCI Gembird UPC-20-6P 4+ 2 port USB 2.0,400.0,12,2017-03-19,Private,9f7cdd28197a03fed98c1ed7ddbda9d6d6f201a380e35516dd252e67464e2e05,2861.0,0.0
8f4ffa2b2ffa,516751bed7c2,Нижегородская область,Нижний Новгород,Транспорт,Автомобили,С пробегом,Audi,A6,"Audi A6, 2006","Продам Ауди а6 2006 года, 2,4, 177 лс, автомат, спорт режим, кожаный салон, электропривод сидений, электростеклоподьемники, кондиционер, подогрев всех сидений, масло фильтра и колодки меняли в начале года, летняя резина с литыми, зимняя оригинальная штампованная Ауди. Торг при осмотре.",600000.0,3,2017-03-26,Private,fa0cb7c5302176b6c5111a32d3d1dbd4d9b6f8e9ca32c4e47c696ca122b69ffe,1132.0,0.05118
14de271f8b28,32d95d4688b1,Самарская область,Самара,Личные вещи,Детская одежда и обувь,Для мальчиков,Верхняя одежда,74-80 см (7-12 мес),Куртка-весна р74-80.(Adidas).Новая,куртка-весна яркая; р74-80 (Adidas) Новая!,1000.0,2714,2017-03-28,Company,7ddc1bc06f88f800b69ce8ac219e4395cfd989c350de6aff73847177e6510548,51.0,0.0
Параметры питания 220-240в 50Гц./,,,,,,,,,,,,,,,,,
5e216deea2e8,51a356d848ce,Челябинская область,Челябинск,Личные вещи,Детская одежда и обувь,Для мальчиков,Верхняя одежда,50-56 cм (0-2 мес),Демисезонный комбинезон 'New Baby' 0-4 и шапочка,"Демисезонный комбинезон 'New Baby' от 0 до ≈4 месяцев и шапочка В ПОДАРОК! Можно и мальчику, и девочке./",,,,,,,
"Гарантия 5 лет!!\"",,449,2017-03-20,Company,3ebfcd5d7b7adb44aeeca10815607bca755d4f63799ba936813c141010de2d85,1296.0,0.0,,,,,,,,,,
Сиденье на уровне поддона /,,,,,,,,,,,,,,,,,
4 бокса по 20 кв м. Свет вода(скважина)/,,,,,,,,,,,,,,,,,
cf37c77c02f3,092e434bb56b,Ярославская область,Ярославль,Личные вещи,Красота и здоровье,Парфюмерия,,,Женская туалетная вода dolcegabbana Light Blue. В,Женская туалетная вода Light Blue от DOLCE&GABBANA. В наличии.,550.0,41,2017-03-19,Private,6b8a99529092f30c64d08418ddf666279383d85bf0052de2d5cfbdaa612232f2,769.0,0.0
"Район Спартановка.\"",500.0,201,2017-03-16,Private,ebfbfdc1aaf9f356af8725c6cf172c54fc19e7604ec448af9109a10f8ade875c,882.0,0.0,,,,,,,,,,
"С радостью поможем Вам!\"",490.0,1056,2017-03-27,Shop,7d5d3253f5dbedd242dc361afe111892986d89acbfcac0669df3e5a36aedfcb3,2870.0,0.0,,,,,,,,,,
Простой механизм складывания и раскладывания коляски/,,,,,,,,,,,,,,,,,
Состояние очень хорошее,за исключением того,что сзади на спине нет одной строчки. Что достаточно легко можно исправить./,,,,,,,,,,,,,,,
Огромная иллюстрированная энциклопедия. Идеально подойдет для художников-модельеров и просто любителей моды. /,,,,,,,,,,,,,,,,,
Возможность размещения вывески на фасаде здания./,,,,,,,,,,,,,,,,,
"Б/У (ТОРГ)\"",4200.0,349,2017-03-28,Company,e7ffbcc0c4205b66f051ce65a2d628e1bedec1a91bd6333d7d53c13ff8a1399a,2924.0,0.0,,,,,,,,,,
2fcee906ce21,2e9afacea336,Башкортостан,Нефтекамск,Хобби и отдых,Коллекционирование,Другое,,,Поднос судовой,"Старинный судовой поднос с клеймом. Размер 22 х 32 см., вес 850 грамм.",8000.0,472,2017-03-18,Company,8be8280790a307ab30ae9432f1ecd0fce8e093f0d110d2b64d7ea19f69bf4625,1620.0,0.0
Гарантия    12 месяце­в/,,,,,,,,,,,,,,,,,
— Быстрый доступ к щеткам;/,,,,,,,,,,,,,,,,,
Ориентир Улиц : Маточкина,Согласия,Челнокова,Горького,Гайдара,Советский проспект,Фермора,Островского. /,,,,,,,,,,
848ae0d8fd8c,7a726cae54fd,Ростовская область,Новочеркасск,Личные вещи,"Одежда, обувь, аксессуары",Женская одежда,Платья и юбки,46–48 (L),Джинсовая юбка в идеальном состоянии,"Продаю джинсовую юбку. Состояние отличное! Одевала пару раз, сейчас похудела и юбка стала большая.",500.0,36,2017-03-25,Private,0228f9b1ca0267b75d10b9fc3512821043d197d43600dced99882f09cfc774c6,377.0,0.0
8f6fd8114561,37a1a18deed7,Краснодарский край,Сочи,Недвижимость,Квартиры,Продам,Студия,Вторичка,"Студия, 25 м², 3/8 эт.","Продаю квартиру с ремонтом и мебелью. Дом сдан и полностью заселён. Статус квартиры. Электрический котёл, коммуникации центральные. Лифт. Все вопросы по телефону.",2600000.0,2924,2017-03-28,Shop,360d403661107bbad9f779fb951980289947be0ac2fc14db040a9bc55466a074,2220.0,0.01629
7dacdb8dc223,00c1c208ef6f,Пермский край,Пермь,Личные вещи,"Одежда, обувь, аксессуары",Женская одежда,Джинсы,26,Джинсы Moschino,"Продам джинсы Moschino Love в идеальном состоянии, надевала несколько раз. Талия занижена. Спереди высота подъема- 18 см, сзади глубина- 27 см. По бёдрам (не в одетом виде) - 81-82 см. По внешнему шву- 101 см, по внутреннему- 80 см",600.0,149,2017-03-19,Private,b07117c562ee5a1ce23a3789a66b245632ba6addd1b6e86f8b493e6bf2ce8462,567.0,0.0
015e1a2c6d99,6dce9ae4385a,Краснодарский край,Анапа,Для дома и дачи,Бытовая техника,Для кухни,Плиты,,Газовая плита,"Продам газовую плиту, б/у, 4 комфорки.",2000.0,2,2017-03-22,Private,3f6f2bc105f3bf660e775cdd500e95e20008c19bb98ee3d0ccd8f4f9937166ea,1784.0,0.86521
без первоначального взноса!/,,,,,,,,,,,,,,,,,
**********************************************************************/,,,,,,,,,,,,,,,,,
Размер - 42-44/,,,,,,,,,,,,,,,,,
Кредит / Рассрочка/,,,,,,,,,,,,,,,,,
- Время работы: КРУГЛОСУТОЧНО./,,,,,,,,,,,,,,,,,
e2f759255159,4206934293c8,Пермский край,Пермь,Хобби и отдых,Спорт и отдых,Другое,,,Самокат trolo pixel,Новый городской самокат из серии Trolo LUX отличается высоким качеством элементов и сборки. Двойная амортизация (передний+задний амортизаторы) в совокупности с большими (200мм) полиуретановыми колесами обеспечивают мягкую комфортную поездку даже на тротуарной плитке или неровных городских улицах. /,,,,,,,
cb29f7e068be,141b776f473e,Новосибирская область,Новосибирск,Недвижимость,Гаражи и машиноместа,Сдам,Гараж,Кирпичный,"Гараж, 20 м²","Сдам капитальный гараж в ГСК Прогресс-01. Въезд и выезд по электронным пропускам, видеонаблюдение, пожарная сигнализация. Сделан ремонт.",3000.0,10,2017-03-21,Private,72cec69243d36c1f6df25058202756b94cbf04d7fb46c62dc8bda55d1980f051,1282.0,0.0
2bfbc69fb43c,4a0097a264e7,Ханты-Мансийский АО,Сургут,Личные вещи,"Одежда, обувь, аксессуары",Женская одежда,Верхняя одежда,46–48 (L),Желетка,Руководство съемные.,10000.0,143,2017-03-24,Company,aacdeb63ed4500d0b6a6d73e59076c805883de46d285eca4de02d2d424c54990,667.0,0.0
37902f11f323,d3658763187b,Нижегородская область,Нижний Новгород,Личные вещи,Красота и здоровье,Средства гигиены,,,Тест на овуляцию Clearblue Digital,"Самый лучший и точный цифровой тест на овуляцию! Определяет 2 лучших дня для зачатия малыша. Тест совершенно новый, всё запечатано, не вскрыто и не порвано. Корпус тест модуля, 7 полосок для тест модуля, инструкция, всё в таком же нетронутом виде, в каком продаётся в аптеках. Покупался за 1300₽.",1000.0,15,2017-03-15,Private,e84431414db0d3cb83b8b7e12d1b425e69b5b85297749e58284bc7e4d72bb276,1920.0,0.0
В этой книге Яна Франк рассказывает,как стать коммерческим иллюстратором,"и раскрывает всю \"\"кухню\"\" этой работы: объясняет",с чего начать и куда стремиться,как составить портфолио,где найти клиентов и как с ними работать,подробно разбирает маленькие картинки и большие проекты,делится техническими хитростями и пошаговыми рецептами создания изображений. А кроме того,раздумывает о неочевидных проблемах профессии иллюстратора. /,,,,,,,,,
3f14d71fdcf0,df983ba3e089,Челябинская область,Пласт,Личные вещи,Детская одежда и обувь,,,,Комбинезон,"одевали один раз, не подошел по размеру, на рост 70-74 см.",600.0,13,2017-03-22,Private,7bc2870f905724ef6dd19ca611cea8976b5e5f9f2e8d74b71132908d53633df6,42.0,0.0
Проживание,питание,лечение по назначению врача здравницы./,,,,,,,,,,,,,,,
215 000 ₽/,,,,,,,,,,,,,,,,,
"Voltage	1.8\"",300.0,2,2017-03-21,Private,7e5e755b13c99f878371150fbd5ff3be863dab7c4a1b4a64a002ee382fbe7e29,2853.0,0.0,,,,,,,,,,
9b9b131f3564,852159509d9e,Омская область,Омск,Для дома и дачи,Ремонт и строительство,Сантехника и сауна,,,Мембрана для гидроакумулятора-расширителя,мембрана для гидроакумулятора Wester 100 литров новая,1500.0,18,2017-03-16,Private,f54958223372b0ee0f7d541139d14e55cef5b67003f3e21885b854c7021a9e61,2331.0,0.0
Легко и компактно складывается. Удобно для транспортировки и хранения./,,,,,,,,,,,,,,,,,
Наличие удара: безударный/,,,,,,,,,,,,,,,,,
Обращаться /,,,,,,,,,,,,,,,,,
4/,,,,,,,,,,,,,,,,,
- Установка полотенцесушителя /,,,,,,,,,,,,,,,,,
Почта /,,,,,,,,,,,,,,,,,
Стекло отличного качества /,,,,,,,,,,,,,,,,,
1d89e8060f2b,01675dd6b0e5,Краснодарский край,Новороссийск,Личные вещи,"Одежда, обувь, аксессуары",Женская одежда,Брюки,44–46 (M),Лосины,"Новые лосины. В наличии, Новороссийск. Отправка в другие города. Размеры 40, 42, 46.",1900.0,57,2017-03-25,Private,1908052589974650b6caba0ae6e9d48f7d42c2e864fa66631cc7172c7693e65e,580.0,0.13301
— большой выбор качественных,оригинальных аксессуаров от официальных дистрибьюторов./,,,,,,,,,,,,,,,,
Глубина вытяжки	300 мм/,,,,,,,,,,,,,,,,,
- бренд-бук (все необходимые макеты дипломов,лайтбоксов,фирменных тетрадей,визиток и т.д.);/,,,,,,,,,,,,,,
_________/,,,,,,,,,,,,,,,,,
2ab6fc65b182,78d9b5c0bf36,Ростовская область,Ростов-на-Дону,Услуги,Предложение услуг,"Транспорт, перевозки",Переезды,,Грузоперевозки,"Переезды,вывоз ст.мусора,грузчики.",500.0,2,2017-03-27,Private,cf99fc235a041ad4cbaa039d3ef44b12dc2039db67ba208286e1a6a6b4561fd9,2376.0,0.5
В комплекте сам телефон и зарядное устройство./,,,,,,,,,,,,,,,,,
Платежи через ПС «Рапида»,контракты сотовых операторов,комплекты «НТВ-Плюс» и другого спутникового телевидения,товары бренда «Открытие»;/,,,,,,,,,,,,,,
2e770215edf8,f7516efb2b75,Омская область,Омск,Бытовая электроника,Телефоны,Sony,,,Sony Xperia XA Dual,Продам телефон Sony Xperia XA Dual./,,,,,,,
Ламинированные боковые стекла /,,,,,,,,,,,,,,,,,
8e4865041175,9ecb2aa97cea,Ростовская область,Новочеркасск,Личные вещи,Детская одежда и обувь,Для мальчиков,Трикотаж,62-68 см (2-6 мес),Кофточки 68р,"В идеальном состоянии, есть много одежды до 80р",150.0,279,2017-03-19,Company,418c479412b4ba3a16d105008f7afeea5e9005ce57d2fde338fbd07deea45b00,66.0,0.0
• конструкция для фронтального монтажа на стене или/,,,,,,,,,,,,,,,,,
офис Стройгородок./,,,,,,,,,,,,,,,,,
f55db02ae502,01fcfd2a50e6,Ханты-Мансийский АО,Сургут,Транспорт,Автомобили,С пробегом,Audi,Q5,"Audi Q5, 2009",Audi exclusive line/,,,,,,,
fea9cd642d40,6c491470e71a,Оренбургская область,Оренбург,Личные вещи,Детская одежда и обувь,Для девочек,Платья и юбки,110-116 см (4-6 лет),Платье на 5 лет,б/у в идеальном состоянии,300.0,127,2017-03-25,Private,b309a1af304c17e7859aedb8711a29222581b025e8eed98b94db78f77b54677e,108.0,0.0
-Проектирование системы автополива;/,,,,,,,,,,,,,,,,,
— аккумулятор 1950 мА⋅ч/,,,,,,,,,,,,,,,,,
Датчики: приближения,освещённости,микрогироскоп,датчик атмосферного давления/,,,,,,,,,,,,,,
c3abfc4d1562,4e144c87e6ff,Краснодарский край,Анапа,Недвижимость,Квартиры,Продам,1,Вторичка,"1-к квартира, 44 м², 12/13 эт.",Квартира (ID - 17516)/,,,,,,,
Вес [кг] 177 и 200/,,,,,,,,,,,,,,,,,
d361086b58f7,6aacb151631a,Краснодарский край,Краснодар,Личные вещи,Детская одежда и обувь,Для мальчиков,Другое,,Пиджак на мальчика),На рост 86 см ниразу не одевали.,500.0,27,2017-03-26,Private,d90c67fe02132a42a48a75e44926e8a9798854a0fa7259db0f2f49414394fbf1,125.0,0.0
d64ec057955d,64a9eb693714,Свердловская область,Карпинск,Личные вещи,Детская одежда и обувь,Для девочек,Платья и юбки,62-68 см (2-6 мес),Сарафан,,150.0,14,2017-03-26,Private,0f1b93b2cd2234c33579349fb2193d69c9389c3d0d0b07aa6ab6a90f6140de69,106.0,0.0
912ae7119002,03686643a867,Воронежская область,Воронеж,Услуги,Предложение услуг,"Ремонт, строительство",Отделочные работы,,Металлические входные группы.лестницы,Изготовление металлических входных групп.лестниц.,,9,2017-03-27,Private,451c956121179aba495c64e1f338e2ffeca4b020f8df92d77834453aee867c63,2218.0,0.0
LTN156AT01 - 2400/,,,,,,,,,,,,,,,,,
235bfb5f4e68,344e482a4a3f,Ростовская область,Ростов-на-Дону,Недвижимость,Квартиры,Сниму,На длительный срок,2,Сниму 2-к квартиру,Без мебели.мебель своя.с хорошим евроремонтом​.в отличном состоянии.Желательно в новом доме/,,,,,,,
a18715350a1f,1b4d73436b93,Челябинская область,Челябинск,Личные вещи,Товары для детей и игрушки,Детские коляски,,,Подножка для второго ребенка,"Универсальная, подходит всем коляскам. После 1 ребенка, состояние отличное👍🏻",2000.0,96,2017-03-26,Private,efc813246a9ae5acd3c76d59f5347db76da197a76c014007be668846724e54e8,1140.0,0.80323
💰 Только в феврале💰/,,,,,,,,,,,,,,,,,
цена под ключь,с качественной отделкой и камином,учтением ваших пожеланий. 3.8млн.р. /,,,,,,,,,,,,,,,
МЫ ТАК ЖЕ ВСЕГДА ЖДЕМ ВАС У НАС В ОФИСЕ,ЧТОБЫ ПРИНЯТЬ ВАШ ЗАКАЗ ЛИЧНО ПО АДРЕСУ: КРАСНОДАР,УЛ. УРАЛЬСКАЯ,144,ЛИТЕР Д (13/1),3-Й ЭТАЖ,ОФИС 19/,,,,,,,,,,,
Основные возможности:/,,,,,,,,,,,,,,,,,
"Красивый и статный  \"\"ДОМ-КНИЖКА\"\" 16/02",рядом с мэрией и главной площадью Набережных Челнов. На которой проводятся праздники и ставится главная новогодняя елка!/,,,,,,,,,,,,,,,,
"28-29р.\"",500.0,3,2017-03-26,Private,bf5c12bb8637f86ccbfd9694671dd6574633a9a98a66b8e3ef9db9171f686917,47.0,0.0,,,,,,,,,,
• Навигация GPS,A-GPS,ГЛОНАСС,BeiDou/,,,,,,,,,,,,,,
15.8-петли (2шт.)/,,,,,,,,,,,,,,,,,
328264b0eb9b,21c773f61f9b,Волгоградская область,Калач-на-Дону,Личные вещи,"Одежда, обувь, аксессуары",Женская одежда,Платья и юбки,44–46 (M),Юбка,Новая. Не подошла по размеру. Юбка 70 см.,400.0,18,2017-03-24,Private,ba772e00d65852a0b52f4df4f04a209783b3979d66397cd2b86c6e0c3d02b671,374.0,0.0
ПРИХОДИТЕ И ВЫБИРАЙТЕ!/,,,,,,,,,,,,,,,,,
Данный Lenovo TAb A10-70L 16Gb,а также другие модели находятся в магазине на Щорса 96 /,,,,,,,,,,,,,,,,
e475c66f39e1,ea9374f172bf,Омская область,Омск,Личные вещи,Детская одежда и обувь,Для мальчиков,Обувь,22,Ботиночки демисезонные,,250.0,47,2017-03-21,Private,6e5f6f19fb4b9f104d20fb28b0d6944bb3613eb88cdde10c51fb0e1d17106592,88.0,0.80323
В чем же причина высокой популярности? Конечно,множество преимуществ этих функциональных элементов: /,,,,,,,,,,,,,,,,
005ab4aa2df8,1ad631c46e25,Татарстан,Казань,Личные вещи,Детская одежда и обувь,Для девочек,Комбинезоны и боди,86-92 см (1-2 года),Комбинезон,"Джинсовый легкий комбинезон, подойдёт и девочке и мальчику. Next. На 12-18 мес. Тонкий, комфортный, 100% хлопок. Расстегивается между ножек, удобно менять памперс.",400.0,50,2017-03-27,Private,dc3dbb49de5aaef335edb8550235176e4c28479374c82f2536f1ea6162a18560,42.0,0.0
Питание/,,,,,,,,,,,,,,,,,
a0e11275f604,f323effc64b7,Краснодарский край,Краснодар,Личные вещи,"Одежда, обувь, аксессуары",Мужская одежда,Трикотаж и футболки,46–48 (M),Футболка Just cavalli оригинал Италия,"Футболка Jast cavalli, оригинал, куплена в аутлете Италии, размер по маркировке М. Почта по предоплате",3000.0,72,2017-03-22,Private,99787fd84c132d5d56524a93ec7c542c8ce964694e31f6fe5f864a46c0efe6d0,632.0,0.80323
Плотно прилегающая изогнутая форма линз для повышенной защиты/,,,,,,,,,,,,,,,,,
Рост 156/,,,,,,,,,,,,,,,,,
36396a324d2a,deca432bb5c9,Алтайский край,Михайловское,Личные вещи,Товары для детей и игрушки,Игрушки,,,Робот,,100.0,6,2017-03-27,Private,2fbcbe76642b8b8b61b53af5c643b25fe33e2fc571f6f055df0480fa889d4a97,889.0,0.0
1f92c4c67401,b2f33d77e08a,Свердловская область,Екатеринбург,Личные вещи,Товары для детей и игрушки,Детские коляски,,,Кодяска рико sport,"Кодяска сезона рико, польское качество , проходимые уолесв и лучшая армотизация/",,,,,,,
Жесткий диск 320 гиг. DVD пишущий/,,,,,,,,,,,,,,,,,
f9651d79299c,39e0eb18c456,Омская область,Омск,Личные вещи,Детская одежда и обувь,Для девочек,"Шапки, варежки, шарфы",,Шапка,Цена за одну. Если все сразу - по 100₽,150.0,65,2017-03-23,Private,92cc24bedbd2426c4b12ca8a0ecc1455bcb009ede2d4ac5efbca948dfb43ab85,101.0,0.0
c348d3b9c4c5,5a8451075892,Саратовская область,Саратов,Личные вещи,Детская одежда и обувь,Для мальчиков,Трикотаж,122-128 см (6-8 лет),Водолазка,"продам водолазку, размеры: рукав - 44 см, спинка - 43см",100.0,140,2017-03-27,Company,4a1475ec9948e082cad23f726f85a98c6f5b58f34111efa8886b24f50f57a03c,62.0,0.0
Передняя резина новая на штампах зима,задняя прошлогодняя без шипов липа/,,,,,,,,,,,,,,,,
-2 теплицы;/,,,,,,,,,,,,,,,,,
920df09f74b4,7ee18af96bad,Краснодарский край,Павловская,Животные,Аквариум,,,,Самки петушка,"Размер 3,5-4 см.",60.0,17,2017-03-18,Private,ab0402ca1478fcde7f3b6149e839ee493ac28097209d008dc17f2a0451c33d4b,2011.0,0.0
Оперативной памяти 4Gb/,,,,,,,,,,,,,,,,,
***ЛЕНИНСКИЙ РАЙОН: Ленина 66,офис 114,1 этаж,вход с ул. Пермская с торца здания,работаем в будние дни с 11-19,выходные с 12-18./,,,,,,,,,,,,
6ef019231695,43b070c3ca22,Челябинская область,Магнитогорск,Услуги,Предложение услуг,"Транспорт, перевозки",Коммерческие перевозки,,Грузоперевозки город -межгород,"Перевезу грузы наавтомобиле Мицубиси Кантер до 5т.Размеры кузова,длина 6.10 ширина 2.46 ,высота 2.50,загрузка верхняя ,боковая ,задняя.Обьем кузова 36 кубов.",,5,2017-03-22,Private,46ee991fe1ccbd067e04623093bbc5b6ed77fa42f8ee68aff82046fa3da856d1,1056.0,1.0
c37d408c5ab8,ecb6314271bf,Белгородская область,Белгород,Личные вещи,Красота и здоровье,Средства гигиены,,,Уропрезервативы Coloplast,"Продам уропрезервативы, 110 штук, артикул 5205, диаметр 35 мм, самоклейки. Цена за 1 штуку",30.0,3,2017-03-26,Private,,,0.80323
Дополнительно всю информацию уточняйте по телефону. Мы рады ответить на все Ваши вопросы. Также вы можете посетить наш сайт,на котором представлены все доступные для покупки автомобили./,,,,,,,,,,,,,,,,
49be867722f2,1c45d087a8ae,Красноярский край,Красноярск,Для дома и дачи,Посуда и товары для кухни,Товары для кухни,,,Набор для соли и перца,,300.0,108,2017-03-24,Private,d7e8eae9d44948530c66341c56f8ea75ffa70c6b45e78f5e4c7338615255c949,1588.0,0.0
Материал корпуса фронтальных колонок/сателлитов пластик/,,,,,,,,,,,,,,,,,
"Арсенал \"\"Второе дыхание\"\"/",,,,,,,,,,,,,,,,,
766aa9e22126,2fab40066b06,Омская область,Омск,Личные вещи,Детская одежда и обувь,Для девочек,Верхняя одежда,62-68 см (2-6 мес),Плюшевый комбинезон,Комбинезон в отличном состоянии.,1000.0,8,2017-03-24,Private,8eb19f8ca977604ef729f1bb964f25072a28e9451930e4499acec52c68f97cb4,42.0,0.0
123fe823d151,a8de1e67119c,Волгоградская область,Волгоград,Для дома и дачи,Ремонт и строительство,Инструменты,,,Трос буксировочный,новый,100.0,35,2017-03-28,Shop,c5757c89ce18a0e8c7b49ff997f167598a478e6b2df77057ccd229b4a3c68a39,2619.0,0.86521
Расстояние между задними колёсами: 47 см./,,,,,,,,,,,,,,,,,
- класс защиты насоса:IPX8 /,,,,,,,,,,,,,,,,,
Тип помпы Для чистой / слабозагрязненной воды/,,,,,,,,,,,,,,,,,
"1-к квартира от застройщика в жилом сданном доме Салмышская стр.1 по адресу: Салмышская 43/5 ( этаж) ДАННАЯ ПЛАНИРОВКА ПРЕДСТАВЛЕНА НА РАЗНЫХ ЭТАЖАХ. Приглашаем Вас посетить новостройку от центра недвижимости \"\"\"\"АВЕГА\"\"\"\" на Салмышской и совместить выбор квартиры с получением консультации по интересующим Вас вопросам. После экскурсии оставить за собой бронь на свободную квартиру./",,,,,,,,,,,,,,,,,
Процессор - intel Core i3 2.40GHz 4 ядра/,,,,,,,,,,,,,,,,,
• Тип подключения: беспроводной (+проводное подключение)/,,,,,,,,,,,,,,,,,
460a996a123b,1cec4a217cac,Кемеровская область,Кемерово,Личные вещи,"Одежда, обувь, аксессуары",Аксессуары,,,Букет невесты,"Девушки невесты и не только, делаю на заказ букеты из  фоамирана, он может быть как основным, так и дублер.  Также для подружек невест могу сделать повязки на руку , заколки . Работаю и с вашими предложениями. Цвет можно подобрать к тематике праздника .",,255,2017-03-22,Private,4b9b0787bdf13d6c259f4bad73f3a94800d6ecb3821011a6bfa35e0d7e213ec0,204.0,0.0
e23bbd7ac455,8868fdf5d93b,Омская область,Омск,Личные вещи,"Одежда, обувь, аксессуары",Мужская одежда,Обувь,43,Продаю муж туфли пр-во Италия,"продаю муж туфли пр-во Италия нат. кожа цв, черный в отличном состоянии",2000.0,2,2017-03-28,Private,2bcffcacd214da38654b6bbe16d4a13ab769f64cb1a3739fd48f4f225f3245d3,461.0,0.0
Легкая пила,идеальная для мобильного использования/,,,,,,,,,,,,,,,,
df10b195e7b0,ec53766d0434,Красноярский край,Норильск,Личные вещи,Товары для детей и игрушки,Товары для кормления,,,Противоколиковая бутылочка Dr.Brown’s Natural Flow,"Противоколиковая бутылочка Dr.Brown’s Natural Flow® (Доктор Браун) , 250 мл.",800.0,32,2017-03-23,Private,d9b58cf0c63f70aba4c3b3b170187489a9892520149be326ffd3c6a8f908feb7,804.0,0.0
Никитина 55,корпус 4/,,,,,,,,,,,,,,,,
ee91b6752356,aa0326eb0ac5,Тюменская область,Тюмень,Для дома и дачи,Ремонт и строительство,Стройматериалы,,,Металлочерепица250/Доборка любой сложности,Реализуем: Металлочерепица/Профнастил/Водосточные системы/Сайдинг/Элементы безопасности/Гибкая черепица/Утеплители всех брендов//,,,,,,,
"Максимальная скорость: 30000 об/мин.\"",3500.0,38,2017-03-28,Private,b4d68f71babf5c821de0771e88a0c4d8e268fc934e40cf6ac8ae7ae1932d31fe,719.0,0.80323,,,,,,,,,,
b1c948987dce,6f77e38d6223,Нижегородская область,Нижний Новгород,Хобби и отдых,Спорт и отдых,Фитнес и тренажёры,,,Тренажер Качели Юлина,"Тренажер Качели Юлина, еще советского производства, в разобранном виде",15000.0,45,2017-03-26,Private,,,0.82668
яркость 300 кд/м2/,,,,,,,,,,,,,,,,,
f99ab902867c,847e0129a35d,Ростовская область,Ростов-на-Дону,Хобби и отдых,Велосипеды,Детские,,,"\"Велосипед Stels 24\"\" Navigator 480 MD\"","Подростковый фэтбайк с оборудованием любительского класса Shimano, 14 скоростей. Технические особенности: алюминиевая рама, жесткая алюминиевая вилка, двойные алюминиевые обода, дисковые тормоза Tektro. Подходит для езды по практически всем типам дорожного покрытия в различных погодных условиях (дождь, снег). Диаметр колес - 24 дюйма. Вес - 15,6 кг. ",21410.0,986,2017-03-19,Company,69470b254bd20448c6f6d683bb2195afcbfcfe1039b7a92f9fb3d5d22bcee304,2368.0,0.0
Если вам понравился наш дом,но для его приобретения необходимо оформить ипотеку или продать свою недвижимость,"то мы можем вам в этом помочь.\"",3200000.0,77,2017-03-28,Company,68edbe29893dd9b2fe49e6f106f352438b5ff7d7df439644b2cac075a37cb183,1409.0,0.05193,,,,,,,,
Манжеты подворачиваются. Кармашки есть. Застежка :  молния + две декоративные пуговицы. Поясок./,,,,,,,,,,,,,,,,,
Материал: пвх глянец /,,,,,,,,,,,,,,,,,
• Мультимедиа система (MP3);/,,,,,,,,,,,,,,,,,
9064e08939c0,d4521536956e,Удмуртия,Сарапул,Личные вещи,"Одежда, обувь, аксессуары",Женская одежда,Платья и юбки,44–46 (M),Платье,Немного темнее. Рукав чуть ниже локтя,1500.0,87,2017-03-17,Company,694cc8f5dee84840514701005fe0c1ce42d791b8ee7a8c2b4cff35b8d7e0c296,535.0,0.0
Адрес магазина: ул. Новороссийская 220,литер Р1. /,,,,,,,,,,,,,,,,
"Диван в искусственной коже изготавливается с двойной прострочкой \"\"Релакс\"\"",которая повышает прочность и упругость дивана (см. дополнительные фотографии). Темная искусственная кожа прошивается светлыми нитками,а светлая - темными./,,,,,,,,,,,,,,,
dca326d9e2c6,12403b2540c0,Красноярский край,Красноярск,Личные вещи,"Одежда, обувь, аксессуары",Женская одежда,Платья и юбки,46–48 (L),Платья,Платья в хорошем состоянии.,500.0,313,2017-03-23,Company,39af3ac0f5e1b3a415e3d9b17265bd833ecac72e95aadbf7a2c2236d12dea658,572.0,0.0
- *наличие вмятины на сетке колонки /,,,,,,,,,,,,,,,,,
Скорость портов 100 Мбит/сек/,,,,,,,,,,,,,,,,,
c5888c61b774,2910084e4fdf,Самарская область,Тольятти,Услуги,Предложение услуг,"Ремонт, строительство",Отделочные работы,,Отделка домов,Бригада строителей выполнит отделку вашего дома.,,3,2017-03-21,Private,,,0.4
/,,,,,,,,,,,,,,,,,
/,,,,,,,,,,,,,,,,,
/,,,,,,,,,,,,,,,,,
/,,,,,,,,,,,,,,,,,
/,,,,,,,,,,,,,,,,,
/,,,,,,,,,,,,,,,,,
/,,,,,,,,,,,,,,,,,
/,,,,,,,,,,,,,,,,,
/,,,,,,,,,,,,,,,,,
/,,,,,,,,,,,,,,,,,
/,,,,,,,,,,,,,,,,,
/,,,,,,,,,,,,,,,,,
/,,,,,,,,,,,,,,,,,
/,,,,,,,,,,,,,,,,,
/,,,,,,,,,,,,,,,,,
/,,,,,,,,,,,,,,,,,
/,,,,,,,,,,,,,,,,,
/,,,,,,,,,,,,,,,,,
/,,,,,,,,,,,,,,,,,
/,,,,,,,,,,,,,,,,,
/,,,,,,,,,,,,,,,,,
/,,,,,,,,,,,,,,,,,
/,,,,,,,,,,,,,,,,,
/,,,,,,,,,,,,,,,,,
/,,,,,,,,,,,,,,,,,
/,,,,,,,,,,,,,,,,,
/,,,,,,,,,,,,,,,,,
/,,,,,,,,,,,,,,,,,
/,,,,,,,,,,,,,,,,,
/,,,,,,,,,,,,,,,,,
b968d8dfd227,d038dff28bf4,Красноярский край,Красноярск,Личные вещи,Детская одежда и обувь,Для мальчиков,Верхняя одежда,98-104 см (2-4 года),Костюм батик,Новый,5000.0,56,2017-03-16,Private,3ee6f4be69137a63ddf4fe12228cdf75460d0e6e29b4a8cdcfaefc8b93713088,50.0,0.0
3d86cde011f2,37d2e81738c6,Башкортостан,Белорецк,Недвижимость,Квартиры,Продам,3,Вторичка,"3-к квартира, 72 м², 2/3 эт.","Продам 3-х комнатную полнометражную квартиру с отличной планировкой в центре города (район 1-ой школы). 2/3 этаж, площадью 72 кв.м., все комнаты и санузел раздельные, кухня - 10,2 кв.м, большой коридор, квартира очень теплая и уютная, имеется подвал. Чистый подъезд, установлены пластиковые комнаты, в подъезде всего 6 квартир, хорошие соседи. На фото представлен план квартиры",2050000.0,2,2017-03-18,Private,d30a674e6549b367f4e9967f752fa0ed8bfd0d215da12412007af7db35597995,1377.0,0.0
d7c1c7015f4f,672ca249d9fc,Татарстан,Уруссу,Услуги,Предложение услуг,Мастер на час,,,Пайка труб,"Здравствуйте я предлагаю электрогазоварочные работы также и полипропиленовые трубы любой сложности из ваших материалов,или из моих делаю мангалы, коптильни для домашнего приготовления на ваш вкус, также замену труб металлических на полипропиленновые трубы любой сложности, устанавливаю водомерные узлы.делаю дёшево звоните убедитесь если не понравится цена то снижу цену.",,4,2017-03-19,Private,,,0.5
Роутер в идеальном состоянии,не ломался,не чинился. Настроен на 2 провайдера (тис-диалог и билайн,т.е. агрегирует 2 канала). Настроен WiFi./,,,,,,,,,,,,,,
8fc1bc47dccc,f268e86659b8,Башкортостан,Нефтекамск,Услуги,Предложение услуг,Уборка,Генеральная уборка,,"Уборка квартир, домов","Качественная уборка квартир ,домов.Могу после 20:00 вечера либо в свои выходные.",,48,2017-03-16,Company,,,1.0
"-ремонт \"\"винтажной\"\" техники времён СССР",(тюнеры,приемники,усилители и др.)/,,,,,,,,,,,,,,
"В наличие имеются другие виды картин!\"",650.0,326,2017-03-27,Company,316adfd73ac48f8828f75973e928b11ff3037c9d0c64eac3902e1e6d9b802a0f,2281.0,0.0,,,,,,,,,,
Характеристики:/,,,,,,,,,,,,,,,,,
Оформление бровей: /,,,,,,,,,,,,,,,,,
Время работы: КРУГЛОСУТОЧНО./,,,,,,,,,,,,,,,,,
состояние идеальное,работает отлично,все шланги в комплекте,"возможна доставка.\"",5000.0,186,2017-03-26,Company,7203064290e24855a20731cbe1d263e8a063a97485cf047e11189bcdd58572de,1996.0,0.86521,,,,,,,
600x600 dpi/,,,,,,,,,,,,,,,,,
c2c836763c74,fa2e6edc16b2,Воронежская область,Лиски,Личные вещи,Товары для детей и игрушки,Товары для кормления,,,Столик для кормления,"Столик для кормления 3в1.Можно использовать как качели,столик,качалку.Спинка регулируется.",1500.0,6,2017-03-18,Private,056da991ab936e15f16ddfe88e1b8612c2065d30e769188f0bcbb0d008f9f8cf,2719.0,0.0
ba95b867742b,4cbee84d6125,Ростовская область,Ростов-на-Дону,Транспорт,Автомобили,С пробегом,ВАЗ (LADA),2112,"ВАЗ 2112, 2000",Авто  на полном ходу мотор в норме масло не ест не дымит работает как часики кпп в полной норме ходовая вся в полном порядке кожаный салон фары линзы ксенон сегналезация с обратной связью с доводчиками стекл диски 14R лето ОБМЕН расмотрю варианты с вашей доплатой 78 торг,78000.0,1,2017-03-17,Private,b0146415014448545e315e398640480796470552eaa87016a014d32c7fa7f2d4,2262.0,0.47553
8b2e8c1e7ed6,41a7b8dea415,Краснодарский край,Краснодар,Животные,Собаки,Стаффордширский терьер,,,Отдам стаффа,"Отдам стаффа в надежные руки, 3,5 года.подробнее по телефону.",100.0,1,2017-03-16,Private,38d572d9bcd48b6d90dd736eeda37e931284801a344f29f610956fad86a677ac,2156.0,0.48779
16b71d1d4829,99b1dfe0d50b,Новосибирская область,Новосибирск,Хобби и отдых,Велосипеды,Дорожные,,,Аренда и Прокат Велосипедов М.Студенческая,Добрый день ВелоГонщики!)/,,,,,,,
есть /,,,,,,,,,,,,,,,,,
"Район ТРЦ МАРМЕЛАД!\"",,1,2017-03-20,Private,efb2de31c30243202dcaa530d27306db269c933941e65fb12c2971aa88df1719,1964.0,1.0,,,,,,,,,,
af2c5668e3d3,22e6dc0c6967,Владимирская область,Муром,Личные вещи,Товары для детей и игрушки,Велосипеды и самокаты,,,Веломобиль,В хорошем состоянии!3-9 лет,8000.0,34,2017-03-23,Private,49113c4c401e4399a01862b00fd4596526dc14f7b18822886623d88e148c4f13,1140.0,0.0
9dafcb46f82c,715d945c9b94,Нижегородская область,Нижний Новгород,Недвижимость,Квартиры,Продам,1,Вторичка,"1-к квартира, 45 м², 3/10 эт.",Лучший дом в микрорайоне Бурнаковский !/,,,,,,,
ef6df7774829,cb2202da4bdb,Саратовская область,Саратов,Для дома и дачи,Ремонт и строительство,Садовая техника,,,Культиватор T240S SunGarden,"Культиватор T240S SunGarden, /",,,,,,,
Работаем в Калининграде и области./,,,,,,,,,,,,,,,,,
134e90acc246,bc86c9e4b0e4,Ростовская область,Ростов-на-Дону,Личные вещи,Детская одежда и обувь,Для девочек,Трикотаж,50-56 cм (0-2 мес),Наборчик от 0 до 2 мес,"Ползунки, шапочка и слюнявчик.",150.0,29,2017-03-15,Private,3ba0349b310f99f509a8d2683ece6554a469c4a2e82987a1cfabf00b09ec018c,105.0,0.0
66e40627bc39,f1fbc9149fe2,Самарская область,Сызрань,Для бизнеса,Оборудование для бизнеса,Для магазина,,,Продам весы,"Продам весы в хорошем состоянии ,работают от сети (при желание можно поставить аккумулятор)",1200.0,12,2017-03-23,Private,bf3e9667957b0b56e67061f55d90b66a9d93650233464c7e702691361f64fc50,1834.0,0.7891199999999999
Ширина	125.0(см)/,,,,,,,,,,,,,,,,,
Все подробности по телефону или в офисе на Фрунзе,59/,,,,,,,,,,,,,,,,
204ea4e79f1c,877db4f3648b,Владимирская область,Гусь-Хрустальный,Недвижимость,Квартиры,Продам,1,Вторичка,"1-к квартира, 30 м², 2/2 эт.","Квартира подготовленна к ремонту , выровнены  отшпаклеванные стены , новая проводка, новая ванная комната , пластиковые окна ,отдам новую душевую кабинку в подарок .",500000.0,6,2017-03-20,Private,,,0.3167
Hollenthon “Opus Magnum” 2008 (Irond)/,,,,,,,,,,,,,,,,,
- удобный руль с против скользящими ручками,наконечники в районе обхвата выполнены из прорезиненной основы;/,,,,,,,,,,,,,,,,
807457e72a6d,c9255bc710ce,Ростовская область,Ростов-на-Дону,Недвижимость,Квартиры,Продам,1,Вторичка,"1-к квартира, 37 м², 2/5 эт.",Собственник! Срочно продаю квартиру в золотом квадрате СЖМ/,,,,,,,
— поддержка MKV,MPEG4/,,,,,,,,,,,,,,,,
24b0bfd2de53,a194900583fd,Самарская область,Самара,Недвижимость,Комнаты,Куплю,,,Куплю комнату,куплю жильё в Самаре,300000.0,20,2017-03-19,Private,,,0.06862
0be48027c166,b664fbd0604a,Новосибирская область,Новосибирск,Личные вещи,"Одежда, обувь, аксессуары",Женская одежда,Верхняя одежда,42–44 (S),"Жилетка Zara, новая",Реальному покупателю скидка ‼️‼️‼️,4999.0,5,2017-03-27,Private,499f081a31780f3813e657281cea770c49f33b9e8cce119b18b139ad28dd46e1,531.0,0.0
2b8cffde8df4,3583c274e3a2,Татарстан,Казань,Личные вещи,Детская одежда и обувь,Для девочек,Верхняя одежда,Без размера,Куртка на девочку,"Куртка б/у,с поясом и капюшоном, размер 36/42.Недорого,все вопросы по телефону.",,2,2017-03-27,Private,a7e9c37183342d862bd2b3d90f7313c9b5549b0b3fb8c00a3f5de3d8e1b1d2e7,510.0,0.0
"Гарантия 6 месяцев.\"",6000.0,69,2017-03-23,Company,6cb79942f78ee28b799a1602004799203f7e170026d0824580310afbc599dd74,2794.0,0.0,,,,,,,,,,
6f27600e897b,9a8621984ebe,Краснодарский край,Анапа,Личные вещи,Товары для детей и игрушки,Товары для школы,,,Рюкзак для школы,"Качество хорошее, состояние на 3 с +.",200.0,294,2017-03-15,Private,83175dbc3f8609c490386c4823efc3da6ed6497671bcfc94ffc11a6275269f3a,1036.0,0.0
48438a8962e5,8e3e96c3e6a3,Краснодарский край,Краснодар,Личные вещи,Товары для детей и игрушки,Постельные принадлежности,,,Бортики в кроватки,"Цельные бортики со съёмными чехлами,бортики подушки на заказ с подбором ткани на ваш вкус и по доступным ценам.От 1800",1800.0,87,2017-03-19,Private,041b03ef25fadb56f997fff07909bcb5f43278fc46be047187d57876ef2d070c,1016.0,0.0
ГЛОНАСС/,,,,,,,,,,,,,,,,,
6.терракотовый/,,,,,,,,,,,,,,,,,
60244d457659,acb82b819663,Саратовская область,Энгельс,Бытовая электроника,Оргтехника и расходники,"МФУ, копиры и сканеры",,,Мфу samsung цветной,"Сканер, ксерокс, принтер, требует заправки черного картриджа.",10000.0,2,2017-03-20,Private,83fca45c67b0c9ff787fdc001e7609a59c9108487a5110ad7beba9dfd60addb5,2773.0,0.0
"При покупке более 5 - отдам по 180 руб.\"",200.0,73,2017-03-18,Private,fdf11f978f378131111334546f46e1288a20d2e9ab39cb9a01258928579cffcb,83.0,0.0,,,,,,,,,,
a70beef8b43f,09ecfe4202c7,Краснодарский край,Сочи,Недвижимость,Коммерческая недвижимость,Продам,Офисное помещение,,"Продам офисное помещение, 90 м²","\"Коммерческая недвижимость в ЖК бизнес класса \"\"Москва\"\" общая площадь 90 м2 с видом на центральную дорогу",Курортный проспект.В микрорайоне Светлана расположены школа,детские сады,несколько банков,отели,гостиницы,многочисленные кафе,фитнес-клуб
b5d321600cfd,79a9b852dae7,Челябинская область,Челябинск,Личные вещи,"Одежда, обувь, аксессуары",Женская одежда,Обувь,36,Ecco туфли,"Туфли Экко почти новые, одевала два раза на два часа. Размер 37, но маломерят.",1300.0,638,2017-03-22,Company,80671ef1a2356d2aecaedf83065a34dc96cd38ff8a1b3c6ac7dc36e34618be5b,425.0,0.80323
— /,,,,,,,,,,,,,,,,,
e143229755f1,055ab58858ad,Новосибирская область,Новосибирск,Личные вещи,"Одежда, обувь, аксессуары",Женская одежда,Платья и юбки,48–50 (XL),Платье р.48-50,"Летнее, на подкладе. Все платье из легких рюшей (фото 2).",400.0,8,2017-03-19,Private,810a16371a1ac2004bfa3fc47ebcb62540e5ba8a669d04f38e8f1e9ae6337ea5,403.0,0.0
3.Орджоникидзе 1(въезд в Оранжевый со стороны KFC)/,,,,,,,,,,,,,,,,,
Забирать с Аэродромной 127/,,,,,,,,,,,,,,,,,
f902035af2f3,28a060a86b23,Нижегородская область,Нижний Новгород,Хобби и отдых,Коллекционирование,Другое,,,Стикермания спар стикеры,Стикеры острова + пустыни 187 карточек,150.0,3,2017-03-25,Private,ca6b9a1abeb6fb8affde2d34096691937c7cbf8cf024de516be9e4f6d3e19593,2484.0,0.1469
"Диаметр колес:	26\"\"/",,,,,,,,,,,,,,,,,
разм 152 (утепл 200 гр,темп режим 0-25 град),разм 140 (утепл 300 гр,темп режим 0-30 град)/,,,,,,,,,,,,,,
./,,,,,,,,,,,,,,,,,
./,,,,,,,,,,,,,,,,,
Стоимость аренды данного помещения 57 000 рублей в месяц. Возможна продажа,условия по договоренности. /,,,,,,,,,,,,,,,,
Номинальный импеданс: 4 Ом/,,,,,,,,,,,,,,,,,
359c4bcca770,19b88df4e5aa,Ставропольский край,Красногвардейское,Для дома и дачи,Ремонт и строительство,Стройматериалы,,,Строительные блоки стеновые (шлакоблок),Качественные блоки (20см) и полублоки (12см) от производителя. Осуществляем доставку и выгрузку в ближайшие посёлки и регионы.,37.0,1,2017-03-18,Private,124f2650ba4dad88f35efd0d1c796177be30a5293fb57d80768ecbd762fcdbee,1296.0,0.0
5*6 - 210тр/,,,,,,,,,,,,,,,,,
958cd26d8119,02eef4cddb71,Краснодарский край,Сочи,Личные вещи,"Одежда, обувь, аксессуары",Мужская одежда,Джинсы,33,Джинсы Вранглер,Срочно продам джинсы 48-50,500.0,141,2017-03-26,Company,28bccdf458cf3e503c53c746d27d6a14c71d7ae3489a74960271c9a49ceb6480,658.0,0.0
87be2b43ba0f,631c483e2453,Пермский край,Пермь,Хобби и отдых,Коллекционирование,Другое,,,"\"Кукла \"\"Рита\"\" СССР\"","Кукла в бальном платье. Состояние отличное, 70-ых годов./",,,,,,,
0414ed47676a,230685f431c5,Краснодарский край,Краснодар,Для дома и дачи,Мебель и интерьер,"Предметы интерьера, искусство",,,"Картина интерьерная, акрил",,1000.0,28,2017-03-22,Private,a778650b9ff2b2829fc6f85f4c2a0cf2d7c63c12dab540dfbac56553a5b9f216,1599.0,0.0
52b630960857,9cbafa5f0aaf,Нижегородская область,Балахна,Транспорт,Мотоциклы и мототехника,Мопеды и скутеры,,,Suzuki Address 110,Продаю скутер 110 кубов документы есть птс имеется есть косяки по пластику но не значительные на ходу заводиться заводил после зимней спячки  шлем в подарок . все торги при осмотре . вопросы по телефону.,30000.0,21,2017-03-25,Private,d12ea2d1ec7bcfad16181b9f6ac92b11e4168580444e8db0244d3303d45893d4,1139.0,0.74043
23fbb6414850,70f8ac687c21,Татарстан,Елабуга,Личные вещи,Детская одежда и обувь,Для девочек,Обувь,24,Сапожки весна Сказака,"Продам сапожки фирмы Сказка, состояние хорошее, потёрты носы, все видно на фото, покупали в Мираже за 1900.",500.0,137,2017-03-23,Private,160b43522b1dbe2437f470ac62acf6e561c9aa075f7985c26876d32dd2d43186,88.0,0.0
Легкосплавные диски /,,,,,,,,,,,,,,,,,
259f7f7dd151,461dad754da7,Самарская область,Тольятти,Недвижимость,Квартиры,Сдам,На длительный срок,1,"1-к квартира, 29.2 м², 3/5 эт.","Имеется кух.гарнитур,шифоньер в корридоре.После ремонта,новый линолеум и входная дверь.",8000.0,19,2017-03-21,Private,3e583b2e49fc79c2e4496acc1e1b4b57e87756659c8a886a256f9e874c2bcb2d,2220.0,0.0
Фирма: Next/,,,,,,,,,,,,,,,,,
7fbdbc7be4ed,62d3e0e72b41,Саратовская область,Энгельс,Личные вещи,"Одежда, обувь, аксессуары",Мужская одежда,Верхняя одежда,> 54 (XXXL),Мужская дубленка,"Продам натуральную дубленку, брали за 25.000₽, одевали пару раз, пишите по указанному номеру.",15000.0,4,2017-03-18,Private,543b7889206bf8b269c364e243b857104426a23daebad1ea5dc7647a10eb56e1,651.0,0.13198
Цена за желтый магнитовский пакет-50руб./,,,,,,,,,,,,,,,,,
d4fc96fa2bc8,c2cef22ab567,Калининградская область,Калининград,Бытовая электроника,Товары для компьютера,Мониторы,,,LG l1919s,"Хороший монитор 19\"",но просто в один день не включился,времени не было купил сразу другой. Продам,"может кто-то сможет починить.\"",700.0,5,2017-03-19,Private
0137da56f12c,97da28c8f582,Самарская область,Тольятти,Личные вещи,Товары для детей и игрушки,Игрушки,,,Обучающие кубики пирамидка,"\"Кубики с сюрпризами Fisher Price  - прекрасный подарок для ребенка. Он позволит малышу узнать много нового, познакомиться с понятиями \"\"цвет\"\"","\"\"форма\"\"",прививает интерес к познанию нового./,,,,,
✔ Оплата наличные,безналичные,Сбербанк Онлайн/,,,,,,,,,,,,,,,
Побег 83 т.км./,,,,,,,,,,,,,,,,,
БЕЗ ВЫХОДНЫХ /,,,,,,,,,,,,,,,,,
внешняя/,,,,,,,,,,,,,,,,,
Asus EEE PC 1015BX - 1 шт. - 500 рублей/,,,,,,,,,,,,,,,,,
70edf12ac65a,1394445b6e62,Воронежская область,Воронеж,Личные вещи,Детская одежда и обувь,Для девочек,Обувь,28,Кеды clarks,Кеды в очень хорошем состоянии.,500.0,136,2017-03-25,Private,0afe238c86f45eb972da2461f71df936fea367730cc8f960150fa98c61b3ef3b,85.0,0.0
22de23f6e781,cb44275bd9e4,Иркутская область,Ангарск,Животные,Птицы,,,,Продам петухов,Продам петухов 9 штук. Возраст 1 год.,1200.0,26,2017-03-19,Private,081940a8e6aef458db0929a5fa7577ae948ffcb2c298ed85be51f5fa8b772367,2172.0,0.0
5b8b0371815d,de5f68d1805d,Красноярский край,Красноярск,Личные вещи,"Одежда, обувь, аксессуары",Мужская одежда,Верхняя одежда,46–48 (M),Мужской свитшот Reebok,Размерный ряд : 46-54/,,,,,,,
Посмотреть и приобрести данный товар вы можете в нашей скупке по адресу: Волгоград,ул 64 армии 113 (остановка Закавказская/Кинотеатр Авангард)/,,,,,,,,,,,,,,,,
Самые лучшие цены и цвета только в этом месяце./,,,,,,,,,,,,,,,,,
Температурный режим от -5 до +12/,,,,,,,,,,,,,,,,,
-	Интеллектуальная система доступа в автомобиль и запуск двигателя нажатием кнопки Smart Entry & Push Start/,,,,,,,,,,,,,,,,,
89b9e67704ce,8343d437966f,Челябинская область,Челябинск,Для дома и дачи,Мебель и интерьер,"Кровати, диваны и кресла",,,Продам диван,Продам детский диван. С ящиком для белья.,4000.0,6,2017-03-18,Private,fc6778eac2c8e3a0b6da727cf90171c26c1dfad1204f706372d26088ab239c7a,1432.0,0.0
 Уменьшает линьку на 90%. /,,,,,,,,,,,,,,,,,
Размер собранной модели: 120*60*50,вес:18 кг,макс. нагрузка:  35 кг/,,,,,,,,,,,,,,,
33b5fe008261,51dd74e4700d,Калининградская область,Калининград,Для дома и дачи,Бытовая техника,Другое,,,Минимойка Кёрхер,"Продам мини мойку Кёрхер высокого давления и дополнительные комплектующие к ней. Шланг 20 метров и фильтры. Шланг- 850 руб, большой фильтр 650 руб, малый фильтр 330 руб. Торг уместен!",3700.0,24,2017-03-26,Private,2822ce90a36bd11adc93666bbc59e55c29b6fbdcc85da53ae7e24fda447158e2,1914.0,0.86521
"Гарантия от магазина!\"",19990.0,564,2017-03-20,Shop,6cc841e6497236eb6cb893eea9e96fdb2bfdbf6e8b39653673f6404f93e0ea4f,2918.0,0.0,,,,,,,,,,
Процессор/,,,,,,,,,,,,,,,,,
4ba0d998e46e,4fd2bd9d4667,Калининградская область,Калининград,Личные вещи,"Одежда, обувь, аксессуары",Аксессуары,,,Ремень кожанный байкер рок ковбой стиль,Ремень кожанный/,,,,,,,
Цена в марте снижена на 1000 000Р!/,,,,,,,,,,,,,,,,,
-Новые/,,,,,,,,,,,,,,,,,
7608c71d68a3,8f9702330b37,Новосибирская область,Бердск,Недвижимость,Гаражи и машиноместа,Продам,Гараж,Кирпичный,"Гараж, 22 м²","гараж 22-24м2, находится на третьем этаже, трех этажного гаражного комплекса, не отапливается, есть охрана.",600000.0,79,2017-03-20,Company,22a1b65520979e97c9e27f40f85c5bdb2cb57476c79dc003b33ec4029c1fa1d6,2218.0,0.05013
7c1715741bc2,e532604e4636,Новосибирская область,Новосибирск,Услуги,Предложение услуг,"Ремонт, строительство",Отделочные работы,,Отделочные работы,"Штукатурка, шпатлевка, грунтовка, обои, холст.. /",,,,,,,
Мы всегда рады проконсультировать Вас по всем интересующим вопросам. Звоните!/,,,,,,,,,,,,,,,,,
08f9cc4717c0,c3882ab96e39,Ставропольский край,Ставрополь,Личные вещи,"Одежда, обувь, аксессуары",Женская одежда,Платья и юбки,44–46 (M),Вечернее платье,Платье в хорошем состоянии,500.0,35,2017-03-28,Private,cbfc4e00279d0957952f608e967106bc8850633f5f839cf0d7c9a4068b675de5,410.0,0.0
09dd620283df,d0117a88dece,Башкортостан,Месягутово,Транспорт,Автомобили,С пробегом,ВАЗ (LADA),2115 Samara,"ВАЗ 2115 Samara, 2006",в отличном состояние есть мелкие рыжики,90000.0,3,2017-03-19,Private,2897a17d67b580a958cb2137e9fe0dc32a9eff2166d3888b3993eaa68ddb6318,2264.0,0.13892000000000002
Страна производства Китай. /,,,,,,,,,,,,,,,,,
Размеры от 56 до 80,"многое просто новое и не ношенное (особенно на совсем ляльку)\"",1000.0,154,2017-03-20,Private,,,0.0,,,,,,,,,
045882113b1d,a483de93789b,Свердловская область,Екатеринбург,Личные вещи,"Одежда, обувь, аксессуары",Женская одежда,Платья и юбки,44–46 (M),Платье Инсити,"Платье инсити с поясом, сзади молния и красивая пуговка, размер 44-46. Состояние хорошее.",300.0,102,2017-03-26,Private,7586fdaf69810a38fcd87da01f5c5a19b94c762933ee18ca21219c7ff19b46a3,555.0,0.0
Есть размер 120*80 лево и правосторонние тонированные и матовые -18900 руб./,,,,,,,,,,,,,,,,,
"Доставка: самовывоз со склада.\"",4000.0,10,2017-03-22,Private,e1e7cbaaf88c5e0b7dd5cbb5cb34ad1a0012841e534aa55df16cb6b508896266,1484.0,0.0,,,,,,,,,,
9ca63ecae37f,42989192bb6e,Пермский край,Пермь,Личные вещи,"Одежда, обувь, аксессуары",Женская одежда,Трикотаж,40–42 (XS),Кофта Gant,"Цвет: небесно-голубой, отличное состояние, б/у очень мало, оригинал, не подделка, может подойти на размер S",3000.0,220,2017-03-15,Company,307d77682d642305d1a00fdcb2cf112a01912db0d6e9b3bdb4852d2700387c60,630.0,0.0
0adf8f7d2f55,983215ac839d,Новосибирская область,Новосибирск,Недвижимость,Квартиры,Сдам,На длительный срок,Студия,"Студия, 34 м², 8/10 эт.","Уютная квартира со всем необходимым: холодильник 2хкамерный, микроволновка с грилем, плита, стиральная машинка, встроенная кухня с подсвечиваемой рабочей зоной (см. фото), TV, центр./",,,,,,,
Чехол сиденья снимается для стирки/,,,,,,,,,,,,,,,,,
16гб. /,,,,,,,,,,,,,,,,,
Маска для волос с экстрактом Орхидеи,протеином и витамином Е,500 г. /,,,,,,,,,,,,,,,
Нагрузка на одно спальное место до 85 кг/,,,,,,,,,,,,,,,,,
Частота раздела кроссовера 1.5 кГц c 24 bit фильтром./,,,,,,,,,,,,,,,,,
"Отправляю в любой регион.ТОРГ.\"",28500.0,222,2017-03-16,Company,d1654c07d2c0b4e54838ed51d10b847094089be035c8ac2f986846d47f96ede8,23.0,0.1814,,,,,,,,,,
c626f31b41cf,b113b85f68d8,Татарстан,Альметьевск,Личные вещи,"Одежда, обувь, аксессуары",Женская одежда,Обувь,38,Резиновые сапоги 38 размер,,400.0,11,2017-03-26,Private,8d5055b07cfbbb31741a8c04f886c7285163522d7743664ad076e7b67023abc4,642.0,0.0
"Звоните прямо сейчас!!!\"",2000.0,2,2017-03-24,Private,75ccb6e87827a74616e73498f9953379f8428134726588c0a14e3c1fed3ff57c,1305.0,0.36354,,,,,,,,,,
033a9c2e3b4b,c9aa3bfaac62,Тульская область,Новомосковск,Хобби и отдых,Охота и рыбалка,,,,Сейф для ружья,"Продаю сейф для ружья , чехол для ружья ,ТОЗ-34Е выпуск 1993 года . Состояние отличное . Все вопросы по телефону . Спросить Виктора . ТОРГ .",25000.0,44,2017-03-24,Private,73067a1166ce3796919e80a34b6e29573304b2912dd5fc75e9861eb03709d00f,2311.0,0.0
c10bf975533e,80cb2cd523ab,Владимирская область,Муром,Недвижимость,Квартиры,Продам,2,Вторичка,"2-к квартира, 41.4 м², 1/2 эт.","Продается просторная двухкомнатная  квартира в центре города, по улице Воровская, на первом этаже в двухэтажном каменном доме! В квартире проведены газ и вода, имеется сан.узел, газовая колонка, индивидуальное отопление. Требуется косметический ремонт. Бонусом к квартире прилагается гараж, расположенные во дворе дома. Не дорогое жилье с очень удобным расположением! Отличный вариант для большой семьи за не большие деньги.",1150000.0,834,2017-03-15,Shop,b9e7b857adff64be89c599e585d08db1b00e027ccf195e8fe456666ad1d6dfaa,2218.0,0.05508
Размер: 366х122 см./,,,,,,,,,,,,,,,,,
Очень функциональный трансформер для прогулок сидя и лёжа (угол лежачего положения 170 градусов). Полная защита от солнца и дождя./,,,,,,,,,,,,,,,,,
84dfb455c152,5e2fa0780d51,Кемеровская область,Прокопьевск,Для дома и дачи,Бытовая техника,Для кухни,Холодильники и морозильные камеры,,Холодильник,"Плохо работает холодильная камера,все остальное в хорошем состоянии",1500.0,1,2017-03-26,Private,e495095c023ad412dd35d14b43f3731e837fb055218e6f3796f9c14d2a0d3df9,1789.0,0.38925
434bba3af3d6,c31db50dd5b6,Краснодарский край,Кореновск,Транспорт,Автомобили,С пробегом,Mazda,Demio,"Mazda Demio, 2004",Продам автомобиль в хорошем состояние в россии с 2008 года птс оригинал по кузову нареканий нет коробка не пинает ничего переключает плавно в салоне не курили не ели не пили.кондиционер есть заправлен дует на ура!салон чистенький культурный не заерзан!складывание и регулировка зеркал электронно!двигатель работает ровно не дымит масло не ест чистенькие нет никаких потеков.машина лично моя.хозяин так же я никакой не дядя не тетя!перекупам не отдам только с переоформлением что горантирует что машина чиста!фото скину еще вечером!авто без каких либо вложений диски всмпо кованные не бьют не коцаны отдельно ничего не продается!и самое главное продажа с гос номером!звоните уточняйте если есть вопросы еще!,292000.0,5,2017-03-27,Private,0da27a5a54376e4245a1f3da9e435d66d9c4237057d997ef72132a588228c336,2262.0,0.0
**************************************************************/,,,,,,,,,,,,,,,,,
14dd66f3715f,35d6d3b31018,Башкортостан,Нефтекамск,Личные вещи,Детская одежда и обувь,Для мальчиков,Верхняя одежда,98-104 см (2-4 года),Продам куртку,"Продам куртку для мальчика, Адидас",1700.0,44,2017-03-17,Private,6e8248fbb33917af8a43a0087779c4c86692df9916dd6f7bda700b4ea421c004,95.0,0.21704
Теперь все обитатели Сильвании могут обратиться за помощью в свою лесную больницу,где им всегда помогут. В уютной приемной,выполненной в светлых тонах,есть и уголок врача со столом и полочками,и место для приема пациентов с кушеткой,ростомером и напольными весами. В комплект входит множество аксессуаров,необходимых для каждой больницы: различные медицинские препараты,процедурный столик,инструменты./,,,,,,,,,
e6b441485255,4e5e4ae92991,Самарская область,Самара,Транспорт,Автомобили,С пробегом,Daewoo,Nexia,"Daewoo Nexia, 2010","Авто в хорошем состоянии, бережная эксплуатация,не битый, не крашеный. Возможен небольшой торг.",140000.0,1,2017-03-22,Private,da720867636dd0ce49c69d9e4905a88d950e2c28b33bb0458cfe1b3341e2adf1,2264.0,0.0
59dd37e930a6,d269788d028e,Алтайский край,Рубцовск,Личные вещи,Детская одежда и обувь,Для мальчиков,Трикотаж,Без размера,Костюм двойка,"\"Костюм двойка \"\"Человек паук\"\". Футболка и шорты из тонкой джинсы. Пр-во Турция.\"",350.0,29,2017-03-18,Private,b727c24b27fc99f8ab7a7d71ad83eb73b38d5d5f0f619e6478e20ec300abe983,65.0,0.0
Также в наличии множество других производителей и моделей. САМЫЕ ЛУЧШИЕ ЦЕНЫ В ГОРОДЕ!! ЗВОНИТЕ И ПРИХОДИТЕ!!!/,,,,,,,,,,,,,,,,,
6115df4a15cc,44950fe0d6aa,Новосибирская область,Новосибирск,Для дома и дачи,Растения,,,,Пальма,,1000.0,111,2017-03-25,Private,802512c1b93205094eed9b3de1633854b13dccf76721ca7f9e9d01642936c5fc,1450.0,0.0
"Спортивный р-р 112 - 400 р\"",400.0,16,2017-03-18,Private,cfc3869b1930861f2d7515eba9fe6c651265fce80f91b66c3602db36783db553,54.0,0.0,,,,,,,,,,
42f188500112,3a5b09507b2f,Свердловская область,Екатеринбург,Личные вещи,"Одежда, обувь, аксессуары",Мужская одежда,Обувь,42,Кроссовки Etnies Verano,Абсолютно новые./,,,,,,,
801fbd32d6c1,58f2ac8473f1,Краснодарский край,Горячий Ключ,Недвижимость,Земельные участки,Продам,Поселений (ИЖС),,Участок 10 га (ИЖС),"\"Участок расположен в черте рынка \"\"старый рынок\"\"/",,,,,,,
d2a2e3d5b4b7,d366feab07ed,Новосибирская область,Новосибирск,Бытовая электроника,Товары для компьютера,Переносные жёсткие диски,,,"Внешний бокс для SATA HDD 2,5 дюйма",Новый,300.0,16,2017-03-24,Private,133e01a0193d3b9b2a8347b46da1a708eaeddb549db840be3d1214c36eaca7e4,2814.0,0.76786
При необходимости капор можно трансформировать в солнцезащитный навес./,,,,,,,,,,,,,,,,,
Размер Л. /,,,,,,,,,,,,,,,,,
Жесткий диск ( винчестер) 250Gb HDD SATA/,,,,,,,,,,,,,,,,,
Блокировка и защита от детей	есть /,,,,,,,,,,,,,,,,,
70931f4920d5,42bef8c087d7,Ростовская область,Таганрог,Недвижимость,Гаражи и машиноместа,Продам,Гараж,Кирпичный,"Гараж, 18 м²","Крепкий кирпичный гараж во дворе ЖАКТА, рядом с Центральным Рынком. Свободный подъезд. Стены без трещин, крыша не течет. Узаконен свет, яма в гараже. СРОЧНО !!! ЦЕНА СНИЖЕНА НА 50 ТЫС.!!!",160000.0,48,2017-03-20,Company,f2d000ce784437c1c7fec34060ab340025eaf11f6e709a6140d8359629be0041,1284.0,0.0
У нас более 50000 товаров. Весь ассортимент товаров есть на нашем сайте./,,,,,,,,,,,,,,,,,
1000:1/,,,,,,,,,,,,,,,,,
2920c02fb16d,823c8c152b51,Татарстан,Казань,Для дома и дачи,Бытовая техника,Для кухни,Микроволновые печи,,Пицца - печь Gastrorag ep-vps-8a,Конвейерная печь GASTRORAG EP-VPS-8A используется на предприятиях общественного питания и торговли для приготовления пиццы. Модель оснащена электронным управлением и регулируемыми температурой и скоростью гусениц печи. Корпус выполнен из нержавеющей стали./,,,,,,,
Освещение:люстра/,,,,,,,,,,,,,,,,,
2d67900eb19f,95446547b357,Омская область,Омск,Транспорт,Водный транспорт,Надувные лодки,,,Лодка надувная омега 21,лодка резиновая уфимского производства. 2х местная. ни одной заплатки. бережная эксплуатация. зимнее хранение в тепле,5000.0,4,2017-03-17,Private,,,0.42654
прочность и долговечность /,,,,,,,,,,,,,,,,,
- флешка 16 GB/,,,,,,,,,,,,,,,,,
Halo Reach Limited Edition (Factory Sealed) - 3000/,,,,,,,,,,,,,,,,,
d5fc846a8329,c3ae0f440068,Ростовская область,Каменск-Шахтинский,Недвижимость,Квартиры,Сниму,На длительный срок,2,Сниму 2-к квартиру,"Молодая семья с ребёнком снимет 2-х комнатную квартиру,1-3 этажи. Холодильник обязателен. Можно без мебели. Оплата не больше 8000 + коммуналка",7500.0,6,2017-03-28,Private,,,0.23845
Space Grey 64GB - 17800 /,,,,,,,,,,,,,,,,,
6600393c4228,1fbc83dd8f66,Воронежская область,Воронеж,Личные вещи,Товары для детей и игрушки,Детская мебель,,,Мебель для детской комнаты,,8000.0,35,2017-03-25,Private,b57a64833c8f4190d420868c55401cf05ea3eed6bacc4d6626d0d20f3c2b9707,1450.0,0.07836
c9bb044560a6,a75aff7830d1,Пермский край,Пермь,Транспорт,Автомобили,С пробегом,Mazda,3,"Mazda 3, 2008","В хорошем состоянии, ПТС оригинал.Стойки вкруг заменены, масло Mobil,вложений не требует.Комплект летней резины 16.Торгов по телефону не будет, только на МЕСТЕ по факту осмотра авто(даже,если Вы живете далеко от Перми).В услугах выкупа стоянок и салонов не нуждаюсь!Обмен не интересен!",350000.0,1,2017-03-22,Private,93f4faab04c4d9fd72676b4a552dee50aff2f5a8d8a8135a9b3de9b73f876a2a,1132.0,0.7376
22b19145d95c,dcd3e30e1044,Алтайский край,Бийск,Для дома и дачи,Мебель и интерьер,"Кровати, диваны и кресла",,,Детский диван,диванчик в отличном состоянии,5000.0,2,2017-03-15,Private,73afb5e46af723193bd83b5d75727ac14b075d45b896a5d647efed1e983c0091,1431.0,0.0
- Установка мебели для ванной /,,,,,,,,,,,,,,,,,
Мультимедиа: Поддерживаемые форматы MP3,WMA,MPEG4,MKV,JPEG./,,,,,,,,,,,,,
Старый холодильник советских времен./,,,,,,,,,,,,,,,,,
* Есть возможность приобретения аквариума по вашим пожеланиям и литражу со скидкой /,,,,,,,,,,,,,,,,,
7bf8b21ca292,bee3fe1c05ef,Башкортостан,Туймазы,Личные вещи,"Одежда, обувь, аксессуары",Женская одежда,Обувь,38,Сапоги зима 38р,Одеты один раз.Куплены в спешке оказались малы.покупала за 2300р.подойдут на 37р.,1600.0,45,2017-03-28,Company,2a9a16530d5ade8b294f9913a549ea7f7f99017348ba3f32598af69f90e5e4e6,424.0,0.0
Дом расположен в удачном месте на пересечении улиц Карпинского и пр-та Декабристов с хорошей транспортной развязкой.  В шаговой доступности остановки,магазины,детские сады,"во дворе расположена школа.\"",2400000.0,156,2017-03-24,Company,aa0a1b7b053d7457b628ef42e2e11cbcd250fd997959a33d8eefc0be08edcbff,2220.0,0.72138,,,,,,,
Крепления для детских сидений ISOFIX/,,,,,,,,,,,,,,,,,
Писать и звонить по делу !!! /,,,,,,,,,,,,,,,,,
Электростеклоподъемники: все /,,,,,,,,,,,,,,,,,
Рядом  множество  магазинов,школа,садики,"транспорт.\"",4800000.0,101740,2017-03-21,Shop,669001ce37aab6f4381bce7d62ac942ccecf38487a014db3a090f968c3180f92,2217.0,0.07497999999999999,,,,,,,
30907622d9e3,4f38f8159c77,Белгородская область,Белгород,Личные вещи,"Одежда, обувь, аксессуары",Женская одежда,Верхняя одежда,46–48 (L),Куртка,"куртка женская б/у молодежная, зеленого цвета.мало ношеная,осенне весенняя.",2000.0,1,2017-03-25,Private,f0507325108078d8ea843122e840d652bc2426447fc7082e537898ec2d70f7e6,545.0,0.0
"4.4 кг\"",2500.0,874,2017-03-20,Company,4b1962a35a1077476c94b0f34ae9f1278a7e3caeac62c57739649451215a75f6,1854.0,0.0,,,,,,,,,,
"№ в базе: 23040\"",2200000.0,5559,2017-03-27,Shop,922aec277369d64b2f3f032d400c0b2c84c80c8cfef861c78c7d61e45220f110,1373.0,0.0,,,,,,,,,,
Бу мало,немного потерты носы./,,,,,,,,,,,,,,,,
8628d7b6e7af,e2137d51bef2,Тюменская область,Тюмень,Недвижимость,"Дома, дачи, коттеджи",Сниму,Дом,На длительный срок,Сниму дом,Срочно сниму частный дом желательно с хоз.постройками.на длительный срок.Чистоту и своевременную оплату гарантирую.,10000.0,4,2017-03-16,Private,,,0.0298
7ffcc1a2ff8b,6b7c1a9ee991,Омская область,Омск,Недвижимость,"Дома, дачи, коттеджи",Продам,Дом,,Дом 70 м² на участке 25 сот.,"Продам  дом с участком 24 сотки в соб-ти Горьковский р/н ул 40 Лет Победы три комнаты и кухня, 1 окно ПВХ, в доме унитаз ванна отопление печное + электротены кирпичный гараж хоз. постройки новый колодец в 5 колец, баня. Посадки (вишня, яблони, крыжовник, малина, смородина все плодоносит) Имеется городской телефон. В селе имеется школа, садик, три магазина, почта, пожарное депо, 220 дворов. Один  собственник. Подходит под мат капитал. Возможен торг.",550000.0,45,2017-03-15,Company,3d74500c9da528e45af400d9e62658a9c795255a3d132656c61e620c02274552,2219.0,0.09963
421d853b92bd,c169b29f327f,Тюменская область,Тюмень,Личные вещи,"Одежда, обувь, аксессуары",Аксессуары,,,Сумка женская House,Сумка женская House,300.0,29,2017-03-22,Private,86846e545f1f8bc2f5a56f5a621da0a0b6ad2a49728bf6fd1389d5a681036b26,280.0,0.0
8bd4001efd32,6eb4ecc09434,Тульская область,Одоев,Для дома и дачи,Ремонт и строительство,Инструменты,,,Бетономешалка,Продаю самодельную бетономешалку в рабочем состоянии 5000 р./,,,,,,,
36badda616d0,22b1b72de70d,Самарская область,Тольятти,Для дома и дачи,Посуда и товары для кухни,Товары для кухни,,,Формочки для трубочек,6шт - 120руб,120.0,47,2017-03-15,Private,00d6bc3117764363f23b5b456473ca8037ccc3b29a242a126b7894786a84bb30,1688.0,0.0
Защита цепи/,,,,,,,,,,,,,,,,,
☎ ЗВОНИТЕ ПРЯМО СЕЙЧАС и получите консультацию!/,,,,,,,,,,,,,,,,,
Анапа,Абинск,Геленджик,Джубга,Краснодар,/,,,,,,,,,,,,
fc681545c720,8774c3c5757b,Омская область,Омск,Хобби и отдых,Спорт и отдых,Зимние виды спорта,,,Продам детские лыжи,"продаются пластиковые белые лыжи  с палками для школы и отдыха , длина 130, крепления регулируются под детскую обувь.",1000.0,3,2017-03-16,Private,4c88903a997625e6f68d79c7bed484d954e29520806b49d580aaf674990334e6,2633.0,0.0
....................................................................../,,,,,,,,,,,,,,,,,
Блок питания для процессора Velton 400W [ATX-400-120mm] формирует электрическое напряжение из промышленной сети,которое необходимо для работы компьютера. Оборудование выпускается российской фирмой-изготовителем и имеет сертификат качества от Ростеста. Заявленный форм-фактор АТХ 12V 2.03 означает унифицированные стандартные параметры устройства,что свидетельствует о соответствии нормам оборудования для персональных компьютеров. В Velton 400W [ATX-400-120mm] реализованы следующие опции: разъемы в достаточном для работы количестве,качественный монтаж и оптимальное размещение элементов. Заводская комплектация состоит из блока питания,крепежного комплекта и сетевого кабеля питания. Благодаря встроенному 120-миллиметровому вентилятору с нагнетательным режимом работы работает бесшумно и надежно. Предусмотрена необходимая защита от напряжения и короткого замыкания. Модель выпускается в сером цвете,имеет следующие размеры: 150х140х86 мм./,,,,,,,,,,,,
"Приходите в центр \"\"Репетитор Кубани\"\" (рядом скв.Жукова) или звоните по указанному в объявлении номеру и записывайте своего ребенка прямо сейчас","места разлетаются очень быстро!\"",400.0,51,2017-03-16,Company,b55f5d81954ea6db22485a668aecd0f0612a8e1f4d778fc71100e5614cd8ce40,1717.0,0.25,,,,,,,,,
0441e5350b81,48c6dc9ef63c,Свердловская область,Екатеринбург,Личные вещи,"Одежда, обувь, аксессуары",Женская одежда,Обувь,38,Сапоги осенние,"Сапоги Испания б/ у , цвет сероватокоричневый, нат кожа",500.0,31,2017-03-25,Company,dec2887790ed8681b1a1a7346c1afd6e26a2d9e7478bd2bae5cdc77cc619b788,446.0,0.0
Производитель – «Оникс»/,,,,,,,,,,,,,,,,,
a36ec0600fe3,ec16f5551249,Самарская область,Самара,Личные вещи,Детская одежда и обувь,Для мальчиков,Обувь,32,Утепленные демисезон ботинки нат кожа,Демисезонные ботинки для мальчика. Размер 32. Покупали в Детском мире за 2900. Несколько раз одевали осенью. Весной стали малы. Внутри утепленные - тонкий мех.,700.0,25,2017-03-22,Private,77ca35cefa507d9193459245410299a64a2dc9544ecdc5e9e2190c7bb965909e,47.0,0.0
отопление: двухконтурный котел/,,,,,,,,,,,,,,,,,
Подберем Вам наиболее выгодный вариант автомобиля на шасси Камаз./,,,,,,,,,,,,,,,,,
d8237aca5976,7efca41ef8b5,Ростовская область,Константиновск,Животные,Собаки,Другая,,,Отдам в добрые руки! ),,,13,2017-03-20,Private,683989e6ddcbec0e6ea2b1995ccbb1e1e8ae3022318ce4338df170ba3ff62fc8,2157.0,0.19841
Рама алюминий/,,,,,,,,,,,,,,,,,
66ca6bff58d6,5334f0d3fb53,Свердловская область,Екатеринбург,Бытовая электроника,Телефоны,Аксессуары,Чехлы и плёнки,,Чехол для iPhone 7 Easy (Черный),"\"Ознакомьтесь с полным ассортиментом нашего магазина, нажав на голубое название \"\"Мир Удивительных товаров\"\" /",,,,,,,
закончилось поможем с заказом/,,,,,,,,,,,,,,,,,
416e751cb28c,d2f54d721514,Краснодарский край,Краснодар,Личные вещи,Красота и здоровье,Средства гигиены,,,Электрическая бритва Philips HQ 8250,Продам бритву. Неиспользовалась./,,,,,,,
Два кармана на молнии/,,,,,,,,,,,,,,,,,
640x480,800x600,1024x768,1280x1024,1360x768,1920x1080/,,,,,,,,,,,,
По любому интересующему Вас вопросу Вы можете проконсультироваться по телефону у нашего специалиста в будни с 10:00 до 19:00,в выходные дни с 11:00 до 18:00. Будем рады Вам помочь с выбором!!! /,,,,,,,,,,,,,,,,
Первый вариант – классический мобиль,который будет радовать и убаюкивать вашего малыша на протяжении первых 5 месяцев./,,,,,,,,,,,,,,,,
Комплект разрешительной документации представлен на сайте маякуфа.рф./,,,,,,,,,,,,,,,,,
- PPPoE/,,,,,,,,,,,,,,,,,
-установка (подключение) инсталяции/,,,,,,,,,,,,,,,,,
1929409c2ff7,f4622653075b,Тюменская область,Тюмень,Бытовая электроника,Телефоны,Alcatel,,,Сотовый телефон Alcatel 292,,990.0,2695,2017-03-23,Shop,82338357345b4f4b6ca3970cc9dd1c043d13f9b730ae0635889ae589697d7653,2926.0,0.0
327d1a37ecb7,8e715a2ba201,Татарстан,Набережные Челны,Для дома и дачи,Мебель и интерьер,"Кровати, диваны и кресла",,,Кровать,"Продадим кровать с ортопедическим матрасом в водонепроницаемом наматраснике, б/у 6 мес, в отличном состоянии.",15000.0,1,2017-03-17,Private,b42cd2ff35fdb91963847b0d83794619217bbc0132a26192fc342486396fffb8,1439.0,0.05695
Модель: Return to Tiffany/,,,,,,,,,,,,,,,,,
—  корзина для покупок;/,,,,,,,,,,,,,,,,,
0382edaffebf,3e9391ec3d3c,Красноярский край,Красноярск,Личные вещи,"Одежда, обувь, аксессуары",Женская одежда,Нижнее бельё,44–46 (M),Бандаж после родов,,250.0,44,2017-03-17,Private,29eec18016194811a8c3b16a43ebebac70b4f67fd2118b7296dfdfe3d422cb60,2521.0,0.0
1bbf35a443c3,637b0360830b,Ростовская область,Новочеркасск,Для дома и дачи,Мебель и интерьер,Шкафы и комоды,,,Шкаф-стелаж,"Шкаф новый, из ЛДСП с крашенными фасадами из МДФ. Шкаф имеет закрытые и открытые полки.Ножки -хромированные. Ручки со стразами.",5900.0,126,2017-03-24,Company,f15655d251cfadbe14042fb5b7caa065deacf684253ebece23f2cbf14f1c37a6,1489.0,0.0
cc4cf22b6190,3a379a14861f,Краснодарский край,Краснодар,Личные вещи,Детская одежда и обувь,Для мальчиков,Обувь,20,Мокасины,Мокасины Ruro's 20 р .В очень хорошем состоянии ./,,,,,,,
• Доставим выбранный Вами товар до двери;/,,,,,,,,,,,,,,,,,
c1cbcb633162,5e55f7c1dcb7,Челябинская область,Аша,Личные вещи,"Одежда, обувь, аксессуары",Женская одежда,Пиджаки и костюмы,> 50 (XXL),Продам новую толстовку,Продам новую толстовку заинтересует звоните приходите примерить.Будет хорошо на р.50-52,650.0,36,2017-03-25,Private,316e1ccb27943a0c5647c7942915387fecb172526622d73d6309a8d5f3a49652,573.0,0.228
• КАСКО не обязательна!/,,,,,,,,,,,,,,,,,
e3bdd2fbbf0f,c1ad8bfcfedb,Татарстан,Казань,Личные вещи,Товары для детей и игрушки,Игрушки,,,Погремушка,Погремушка./,,,,,,,
Цена на кондиционер указанна розница./,,,,,,,,,,,,,,,,,
"Со \"\"стрейчем очень удобные\"",3000.0,44,2017-03-28,Private,6872efc0d753a4932a500037d37e5b03593883ebd2dfb0cfab513c643d8ec747,379.0,0.0,,,,,,,,,,
Чехол-книжка Fly IQ4405 (кожа) цвет красный /,,,,,,,,,,,,,,,,,
9124c585f879,528055697f69,Татарстан,Казань,Для дома и дачи,Мебель и интерьер,"Кровати, диваны и кресла",,,Диван,,1000.0,14,2017-03-20,Private,157ac7e1a92dc538052392ea3f6ffe45ed712e2a24733634804dc6b0f074d90b,1431.0,0.0
2c5587611811,224f05020f6d,Омская область,Тара,Животные,Другие животные,С/х животные,,,Свинья,свинья супоросноя - обмен,25000.0,33,2017-03-27,Private,df36bd95efa7139b0459685ce5c69e10faaeab1a5cfeecf862995ac953295086,2192.0,0.78503
ВОЗМОЖНА ПОКУПКА АВТОМОБИЛЯ В РАССРОЧКУ БЕЗ УЧАСТИЯ БАНКА ПОД 14 % ГОДОВЫХ. _____________________________________________/,,,,,,,,,,,,,,,,,
db062fc4021e,f25cdc298797,Тюменская область,Заводоуковск,Личные вещи,Детская одежда и обувь,Для девочек,Платья и юбки,122-128 см (6-8 лет),Платье на выпускной,Продам платье с перчатками.размер 32.,1800.0,21,2017-03-19,Private,07b3836efe2fcdaf46f0e6afcbba506090588008dfdbea82a4e334b00628b9e4,82.0,0.0
Материнская плата фирменная НР H61/,,,,,,,,,,,,,,,,,
При покупке на сумму от 20000 руб. при оплате наличным Вам предоставят скидку в размере 5%/,,,,,,,,,,,,,,,,,
7a04cd38dc0c,86af31fe71ea,Краснодарский край,Славянск-на-Кубани,Личные вещи,"Одежда, обувь, аксессуары",Женская одежда,Обувь,39,Сапоги,"Теплые больше зима чем весна, в хорошем состоянии, набойки родные, не сбиты",450.0,144,2017-03-18,Private,0db7379f8794489e42e6fa426ea335e67584e7915fed4774b41bb1f877a4013c,492.0,0.0
34cb91a86a6d,1d7683d8532c,Челябинская область,Челябинск,Личные вещи,"Одежда, обувь, аксессуары",Женская одежда,Пиджаки и костюмы,42–44 (S),Спортивный костюм Адидас,Ткань тонкая,400.0,22,2017-03-21,Private,f1bfbe9ac9dbf28aaff4bfe43b29b1486fbe2df5051fb239d2b28dfc1b3c3545,584.0,0.0
Количество микрофонных входов 0/,,,,,,,,,,,,,,,,,
В каталоге более 2000 моделей спортивной обуви и ботинок!/,,,,,,,,,,,,,,,,,
Комплектация Avangard/,,,,,,,,,,,,,,,,,
5d5fced0d65e,cc279544beb3,Ханты-Мансийский АО,Нижневартовск,Личные вещи,Товары для детей и игрушки,Игрушки,,,Развивающий коврик Tiny love,Полная комплектация. /,,,,,,,
эффективность преобразования: более 73%/,,,,,,,,,,,,,,,,,
Пересылка по России договорная,возможна отправка ТК «Энергия»,«ПЭК»,«Почта России» после 100% предоплаты. На ложным платежом не отправляю. Оплата на карту Тинькофф,беспроцентно,"через терминалы магазина \"\"Связной\"\" После пересылки скорее всего потребуется настройка.\"",5000.0,5,2017-03-26,Private,dcb7dba13d1c51ad75fba4fde404c4efa9f6c22dbd71718a3c2d2ca7b73f536b,1596.0,0.0,,,,,
d3562cfb4acb,a179bd6f76e0,Башкортостан,Уфа,Бытовая электроника,Телефоны,ASUS,,,Asus zenfone 2 laser ze500kl на запчасти,"Продам на запчасти Asus zenfone 2 laser ze500kl. Телефон не включается. Аккумулятор хороший, корпус телефона целый. Есть доки, коробка.",1500.0,145,2017-03-15,Private,30dff2305ed8b6ab50724ce81298f0738ac817fd46cce74777d7e2a81d3cf844,2941.0,0.76784
d9d9a62fd217,a95285f0f851,Башкортостан,Уфа,Личные вещи,"Одежда, обувь, аксессуары",Женская одежда,Платья и юбки,48–50 (XL),Платье шелковое размер 48-50,"платье летнее, новое, с коротким рукавом, натуральный шелк, фирма Оodji, яркой расцветки, на рост 165-170 см, смотреть в районе театра НУР",300.0,111,2017-03-16,Private,23583bd6a8fc2a7645b979f7b5ec1df92945928b5e3ed91581d0ad1fa3663a49,386.0,0.0
908a64d09ede,4a47f88f72f9,Ярославская область,Ярославль,Личные вещи,"Одежда, обувь, аксессуары",Женская одежда,Другое,,Свитера (пакет),В хорошем состоянии. Рр 42-44,500.0,3,2017-03-19,Private,5c54615f4e725c7b1bb6fa325285ec75422676c7b1f5d48da2b6898fe8abedbc,64.0,0.0
1797f02a0fdc,5c0b7305cc1c,Ярославская область,Ярославль,Личные вещи,"Одежда, обувь, аксессуары",Женская одежда,Обувь,37,Полуботинки,"Продам полуботинки новые,фирмы",1800.0,17,2017-03-28,Private,b758dd5ae9db2b022fdfbf1eccad695f1f8b1f4fe64ccbbb0c2d352d4a981074,641.0,0.0
Дополнительные возможности SJCAM SJ5000 Plus Сменный объектив 	-/,,,,,,,,,,,,,,,,,
Хар-ки устройства:/,,,,,,,,,,,,,,,,,
6aef4d060542,428eed6ab3a7,Воронежская область,Воронеж,Бытовая электроника,Товары для компьютера,Комплектующие,Видеокарты,,Gigabyte GTX 770 2gb,"коробка, чек ..продаю в связи с переходом на более мощную",8300.0,78,2017-03-16,Private,a42d3405a155d758abd0f85f327e276e506f69ff0fe2999099b62cca3db0aba6,2865.0,0.0
---/,,,,,,,,,,,,,,,,,
Экран: цветной/ Батарея: 3.7V 400mA/ SIM: Micro SIM//,,,,,,,,,,,,,,,,,
"Возможен торг.\"",4000.0,11,2017-03-23,Private,940b2d94f6fbd343701ac6f7b6ede4f7a81e992c4d420b66c8660ef8307bcca9,687.0,0.0,,,,,,,,,,
Грузчики./,,,,,,,,,,,,,,,,,
6044dffde129,015621eb063d,Челябинская область,Челябинск,Личные вещи,"Одежда, обувь, аксессуары",Женская одежда,Купальники,40–42 (XS),Трусы-шорты для PoleDance,,300.0,19,2017-03-17,Private,026ab3dfb151ebdf8a8b4cfb1b6feb2974e2ab8ae933542593374f71b6580945,77.0,0.0
перепрошивка блока срс,восстановление блока подушек безопасности,"ремонт аирбег аирбэг аербег убрать ошибку стереть обманки краш дата крашдата крашдату\"",999.0,66,2017-03-28,Private,cf2a6364ef18edbe18038c98c6923abb41321b914106d20085d713d2d5395b3e,30.0,0.0,,,,,,,,
* Настройка интернет-сети./,,,,,,,,,,,,,,,,,
Есть  отправка по России. Техника новая,"осталась после закрытия магазина электроники.\"",3000.0,1589,2017-03-21,Shop,8709a0de8df6a5df06626e5ba01bf72b6d321ac09687888ba2cf09c5688152b9,2999.0,0.0,,,,,,,,,
795485f195dd,d429429dfd32,Самарская область,Самара,Бытовая электроника,Фототехника,Оборудование и аксессуары,,,"Бат. ручка для Canon 550,600,650,700","Позволяет использовать два аккумулятора, или элементы питания типа АА.",1000.0,26,2017-03-16,Private,d5be5bb1a43f40d30dae2abae93a1210c0943d195424f286cb2e3b60ea7814c6,2993.0,0.76786
- самовыравниваются /,,,,,,,,,,,,,,,,,
О МАГАЗИНЕ/,,,,,,,,,,,,,,,,,
Дополнительно установлена оригинальная субаровская защита двигателя,АКПП и заднего редуктора. Оригинальные резиновые ковры в салоне и багажнике. /,,,,,,,,,,,,,,,,
0.17 кВт*ч/кг/,,,,,,,,,,,,,,,,,
Аутeнтификация пользоватeлeй	Аутeнтификация пользоватeлeй 802.1x на уровне портов/,,,,,,,,,,,,,,,,,
GeForce	GeForce® 7600 GS/,,,,,,,,,,,,,,,,,
- Яндекс деньги/,,,,,,,,,,,,,,,,,
Частота видеопамяти/,,,,,,,,,,,,,,,,,
652a5802fc8b,090aef15dd18,Ростовская область,Новошахтинск,Бытовая электроника,Телефоны,Аксессуары,Гарнитуры и наушники,,Органайзер для наушников,"А вам тоже надоело, что ваши наушники постоянно путаются?🙆🏼 У нас появилась незаменимая вещь- ОРГАНАЙЗЕР ДЛЯ НАУШНИКОВ😌👍🏻 Очень прост в использовании🙋🏼 К тому же это отличный подарок другу или подруге☝🏻 Можно сделать комплект на подарок: органайзер для наушников и наушники 🎧 /",,,,,,,
06442657c961,582eb60c76f7,Нижегородская область,Нижний Новгород,Личные вещи,Детская одежда и обувь,Для девочек,Платья и юбки,110-116 см (4-6 лет),Праздничное платье Sweet Berry 116 р-ра,Праздничное платье Sweet Berry 116 р-ра длина 55 см/,,,,,,,
Размер в багете 80х60,"размер полотна 70х50\"",12000.0,43,2017-03-27,Private,fae42aa2b316a4ad5fd329ee47eeaee7a574d8be7ef6f956918d4edf92429b83,1562.0,0.0,,,,,,,,,
42ca9b8e5417,47d42b20e688,Челябинская область,Троицк,Личные вещи,Детская одежда и обувь,Для девочек,Трикотаж,122-128 см (6-8 лет),Блуза на 6 лет,,100.0,33,2017-03-26,Private,d1f5517b39a01cea8334cd2e0d8b559217511b45d23995894753fa0243ca3ecd,114.0,0.0
49079721af4a,9ad9a41c7e05,Новосибирская область,Новосибирск,Личные вещи,"Одежда, обувь, аксессуары",Аксессуары,,,Отличные солнцезащитные очки,"Очки абсолютно новые, продаю только потому, что они мне просто не идут./",,,,,,,
Белая теплая на весну 100 руб. /,,,,,,,,,,,,,,,,,
2533da8977da,45d47fcdd265,Ростовская область,Зимовники,Транспорт,Мотоциклы и мототехника,Мотоциклы,Дорожные,,Планета,нужен акумулятер,6000.0,37,2017-03-18,Private,f8c49525b3275b13e1c8ba592f001601d1fe0a5eef30312edb67515519ff13df,1138.0,0.31066
В наличии много новой одежды на детей,"Zara/mango\"",1900.0,35,2017-03-24,Private,8ebed052207b81ccf9f2782910407693ff86edf7f220e905845fa00d8a43d23b,88.0,0.27307,,,,,,,,,
ЗАХОДИТЕ НА НАШ САЙТ,НАБРАВ В ЯНДЕКС: ДОСТУП-МЕБЕЛЬ или dostup-mebel./,,,,,,,,,,,,,,,,
Масса чистого серебра: 9,0 грамм/,,,,,,,,,,,,,,,,
4ecb84edc1a7,f334b78fe2a0,Оренбургская область,Оренбург,Недвижимость,Земельные участки,Продам,Поселений (ИЖС),,Участок 7.5 сот. (ИЖС),Приуралье ул. Приуральская. центр поселка. Асфальт.Угловой. Без посредников,705000.0,124,2017-03-28,Company,11a7d0c162f82ab972ce283d722302c26709348cecf3568120d77896023867bf,322.0,0.48978
молоко 3л-120р/,,,,,,,,,,,,,,,,,
184359181a10,0749fac58f55,Самарская область,Самара,Для дома и дачи,Мебель и интерьер,Другое,,,Диван,Диван продам,6000.0,11,2017-03-16,Private,97ecc1cc125e26d4f845710bd87101997f1b05e7f58dcf4b9ec4154bf40cc83d,1431.0,0.0
Возможность установки автокресла: нет./,,,,,,,,,,,,,,,,,
1) Гарантию до 12 месяцев!/,,,,,,,,,,,,,,,,,
8bd666d6f858,9bfc7612f46d,Башкортостан,Уфа,Бытовая электроника,Ноутбуки,,,,"Ноутбук HP, четырехядерный, как новый","Ноутбук HP 255 K3X20EA, четыре физических ядра. Состояние идеальное, кое где сохранились пленки. Включался несколько раз, работает отлично. Был подарен родителям, им не пригодился, пользоваться так и не начали, коробка осталась в деревне./",,,,,,,
/,,,,,,,,,,,,,,,,,
/,,,,,,,,,,,,,,,,,
/,,,,,,,,,,,,,,,,,
/,,,,,,,,,,,,,,,,,
/,,,,,,,,,,,,,,,,,
/,,,,,,,,,,,,,,,,,
/,,,,,,,,,,,,,,,,,
/,,,,,,,,,,,,,,,,,
/,,,,,,,,,,,,,,,,,
/,,,,,,,,,,,,,,,,,
/,,,,,,,,,,,,,,,,,
/,,,,,,,,,,,,,,,,,
/,,,,,,,,,,,,,,,,,
/,,,,,,,,,,,,,,,,,
/,,,,,,,,,,,,,,,,,
/,,,,,,,,,,,,,,,,,
/,,,,,,,,,,,,,,,,,
/,,,,,,,,,,,,,,,,,
/,,,,,,,,,,,,,,,,,
/,,,,,,,,,,,,,,,,,
/,,,,,,,,,,,,,,,,,
/,,,,,,,,,,,,,,,,,
/,,,,,,,,,,,,,,,,,
/,,,,,,,,,,,,,,,,,
/,,,,,,,,,,,,,,,,,
/,,,,,,,,,,,,,,,,,
/,,,,,,,,,,,,,,,,,
/,,,,,,,,,,,,,,,,,
/,,,,,,,,,,,,,,,,,
/,,,,,,,,,,,,,,,,,
/,,,,,,,,,,,,,,,,,
/,,,,,,,,,,,,,,,,,
/,,,,,,,,,,,,,,,,,
/,,,,,,,,,,,,,,,,,
/,,,,,,,,,,,,,,,,,
/,,,,,,,,,,,,,,,,,
/,,,,,,,,,,,,,,,,,
/,,,,,,,,,,,,,,,,,
/,,,,,,,,,,,,,,,,,
— Питание: 2 батарейки типа «AA» (не входят в комплект)/,,,,,,,,,,,,,,,,,
Если не беру трубку,пишите смс./,,,,,,,,,,,,,,,,
Длина рукава 59 см/,,,,,,,,,,,,,,,,,
процессор  Intel Core I3/,,,,,,,,,,,,,,,,,
-сумка-переноска с козырьком от солнца;/,,,,,,,,,,,,,,,,,
Цена действительна только до 26 марта!!!/,,,,,,,,,,,,,,,,,
4d453d87e5a3,27f6086f55f0,Удмуртия,Глазов,Бытовая электроника,Телефоны,iPhone,,,iPhone 4s 16g,Американский!/,,,,,,,
7ab29fff19a7,d65e7962912f,Татарстан,Казань,Недвижимость,Квартиры,Сниму,Посуточно,3,Сниму 3-к квартиру,Сниму 3х комнатную квартиру на 2 суток с 06.05.17 по 08.05.17   Документы не нужны. Поездка туристическая. Порядок гарантирую.,4000.0,43,2017-03-16,Private,,,0.29666
Для тех кому не нужен отпечаток пальца! ОБМЕНА НЕТ/,,,,,,,,,,,,,,,,,
85edb582e1ff,73086e549a1c,Самарская область,Самара,Личные вещи,"Одежда, обувь, аксессуары",Женская одежда,Другое,,Болеро,"Новое болеро отличного качества.  Шикарно смотрится. Гипюр-стрейч. Длина по спинке  38 см. Забирать из магазина Стара -Загора 84, почтой высылаю.",150.0,1065,2017-03-28,Company,ff56cddee49444985445204f5674d25db102a1d6ff4d7be1193a9a5eaca55e24,590.0,0.0
Особенности кованого дракона нашего производства:/,,,,,,,,,,,,,,,,,
be6d628628de,1f5e217fdbf9,Краснодарский край,Краснодар,Бытовая электроника,Телефоны,iPhone,,,Продам iPhone 5S 16gb,"Продаю iPhone 5s на 16Гб ,цвет Silver ,в ремонте не был ,все родное.Полный комплект.Все отлично работает!",13000.0,2,2017-03-27,Private,38f749a7be39991bc8252f7aad25b0efb28b388ed7e603f7d1435d537bdd01bc,2918.0,0.0
При покупке теплицы хранение на нашем складе бесплатно!/,,,,,,,,,,,,,,,,,
97c51ca68e74,45d220e71787,Кемеровская область,Новокузнецк,Личные вещи,"Одежда, обувь, аксессуары",Женская одежда,Брюки,42–44 (S),Продам брюки,Брюки Ostin б/у 1 раз.Продаю так как стали малы.,1000.0,31,2017-03-28,Private,2ad4817c7496167a1cc28163919f81687ac32e86f141f610af8e6f4abe1f646a,588.0,0.0
    Корзина: сетка+ткань/,,,,,,,,,,,,,,,,,
"Качественно.\"",500.0,2,2017-03-16,Company,a71839234a76d9a8e3ca109af727831277f4689aa862af26559df88c02bd0e2e,1412.0,0.2,,,,,,,,,,
Длина,мм/,,,,,,,,,,,,,,,,
"Брюки утеплённые 700 р\"",700.0,40,2017-03-21,Private,d9382bc7e54aa684408ff117e576d6e5615b30b385ca6856ab7d0d68191c354b,80.0,0.0,,,,,,,,,,
f7af6bf35d7d,ee0b87fe72f0,Саратовская область,Саратов,Личные вещи,Детская одежда и обувь,Для девочек,Брюки,134-140 см (8-10 лет),Джинсовые шорты для девочки 8-10 лет+подарок,Летние джинсовые шорты в отличном состоянии. Украшены вышивкой и по краю кружева./,,,,,,,
7fc458a4c4d4,f6cce9398fdc,Кемеровская область,Полысаево,Транспорт,Автомобили,С пробегом,УАЗ,Hunter,"УАЗ Hunter, 2008","Продам в отличном состоянии. Купил в 2012 году, нареканий нет.",300000.0,5,2017-03-19,Private,badee74a77f9b36f0f3ef4c05e1e2565297be330d9015cb435ac10a874fa804d,1143.0,0.016659999999999998
de4aed6c5a96,547b590add0c,Оренбургская область,Оренбург,Для дома и дачи,Ремонт и строительство,Инструменты,,,Бензиновый электрогенератор Калибр 2800 А,Продается бензиновый электрогенератор Калибр 2800 А с документами/,,,,,,,
ff7e07626f22,ea66a935b41f,Саратовская область,Саратов,Личные вещи,"Одежда, обувь, аксессуары",Женская одежда,Обувь,37,Ботильоны новые,"Ботильоны новые, иск. Замша размер 37",2000.0,39,2017-03-20,Private,1800ca72486c68a9efc49eb2bdd9f4588dbb03cd3a343665ab2f5eb8b79bbe2d,501.0,0.0
"Вся информация по телефону\"",,14,2017-03-16,Company,e0b2a2b25d93fd42d1b9001e12f22384be3001cbd8c7819c71673c9a42d40a53,1074.0,0.0,,,,,,,,,,
6. НИЗКИЕ ЦЕНЫ на фурнитуру Blum,Hettich,Hafele./,,,,,,,,,,,,,,,
Нагрев до рабочей температуры (190 °С): 25 мин./,,,,,,,,,,,,,,,,,
df38a4565277,212032a84f1a,Самарская область,Самара,Недвижимость,"Дома, дачи, коттеджи",Продам,Коттедж,,Коттедж 170 м² на участке 7 сот.,"Небольшой дом на 6 малой просеке на закрытой территории. Уникальное место, окна на лесопарковую зону, белки, совы  и т.д. Общая площадь 170 м2 (из них подвал 17 м2). Материал стен- керакам супер термо + базальтовый утеплитель 100 мм. Перекрытия- жб монолит, фундамент- 2х метровая сплошная лента. Асфальт до участка, но нет въезда на участок, парковка перед участком на 3-4 авто. Дом жилой, 2 этаж- чистовая отделка, 1 этаж- предчистовая. Вода- городская, свет 15 кВт, канализация - необслуживаемый 2х ступенчатый септик. Газ есть возможность подключить, 100 т.р. за подключение. Есть возможность приобретения соседнего участка 5 соток (3,5 млн.) и организации нормального заезда/разворотной площадки. Рассматриваю обмен на квартиру в районе набережной, участки на просеках с вашей доплатой не менее 3 млн.руб.",8900000.0,184,2017-03-22,Company,1255d26f538fc399f933b039e7b95ed26eb2304d32b06019ad08963d4cda383f,1409.0,0.15252000000000002
Проба Au: 585/,,,,,,,,,,,,,,,,,
af2a2ed9ba55,40a348d48dbe,Челябинская область,Челябинск,Личные вещи,Детская одежда и обувь,Для мальчиков,Обувь,34,Ботинки подростковые,"Продам ботинки подростковые, размер 34,состояние идеальное.",500.0,11,2017-03-21,Private,b28681bf67d68a8fa00b541a658fe723d529b9198e17be60379db4c624d119ad,45.0,0.0
УСПЕЙ КУПИТЬ ПО НИЗКИМ ЦЕНАМ!!!/,,,,,,,,,,,,,,,,,
– Массажер для лица с 3-мя сменными насадками,/,,,,,,,,,,,,,,,,
Я не перекуп,не магазин./,,,,,,,,,,,,,,,,
e34623f1884c,fa72b77cd308,Воронежская область,Воронеж,Личные вещи,Детская одежда и обувь,Для девочек,Обувь,28,Кросовки centro,В хорошем состоянии . Удобные .,350.0,2,2017-03-22,Private,4b9d918d4baf6119f9885c6ac157dab3f08c20e835c7ca9d08f6c76223c64f32,45.0,0.0
Состояние отличное! В комплекте защитный фильтр Marumi,"ND фильтр и бленда\"",48000.0,179,2017-03-27,Company,64baab1f494720e8da458d1895758f9934e509bf47aa78d37e5152a0a0d0a020,2996.0,0.25027,,,,,,,,,
Процессор Pentium D945 (2 ядра по 3400MHz)/,,,,,,,,,,,,,,,,,
до 15 кв/м- 6900/,,,,,,,,,,,,,,,,,
Все наши объявления можно посмотреть по ссылке правее ==>>>/,,,,,,,,,,,,,,,,,
Пол: мужской / женский/,,,,,,,,,,,,,,,,,
c7b19f110fcd,56b1906ff031,Самарская область,Большая Черниговка,Недвижимость,"Дома, дачи, коттеджи",Продам,Дом,,Дом 97.7 м² на участке 11 сот.,"В продаже дом площадью 97,7 кв.м. c отделкой, не требующей вложений, земельный участок 1174 кв.м. Окна стеклопакеты, крыша профлист, счетчики на газ и на воду, отопление газовое. Все необходимые коммуникации имеются. Есть дворовые  постройки: сарай, гараж, летняя кухня с погребом. Подведена вода для полива. Документы на землю и на дом на руках. Продает собственник.",2500000.0,1,2017-03-23,Private,4eeef8c54087d0a9adf0afb1000b00ea715a9fb375570cccf291424f63e6d3e5,1295.0,0.3463
большой коридор,не угловая,пластиковые окна,новая входная дверь,натяжной потолок в зале,/,,,,,,,,,,,,
8de2e331d058,bf52bacea3a1,Новосибирская область,Новосибирск,Личные вещи,Детская одежда и обувь,Для мальчиков,Брюки,74-80 см (7-12 мес),Штанишки на мальчика,,200.0,45,2017-03-23,Private,350729de6b7b2ce62e16fae5b6623a5f1581948dd20985f006f247782fd6fc48,235.0,0.0
351aa3937b56,2c92632852e4,Челябинская область,Магнитогорск,Хобби и отдых,Книги и журналы,Книги,,,Возвращение Мюнхгаузена. Сигизмунд Кржижановский,Книга в хорошем состоянии.1990год.,200.0,1,2017-03-24,Private,1fdbba5063230f30c50c9b46ee96bfc39f74c2a9bbc29a0a4a385da4ddb07e19,2286.0,0.19163
БЕЗ ПРЕДОПЛАТЫ./,,,,,,,,,,,,,,,,,
a14fd84508c4,435e8ee9ca1e,Нижегородская область,Нижний Новгород,Личные вещи,"Одежда, обувь, аксессуары",Женская одежда,Обувь,37,Сапоги,"Продам сапоги весна-осень, б/у.полусапожки по 250, сапоги 400, размер 37-38",250.0,2,2017-03-28,Private,ccb3a51fc3f3048c308699734cd3d344480ced211b12df288d56fb70a7b9d5e6,501.0,0.27307
Наш адрес:/,,,,,,,,,,,,,,,,,
- БИЖУТЕРИЯ для невесты от 300руб - диадемы,колье,серьги,заколки,шпильки с бусинами и кристаллами,наборы свадебные. /,,,,,,,,,,,,
941832eb855f,cbe986c1d2cf,Челябинская область,Челябинск,Для дома и дачи,Растения,,,,Чуфа - земляной миндаль (семена),"Чуфа — это земляной миндаль, растение семейства осоковых. Это кусты 30—100 см, которые собраны в листовые пучки, каждый пучок имеет от 3 до 11 листьев. У растения очень разветвленные корневища. У корней образуются утолщения в виде клубней или орешков, они сладковатые, хрустящие с привкусом миндаля./",,,,,,,
Гараж пристроен к дому,"баня. Двор выложен плиткой.\"",5000000.0,3,2017-03-18,Private,25e4122f94c91bba8ce04c58b68b8ed94fa982db9c32d6ca734b31731cce01fa,1300.0,0.0,,,,,,,,,
ПОСМОТРИТЕ НАШ АССОРТИМЕНТ НА ФОТОГРАФИЯХ НИЖЕ/,,,,,,,,,,,,,,,,,
"В отличном состоянии\"",3500.0,18,2017-03-26,Private,ef796857244e37a5d12d963681090e1f9997668e8849dc556395fd638268ca1f,821.0,0.0,,,,,,,,,,
Встроенная светодиодная подсветка для видеосъемки /,,,,,,,,,,,,,,,,,
• КПД - 90.0 %;/,,,,,,,,,,,,,,,,,
съемный чехол легко поддается чистке,/,,,,,,,,,,,,,,,,
b3fba6aacd29,fcb566813581,Башкортостан,Уфа,Бытовая электроника,Оргтехника и расходники,Расходные материалы,Картриджи,,Красящая плёнка KX-FA54A,продаются  красящие пленки (для замены) от компании Panasonic. Япония /,,,,,,,
Мать: Gigabyte GA-MA770-DS3/,,,,,,,,,,,,,,,,,
bacf89e19429,eb1cec13714d,Челябинская область,Златоуст,Личные вещи,Детская одежда и обувь,Для девочек,Трикотаж,110-116 см (4-6 лет),Лонгслив Primigi 4-5 лет,Итальянский лонгслив в идеальном состоянии!,290.0,98,2017-03-21,Company,84e5732ced0350bb7a0cb3cb5b647a3e6cebd165d0883f50d9cf1cee5fa7e3de,112.0,0.0
"С удовольствием отвечу на ваши вопросы - звоните в любое удобное для вас время. Автомобиль находится в городе Йошкар-Ола. Торг только у капота. В помощи продавцов не нуждаюсь.\"",800000.0,22,2017-03-21,Private,887f31a3aebab9946170532f07e00b584104ea404975574342a3f97e9d05735d,1118.0,0.05671,,,,,,,,,,
20a08fa58967,41a3cc9f0b05,Красноярский край,Дивногорск,Личные вещи,"Одежда, обувь, аксессуары",Аксессуары,,,Сумка холщовая б/у,"Немного потёрлась краска на пряжках, немного помялась на хранении, но в целом очень крутая боевая сумка отличного качества и хорошей сохранности. Очень удобная, предусмотрены всякие фичи вроде быстрого доступа в застёгнутый карман./",,,,,,,
· запись видео Full HD 1080p на карты памяти/,,,,,,,,,,,,,,,,,
b17fec9e52dc,e67bb255a82b,Челябинская область,Магнитогорск,Хобби и отдых,Музыкальные инструменты,Аксессуары,,,Микшерный пульт Behringer xenyx Q802USB,Микшер в идеальном состоянии./,,,,,,,
- это современный,эргономичный,спортивный дизайн /,,,,,,,,,,,,,,,
ОПИСАНИЕ KENWOOD IM250/,,,,,,,,,,,,,,,,,
Питание завтрак,",28780.0,105,2017-03-16,Company,261cae273e9099cac7f7c67d5d2f647abaf77becde1ff609c455e3be54a7bd24,2048.0,0.15878",,,,,,,,,,,,,,,,
— крепление Canon EF-S/,,,,,,,,,,,,,,,,,
1bcdb99d138e,3634eba8df40,Самарская область,Тольятти,Личные вещи,Детская одежда и обувь,Для девочек,Обувь,24,Кроссовки Demix 24 размер,15 см по стельке,300.0,2,2017-03-26,Private,4be6ac900de213275526464bdcc9498ea1a0a7246a1e53fff0faeb72f22be555,86.0,0.0
a8b6cebd8c20,a7431d6797f5,Ставропольский край,Минеральные Воды,Личные вещи,Детская одежда и обувь,Для мальчиков,Комбинезоны и боди,Без размера,Детские вещи от 0+,"Продаю детские вещи от 0+. Все вещи почти новые не застиранные, без пятен.",100.0,10,2017-03-22,Private,a62c8f65693d75736c34392320d2f8c53958cb908aafe6b17c0501ac7332b3f7,42.0,0.0
"Цена за каждый 22000\"",22000.0,93,2017-03-27,Private,af74f84e8cf659692fa597826c4a4959f7f701af2de7e0271f8272a1484ffa23,2918.0,0.0,,,,,,,,,,
Многие обещают вам низкие цены и только мы их ГАРАНТИРУЕМ! В подтверждение тому у нас действует акция «Найдите дешевле – сделаем скидку!» Подробности акции можно уточнить по телефону/,,,,,,,,,,,,,,,,,
Программы:	    Нет/,,,,,,,,,,,,,,,,,
Количество мелодий - 36/,,,,,,,,,,,,,,,,,
Может использоваться в местах,где находятся дети/,,,,,,,,,,,,,,,,
Наполнение: зависимый пружинный блок/,,,,,,,,,,,,,,,,,
b37bd5871916,f64a177f9d8d,Ростовская область,Ростов-на-Дону,Бытовая электроника,Телефоны,Microsoft,,,Microsoft Lumia 650 Dual Sim Black,Microsoft Lumia 650 (чёрный) в отличном состоянии. В комплекте идут:/,,,,,,,
e17892efb6d5,dac11af0a168,Тюменская область,Тюмень,Бытовая электроника,Телефоны,Huawei,,,Телефон,"Хонор х 6. Куплен в феврале 2017 года, есть все документы!",15000.0,67,2017-03-25,Private,15fa148b1b1b20542fe5d87a8d7f8ad1200a9a8598dc040fb05507d558d12f40,2917.0,0.0
--------------------------------------------------------------------------------/,,,,,,,,,,,,,,,,,
"Цвет \"\"слоновая кость\"\"",на ручках небольшие стразы./,,,,,,,,,,,,,,,,
1 парка на тросу внешка по 6 р.м/,,,,,,,,,,,,,,,,,
292a833adec5,2714f6627501,Омская область,Омск,Личные вещи,Детская одежда и обувь,Для мальчиков,"Шапки, варежки, шарфы",,Новая шапка,"Осень-раняя весна, тёпленькая шапка, мех натуральный",350.0,38,2017-03-20,Private,293662c4e5e28918f8c7e37b2ceed3736e58e49f08ba092318efd923ffd5d0cb,55.0,0.12152
Наш коллектив дружный и с радостью ответит на все ваши вопросы и даст дельный совет/,,,,,,,,,,,,,,,,,
Bluesky,Irisk,TNL,BMG,кошачий глаз-150 рублей. /,,,,,,,,,,,,,
Интерфейс,разъемы и выходы/,,,,,,,,,,,,,,,,
Поддерживает растущую матку в физиологическом положении во время беременности,помогает ребенку занять правильное положение. Предохраняет мышцы бедер и живота от чрезмерных растяжений в период беременности и ускоряет процесс восстановления тонуса мышц и кожи живота после родов. Сохраняет правильную осанку,разгружает мышцы спины,уменьшает боли в спине,обеспечивает комфорт поясничного отдела при больших нагрузках,за счет специальной формы бандажа. С помощью удобной застежки можно самостоятельно регулировать степень поддержки и утяжки. Изготовлен из высококачественного,отбеленного,"вязанного эластичного полотна. Не вызывает аллергических реакций. Не утрачивает своих функциональных свойств после стирки.\"",300.0,37,2017-03-21,Private,7c3b4b67c27a1c306bdd063037c62bf2d79582cd7d9b8c9665ca6a36f15e6880,606.0,0.0,,,
4b4632b7d3cc,0efdee9dcd0c,Омская область,Омск,Личные вещи,Товары для детей и игрушки,Велосипеды и самокаты,,,Квадроцикл,б/у в отличном и рабочем состоянии возможен торг,3000.0,22,2017-03-16,Private,1a23f60e44888f521716de628148b0527638d00f961c91148ad87ee1be9016c2,987.0,0.06526
В состав посылки входит:/,,,,,,,,,,,,,,,,,
Темно синее платье Pinetti,74см,300p  (покупали дорого)./,,,,,,,,,,,,,,,
аккумулятор 1400 мА⋅ч/,,,,,,,,,,,,,,,,,
"Пульт новый в упаковке.\"",300.0,26,2017-03-27,Company,097a9d42d675795c766471015b94910024e733cd2a41caa19b70339528f4ae84,3012.0,0.0,,,,,,,,,,
Гарантия,выгодный кредит,обмен,"юридическая чистота.\"",316400.0,22219,2017-03-15,Shop,811caa3bc2d7876e7a8bf3219b29956bdb603d225e66bd052d2a37524e844b30,2406.0,0.0,,,,,,,
50084217ee13,f9744ac46306,Белгородская область,Белгород,Недвижимость,"Дома, дачи, коттеджи",Сдам,Дача,На длительный срок,Дача 20 м² на участке 5 сот.,"Сдается дача, расположенная в п.Комсомольский. От водоема, 1 км по грунтовке. Свет круглогодично, вода посезонно.",,415,2017-03-23,Company,,,0.03703
18 скоростей/,,,,,,,,,,,,,,,,,
-----------------------------------------------------/,,,,,,,,,,,,,,,,,
c4136dad55a2,4f4f82db2e1e,Владимирская область,Владимир,Личные вещи,Товары для детей и игрушки,Игрушки,,,"\"Аттракцион \"\"Карусель\"\"","Playmobil\"","\"Продам Аттракцион \"\"Карусель\"\"","Playmobil. В очень хорошем состоянии. Все детали на месте. Коробка имеется.\"",2500.0,21,2017-03-15,Private,57644bf9ea8792d67c9dc63d8a4d1153c6625a6cf26b6d5942dfd4095e5caf50
Чистый подъезд. Уютный двор с озеленением и  парковкой./,,,,,,,,,,,,,,,,,
Возможность подвеса мешка до 60кг./,,,,,,,,,,,,,,,,,
74d934e45483,667699a105bd,Ростовская область,Волгодонск,Личные вещи,"Одежда, обувь, аксессуары",Мужская одежда,Верхняя одежда,48–50 (L),Ветровка молодежная (Antiter),Ветровка Антитер в отл.сост.(по размеру не подходит)в интернете стоит 2800 новая.,1000.0,10,2017-03-25,Private,e7467c6864bc449dce80cb0abbcb9f2d8aba57c20530d92828c8e6bddb7d5442,649.0,0.0
по своему размеру;/,,,,,,,,,,,,,,,,,
"Все вместе 1800 руб.\"",500.0,10,2017-03-23,Private,bf26b93e4fd30d148a13a61f6168c61177c7fe05315cb29d945b9c7f3cb34432,2888.0,0.0,,,,,,,,,,
e5b5233e0d81,b6851af7d394,Краснодарский край,Кореновск,Бытовая электроника,Товары для компьютера,Акустика,,,Колонки Creative 2.1,"Отличные колонки, работают без нареканий. Встроен усилитель, отличные низкие частоты.",1000.0,29,2017-03-19,Private,604217840d8bda37acb4f63629d5d5f455e2e56f0d321de7f694c9745dd626f0,3029.0,0.43177
8bfd17ec9783,0a53a9106390,Саратовская область,Саратов,Недвижимость,Квартиры,Сниму,На длительный срок,1,Сниму 1-к квартиру,Сниму квартиру в домах по ул. Блинова 29-31-33. Однокомнатную можно частично с мебелью. Русская семья. Без вредных привычек. Саратовские . На долгий срок.,,83,2017-03-19,Company,,,0.07722000000000001
"1 В потребление в режиме \"\"Ожидания\"\"/",,,,,,,,,,,,,,,,,
"Не упустите этот шанс... Позвоните сейчас! Лот 04066н.\"",2500000.0,124868,2017-03-23,Shop,348c2e9816eb9ebec82c5b6730d2006f176160ec2304f4b29b8d3c26ce5925f6,2217.0,0.03227,,,,,,,,,,
Система HP: измерение пульса при помощи металлических датчиков на ручках /,,,,,,,,,,,,,,,,,
Операционная система Windows 8/,,,,,,,,,,,,,,,,,
f0bd19cd5add,8639a20867d7,Челябинская область,Челябинск,Личные вещи,Часы и украшения,Часы,,,Часы,,700.0,51,2017-03-26,Private,21b3049697ddea1bc53569bef19a12901132c8787fe45e1683c1ea67051e7f77,31.0,0.0
ஜ════════ஜ۩۞۩ஜ═════════ஜ/,,,,,,,,,,,,,,,,,
33e577ca4091,8444d50645f7,Свердловская область,Верхняя Пышма,Для дома и дачи,Мебель и интерьер,"Кровати, диваны и кресла",,,Продам матрас,"Продам матрас   160*200*22 Askona Expert Exemplar, мах нагрузка 140кг на 1 спальное место, цвет бежевый, новый",10000.0,491,2017-03-24,Company,3f70bb664b986fe5ed8c41f85f93647f4d8e763570253daa5eee1c76b1197f56,1339.0,0.0
f70b8cfbf327,d4aa02efcba0,Ярославская область,Ярославль,Недвижимость,Квартиры,Продам,2,Вторичка,"2-к квартира, 43 м², 2/5 эт.","Продам 2 ком. квартиру на втором этаже в утопичном доме. Комнаты смежные, санузел совмещен, балкон. Кухня 6 кв. м, комнаты: 18 кв.м и 12 кв.м. Квартира физически и юридически чистая. Один собственник. Быстрый выход на сделку. /",,,,,,,
c72ab7f85f5e,01e6116be95f,Белгородская область,Белгород,Недвижимость,"Дома, дачи, коттеджи",Продам,Дом,,Дом 170 м² на участке 15 сот.,Продается жилой благоустроенный дом./,,,,,,,
Ширина шасси (см): 54,5/,,,,,,,,,,,,,,,,
11f648cb2c0b,9922c0bf140f,Челябинская область,Челябинск,Личные вещи,"Одежда, обувь, аксессуары",Женская одежда,Свадебные платья,42–44 (S),Платье свадебное пр-во Испания,"Pronovias, Испания. Меховая накидка в подарок./",,,,,,,
На рост 98-104./,,,,,,,,,,,,,,,,,
банк ВТБ-24 в 19.30 сбор в 20.00 отправление/,,,,,,,,,,,,,,,,,
На всех устройствах установлена ОС на русском/,,,,,,,,,,,,,,,,,
776e3a152ef9,a6a48f37cbc0,Ростовская область,Ростов-на-Дону,Для бизнеса,Оборудование для бизнеса,Для магазина,,,Лоток на 5 карманов,"Лотки из мягкого акрила.Возможно изготовление по вашим размерам. Хорошо подходят под шоколад,кофе,чай,специи,сигареты.",500.0,1680,2017-03-20,Shop,e2d450ae7da3193122b1dc80bdd1d7de5a218f6c92237f82b62e395ee2f7a870,2014.0,0.0
"Договор\"",2000.0,35,2017-03-22,Company,,,0.125,,,,,,,,,,
Верхний водонепроницаемый капюшон отстегивается – что очень удобно летом в теплую погоду./,,,,,,,,,,,,,,,,,
РАЗОЧАРОВАНИЕ от низкого качества длится гораздо дольше,чем РАДОСТЬ от низкой цены. Цените то,что заработали собственным трудом и инвестируйте лучшее в самих же себя!/,,,,,,,,,,,,,,,
4938c5e92e41,1afe78900649,Башкортостан,Аксаково,Для дома и дачи,Ремонт и строительство,Стройматериалы,,,Стрейч пленка,"Упаковочная плёнка для обмотки товаров,мебели,и т д",270.0,43,2017-03-19,Company,9776c3f9db3a83377f8d7cbc70999baa53944e48cc0dd677f3f92f33bfc19780,1326.0,0.0
Земельный участок – ровный,прямоугольной формы (30х15 м.). Категория земель: земли населенных пунктов; разрешенное использование: садоводство. /,,,,,,,,,,,,,,,,
"На неширокую стопу.\"",400.0,112,2017-03-26,Company,adc731484c0f89bf290d0b8c38a1c448aed8c0fb88f2cf66a9255c8750fcb7e9,46.0,0.0,,,,,,,,,,
Прихожая Визит-7 – практичная,вместительная прихожая. Состоит из нескольких элементов,которые необходимы в любой прихожей: шкаф для одежды,вешалка,зеркало и тумба для обуви. Выполненна в современном стиле./,,,,,,,,,,,,,
Можно подключать к компьютеру как монитор./,,,,,,,,,,,,,,,,,
7b69fdf290ec,abcd98259446,Алтайский край,Яровое,Личные вещи,Детская одежда и обувь,Для девочек,Обувь,29,Кросовки,кросовки в хорошем состоянии.,300.0,17,2017-03-15,Private,76f0472e51857626a08350552672a40955f4deba22e96758c08459b404b56c72,86.0,0.0
Ребенок в них не потеет,катышков нет,отличное состояние. Смотреть в Закамске. По 200 руб. каждая/,,,,,,,,,,,,,,,
Внешняя резьбовая рулевая/,,,,,,,,,,,,,,,,,
продаю не спеша,перекупам не беспокоить /,,,,,,,,,,,,,,,,
85aadeb94a19,43812ea5161e,Воронежская область,Воронеж,Личные вещи,Детская одежда и обувь,Для девочек,Верхняя одежда,98-104 см (2-4 года),Детское яркое пальтишко для девочки,"Яркое красное пальтишко, не выгорает, не линяет при стирке, все отлично отстирывается. Для теплой весны-осени.",300.0,31,2017-03-22,Private,cb85fed288068947e8c78ec998c3a3dc4ace700d197af1cfd1d7cf87a54e48d4,112.0,0.0
2 Гб/,,,,,,,,,,,,,,,,,
3192262383e5,f16a2a72f175,Иркутская область,Иркутск,Личные вещи,Товары для детей и игрушки,Товары для купания,,,Ванночка,"Ванночка с горкой,новая.",500.0,250,2017-03-26,Company,f491ed82a16c1a8213d22ddb742f78c6ca5297a05d5795dbf02b0f72257a30ea,1022.0,0.0
3. До окончания строительства действует рассрочка/,,,,,,,,,,,,,,,,,
—  Гарантия. Послегарантийное обслуживание/,,,,,,,,,,,,,,,,,
a5bf01285a7f,a22ebb4c5b26,Свердловская область,Екатеринбург,Транспорт,Автомобили,С пробегом,Opel,Astra,"Opel Astra, 2010","Продам свою ласточку за ненадобностью.Во владении год.За машиной следила,все менялось вовремя.Машина удобная,мягкая по посадке и комфортная в вождении.Стекла и боковые зеркала с обогревом.Зеркало заднего вида с антибликом и тд.Резина зима-лето новая.Приезжайте смотрите,торг разумный уместен.",430000.0,39,2017-03-20,Private,af1e53504576eca3b47fac4f751b1a694bb607bf506f528b033ac86da2dd80b0,1117.0,0.01366
Максимальное разрешение для ч/б печати:1200x1200 dpi/,,,,,,,,,,,,,,,,,
6b6e4ce49ab1,ad6aecdca53d,Краснодарский край,Краснодар,Для дома и дачи,Бытовая техника,Для кухни,Вытяжки,,"Кухонная вытяжка Ciarko ZP9 50,60 см белая, медная","Цвета: белый, медный/",,,,,,,
1105f1166ed0,c31f0a307aab,Иркутская область,Братск,Личные вещи,Детская одежда и обувь,Для девочек,Брюки,86-92 см (1-2 года),Джинсы для девочки,Продам новые джинсы на девочку на рост от 80см. За 700руб. И теплые тапочки для дома. За 300,700.0,78,2017-03-19,Private,4dc485340f055d281d335502573e2e7eddb99e64eca0aa348bcc3be5cc270cd3,42.0,0.0
9ac618fb1adf,1f6eebcc39b5,Владимирская область,Владимир,Животные,Птицы,,,,Карелла,Продам попугая карелла. Мальчик. Зовут Игорь(Гоша). 8 месяцев. Ручной. Говорит. Причина: покупали детям но они уже наигрались. Клетка бесплатно.,2000.0,50,2017-03-25,Private,16846ca9466ba31905c120815fe1aa6c0a8a4c1fb4278c36efdde09e6ad477c5,2281.0,0.78503
608747f56130,8e917192017e,Башкортостан,Уфа,Личные вещи,"Одежда, обувь, аксессуары",Женская одежда,Платья и юбки,42–44 (S),Вечернее платье,"основа из шелка,не магнитится,сверху шифон струящийся ,нашиты камни,блестит",600.0,36,2017-03-21,Private,f65f3597dada2c64a8b043a0158f0ba9f611533efae585b5c18313483bf735bf,374.0,0.0
Уровень шума [дБ] - 42 /,,,,,,,,,,,,,,,,,
1d06c3522d6d,cbf6f32407bc,Омская область,Омск,Личные вещи,"Одежда, обувь, аксессуары",Аксессуары,,,Сумки клатчи рюкзаки вязаные ручной работы,"Вяжутся на заказ в течение недели. Предоплата. Оригинальные, можем воплотить вашу идею. Или повторить из интернета.",1500.0,496,2017-03-16,Private,5f716472eb94d2488e5b28df4f6225f64dc4986b7242a46600a7f7be2ad14f1a,165.0,0.0
Почти новый. Предназначен для просмотра диафильмов,слайдов. Прибор в отл. состоянии,Работает от бытовой эл.сети 220в.  в комплекте НЕХВАТАЕТ ТОЛЬКО РАМКИ ДЛЯ ДИАФИЛЬМОВ,"А ОСТОЛЬНОЕ ВСЕ ЕСТЬ И ЛАМПА НОВАЯ В ПОДАРОК РАМКИ ДЛЯ СЛАЙДОВ\"",2000.0,420,2017-03-24,Company,0a5576a62359ea9b8c947b446a65b2dc45440824cc7df22e5138f5f9781a2c99,2457.0,0.0,,,,,,,
Возможна доставка по РФ. Любым удобным вам способом./,,,,,,,,,,,,,,,,,
"ПО ВСЕМ ВОПРОСАМ в WhatsApp\"",110.0,50,2017-03-20,Company,a622311126e3a426d87bc2df1bb0bb1242c2ab5127be779daa3eb4cb073afbeb,795.0,0.0,,,,,,,,,,
Датчик температуры наружного воздуха/,,,,,,,,,,,,,,,,,
Полный размер 90*60 см/,,,,,,,,,,,,,,,,,
- Деление дисков,изменение размера/,,,,,,,,,,,,,,,,
ee601c4c879f,c1e1f7fd7fb2,Татарстан,Казань,Для дома и дачи,Мебель и интерьер,Столы и стулья,,,Комплект Аркадиа для отдыха,,180000.0,10,2017-03-23,Private,1bfbd5f02a02d7b40f1e24e2df36dd7fd67f8085c13ae34b824092bc82dc65d2,1528.0,0.0
c36db2538bca,2512096a6446,Волгоградская область,Волжский,Личные вещи,Товары для детей и игрушки,Детские коляски,,,Коляска 2 в одном индиго,"В хорошим состоянии!После одного ребёнка(пользовались меньше года). Коляска 2 в 1 indigo бежево-коричневая стильная,модель универсальная. Комплектация (люлька,прогулочный блок,москитная сетка,дождевик)",12000.0,41,2017-03-18,Private,ba40660137dbdae48d9141289f0ffeeb47c33069e513bdd244959e12b52d07ca,1002.0,0.0
a9ca14fcb8fe,88086fa441b6,Краснодарский край,Сочи,Услуги,Предложение услуг,"Праздники, мероприятия",,,Занятия на скалодроме,Занятия с инструктором на скалодроме в центре сочи. Цена за час индивидуальных занятий. Возможны групповые тренировки,500.0,79,2017-03-25,Company,,,0.0
Туфли 2пары Нат.кожа по стельке 15см/,,,,,,,,,,,,,,,,,
c956dc475f60,468454d965d8,Саратовская область,Саратов,Животные,Кошки,Другая,,,Отдам замечательного котенка в добрые руки,"отдам котенка от  домашней кошки в добрые руки , оставила бы себе , но три уже перебор , очень красивый будет пушистым . котенок только открыл глазки и питается материнским молоком , но если кому понравиться придержим .",,24,2017-03-19,Private,c51477cb6cf3cde34950b1e3b9f2d2420c0d41f93bdef688b31b413367eca241,2073.0,0.27944
Мембранный верх./,,,,,,,,,,,,,,,,,
Сокет: AM3+/,,,,,,,,,,,,,,,,,
Забрать,посмотреть,потрогать можно у меня в офисе в ТЦ Муравей рядом с метро Заречная. /,,,,,,,,,,,,,,,
a6ca602adf91,b989a1133a1a,Калининградская область,Калининград,Личные вещи,Товары для детей и игрушки,Товары для кормления,,,Стульчик для кормления Jetem Urban Casual,Б/У/,,,,,,,
Доставка воздушных шариков с гелием по Набережным Челнам и ближайшим городам! Украшение и оформление шариками детского праздника,выпускного,шарики на новый год,23 февраля,день святого валентина,8 марта,14 февраля,шары на свадьбу,день рождения,корпоратив,украшение шарами входа в кафе,ресторан,магазин. Любые фигуры и стойки из шаров,монтаж и доставка! /,,,,
Автокресло совместимо с прогулочными колясками Graсо.Автокресло-переноска с лаконичным дизайном и отличным уровнем безопасности GRACO Snugfix /черный создано для малышей возрастной группы 0+,т. е. с рождения до достижения веса 13 кг. Это отличный вариант с точки зрения уровня защиты и комфорта,не зря по результатам краш-тестов ADAC в 2015 году оно получило оценку «очень хорошо»,с особым упором на экологичность модели./,,,,,,,,,,,,,,
38ec201d98a6,f336938006ea,Нижегородская область,Нижний Новгород,Транспорт,Автомобили,С пробегом,ВАЗ (LADA),Largus,"LADA Largus, 2013","Один хозяин, машина в  г. Балахна, минимальный торг, все остальные вопросы по телефону",285000.0,5,2017-03-24,Private,9eaf839de3a798cd52e6732984fd1e87c007506a19d271c2396ac8d50f3f8b54,2264.0,0.11369
f7622949d820,05e2450d3253,Саратовская область,Саратов,Животные,Кошки,Бурманская,,,Кот,"Отдам в добрые и заботливые руки молодого, кастрированного котика, очень игривый, ласковый., кличка Север.",,54,2017-03-17,Company,9c65a0462ef270f0c14df6e6e1bbcea4d70ae030e681ff795ec796c3c8cba523,2215.0,0.0
Цвет: белый/,,,,,,,,,,,,,,,,,
Санузел раздельный. Есть балкон и лоджия./,,,,,,,,,,,,,,,,,
e0c7de07cc58,3c7d1bd85114,Пермский край,Пермь,Бытовая электроника,Телефоны,iPhone,,,iPhone 6S 64gb серый,"Продам iPhone 6S 64gb серый в отличном состоянии, полный комплект, документы, куплен 1 год назад",36000.0,252,2017-03-21,Company,dbcf0dc86a5030b1c3e22b3640042689ce5addf6711d0d71afd030e26c3129a5,2918.0,0.0
8fbbc2e9c0b0,832de1528310,Свердловская область,Екатеринбург,Недвижимость,Коммерческая недвижимость,Сдам,Торговое помещение,,"Торговое помещение, 268.1 м²",Предлагаем стать арендатором перспективного ТЦ Кристалс. /,,,,,,,
8512afdff704,ce1dd3c95cd9,Нижегородская область,Нижний Новгород,Личные вещи,Товары для детей и игрушки,Велосипеды и самокаты,,,Велосипед,"Продам велосипед новый со съемной пищалкой , пользовались дома .",1000.0,185,2017-03-19,Private,6143aacb71246cb5284d472a5d231a723e972e7535470971a6671c04e4c1de5d,830.0,0.80323
изделий в СССР./,,,,,,,,,,,,,,,,,
60b5d67e97f1,1b160eb3c04d,Ростовская область,Ростов-на-Дону,Недвижимость,"Дома, дачи, коттеджи",Продам,Дом,,Дом 146 м² на участке 2.9 сот.,"ЗЖМ, Зорге /Толмачева -  отличный дом кирпич в развитом районе: в шаговой доступности школы, садик, остановки /",,,,,,,
СЕРВИС - У нас есть собственный сервисный центр по ремонту и обслуживанию компьютерной техники,поэтому мы гарантируем стабильность и надежность продаваемых нами компьютеров и ноутбуков. Так же вы можете починить собственный компьютер или ноутбук. ДИАГНОСТИКА производится БЕСПЛАТНО даже в случае отказа от ремонта!/,,,,,,,,,,,,,,,,
80be9fbc4fdb,adf7463332b0,Ставропольский край,Ставрополь,Транспорт,Автомобили,С пробегом,Volkswagen,Touareg,"Volkswagen Touareg, 2008","машина в идеальном состоянии. не битая не крашеная, полная комплектация, только нету люка и заднего подогрева сидений. машина с Германии. ЧИСТЫЙ НЕМЕЦ. У машины работает абсолютно  все, не одной ошибки. пригнан в 2013 году. Пробег родной. Только 2 дня назад заменил масла и фильтра. любые проверки. по паспорту у него 224 лс. За машину уверен, я собственник и говорю как есть. звоните расскажу все что есть, отвечу на любые вопросы. Перекупам не звонить, ставить не куда не буду. И обмен на всякую фигню не предлагать.",900000.0,6,2017-03-27,Private,5addb276e466c90f0b347f953ecbf4c5ed9f2041bb6536e3b733336471a32bda,1118.0,0.0
Продается 2к квартира в кирпичном доме,в каждой квартире автомное отопление! /,,,,,,,,,,,,,,,,
Отправляем телефоны в любой город России компанией СДЭК по 100% предоплате./,,,,,,,,,,,,,,,,,
41d2e250ace7,c162d85377f5,Алтайский край,Бийск,Хобби и отдых,Коллекционирование,Монеты,,,Набор монет,Продам набор из четырех серебряных монет в подарочном футляре,9000.0,13,2017-03-15,Private,98bbad2bcbe2094d2f1a53928ab1fbbe502265278a59c2f6f8f4b5f7bcf3ebff,20.0,0.82668
!!!ВНИМАНИЕ!!! /,,,,,,,,,,,,,,,,,
регулировка частоты вращения,система стабилизации оборотов,тормоз двигателя,пылесборник./,,,,,,,,,,,,,,
— Автоматическая калибровка уникальных оптических,индуктивных и емкостных датчиков обеспечивает наивысшие показатели определения/,,,,,,,,,,,,,,,,
dc4d3d5d83d5,e6aeb1245686,Ставропольский край,Труновское,Недвижимость,"Дома, дачи, коттеджи",Продам,Дом,,Дом 45 м² на участке 15 сот.,"Продаётся хата в с.Труновском,две комнаты,паровое отопление,котёл,свет,газ,вода,хоз.постройки,огород речка в конце,все виды расчета,торг",400000.0,2,2017-03-20,Private,,,0.2379
a5bffb4b0ce0,3ad66742a84e,Татарстан,Набережные Челны,Личные вещи,Товары для детей и игрушки,Детские коляски,,,Happy baby коляска,"Продам коляску очень легкая, маневренная.",6500.0,149,2017-03-28,Private,b0e61de8e8469d0a5666ab8be49fec3706bbe5a12d91cfc61b3dfb85715c108c,1002.0,0.0
598d25906354,07492fed54fa,Пермский край,Пермь,Личные вещи,"Одежда, обувь, аксессуары",Женская одежда,Верхняя одежда,42–44 (S),Пуховик Адидас,Пуховик Адидас /,,,,,,,
— Договор/,,,,,,,,,,,,,,,,,
098c922b4ca7,552cbfa8b221,Краснодарский край,Павловская,Бытовая электроника,Телефоны,LG,,,Обмен lg k7 на диски,Обменяю телефон на колёса 4\100,,48,2017-03-16,Company,6f87a91379b7cd3782309b36b3dff5a30d7971f4df58916e98c8b0bb226d5603,2942.0,0.0
Легкий вес,удобная консоль,хорошие игры./,,,,,,,,,,,,,,,
44c3c203317b,dcb00978345d,Новосибирская область,Новосибирск,Личные вещи,Детская одежда и обувь,Для девочек,Комбинезоны и боди,74-80 см (7-12 мес),Комбинезон,Продам комбинезон с начесом в хорошем состоянии. Можно надевать как поддеву.,150.0,22,2017-03-22,Private,8883b423f1ea950f866daee53305472878cfb1ff9bc9cebfc97742dcf2ddaf12,84.0,0.0
cbe92b817796,bbee62a3c5c6,Оренбургская область,Оренбург,Личные вещи,"Одежда, обувь, аксессуары",Аксессуары,,,Шляпа,Цена договорная,600.0,17,2017-03-18,Private,82501dd4813713c1f04b4da23d6b0b6a85a5cec22f34a1ee78f37001a3f609e5,223.0,0.0
Java-приложения /,,,,,,,,,,,,,,,,,
a516ea42b554,5dc8ad66ac83,Воронежская область,Воронеж,Хобби и отдых,Коллекционирование,,,,2 копейки 1910 г. спб,2 копейки 1910 г.  СПБ,80.0,122,2017-03-28,Company,1daaee89a581bf8516803085555c46cc58d6b7813ce8ec4f33e275c9c743bed8,2419.0,0.0
- Огромный выбор услуг./,,,,,,,,,,,,,,,,,
Торг./,,,,,,,,,,,,,,,,,
5717a0c487c0,0958332d9cfa,Свердловская область,Екатеринбург,Личные вещи,"Одежда, обувь, аксессуары",Мужская одежда,Обувь,< 40,Ботинки,Ботинки THOMAS MUNS весна/осень в идеальном состоянии коричневые на шнурках/,,,,,,,
68b4cb02e4c8,5e7e07d210fd,Ростовская область,Ростов-на-Дону,Хобби и отдых,Музыкальные инструменты,Гитары и другие струнные,,,Электрогитара,Гитара в отличном состоянии /,,,,,,,
7.Jaggernaut/,,,,,,,,,,,,,,,,,
5971c7034cde,feac4bae7fd0,Свердловская область,Екатеринбург,Личные вещи,"Одежда, обувь, аксессуары",Мужская одежда,Другое,,Шорты,"Шорты с трусами. Новые. Не выгорают, качество отличное.",1100.0,59,2017-03-16,Private,01edf30647ab4220c594954cb48b13f8ea5b7a3dfb20e760c5100f04017d41ea,2728.0,0.0
Удобный диван высокого качества,стильный лаконичный дизайн.  /,,,,,,,,,,,,,,,,
d5bee8114845,b4ed58cee794,Кемеровская область,Междуреченск,Личные вещи,Детская одежда и обувь,Для мальчиков,Обувь,21,Босоножки для мальчика 21 размер,"Натуральная кожа, производитель Юничел, б/у.",500.0,8,2017-03-18,Private,f38f22aacf16c72ae092d6d189104614f45876a33823904fb695f48e2b813259,46.0,0.0
Филе   Минтая	  155 руб/,,,,,,,,,,,,,,,,,
Нет/,,,,,,,,,,,,,,,,,
Для работы мобиля требуются 3 батарейки 1,5V типа АА/LR6 (не входят в комплект)./,,,,,,,,,,,,,,,,
-монтаж системы вентиляции;/,,,,,,,,,,,,,,,,,
"Комиссионный магазин Скидок и Распродаж \"\"КУПИ - ПРОДАЙ\"\"./",,,,,,,,,,,,,,,,,
3ecf724db27e,459812bc6c74,Краснодарский край,Армавир,Для дома и дачи,Растения,,,,Алоэ столетник,Алоэ столетник отростки недорого,80.0,3,2017-03-21,Private,6dc69d7e150319d42238b34305f2a1ece7f29fb52b71cefedb6de47c501a97ec,1757.0,0.12311
→ Большой выбор различных комплектующих компьютеров и ноутбуков ✔/,,,,,,,,,,,,,,,,,
6ae061d362f0,9b2e61eae953,Нижегородская область,Нижний Новгород,Услуги,Предложение услуг,"Ремонт, строительство","Строительство домов, коттеджей",,Строительство и ремонт,"Принимаем заказы на ремонт квартир,строительство частных домов,коттеджей,таунхаусов.А так же изготавливаем любые нестандартные металлоизделия на своем производстве.Сотрудничаем со строительными базами и производителями.Подробности по телефону.",,3,2017-03-28,Private,,,0.6
bfaa5aff9025,ae3d91f87257,Ханты-Мансийский АО,Сургут,Бытовая электроника,Товары для компьютера,Комплектующие,Корпусы,,Продам корпус irbis,"Крышка есть на корпус,возможен торг!",1200.0,39,2017-03-15,Private,5d7d55d4dc9b819f4b996b375051cbe5435302024fed4680803c575707f022b4,1846.0,0.0
c819227cb53c,f7fd2d7b5919,Алтайский край,Бийск,Хобби и отдых,Музыкальные инструменты,Гитары и другие струнные,,,Продам электрогитару с усилителем,"Требуется поставить новые струны, брал новую пару раз поиграл и забросил. Состояние как новая",8000.0,5,2017-03-26,Private,62df243f3d9187546a6dccd21861cc93ba17b423f2dbcecd3f1798419c79a77d,2519.0,0.0
"Габаритные размеры: 1100*600мм; Высота: 750мм\"",2400.0,42,2017-03-15,Shop,ce210795ca61f077cfe4e82c6e370bf5549a96cd544feadab9051619482ba4e8,1531.0,0.0,,,,,,,,,,
отжим 1000 оборотов. /,,,,,,,,,,,,,,,,,
fa21d0e507c7,6da775b1ef92,Красноярский край,Красноярск,Личные вещи,Детская одежда и обувь,Для девочек,Обувь,36,Сапоги демисезонные kapika,"Продам сапоги кожаные фирмы kapika, размер 36, не маломерки",1000.0,134,2017-03-15,Private,6fe506374b28a7721af7e704351d8b6804cbe9896cf56796f11293901b0f4040,446.0,0.0
0340557a7ab2,df5e2ae9321c,Челябинская область,Челябинск,Личные вещи,Товары для детей и игрушки,Детская мебель,,,Стульчик для кормления Chicco Polly,"Продам отличный стульчик для кормления Chicco Polly, все в рабочем состоянии,  на чехле для новорожденных небольшой разрыв (виден на фото), но это не влияет  на эксплуатацию (болезнь всех чехлов этой фирмы). /",,,,,,,
99d673bbfe02,baa4dc426f7a,Татарстан,Казань,Бытовая электроника,Планшеты и электронные книги,,,,"iPad Pro, 9,7 128 rose, wi-fi, новый","\"Наш магазин \"\"AppleMarket\"\" предлагает оригинальную технику Apple по доступным ценам./",,,,,,,
996704e7942d,eb51c0e42f33,Свердловская область,Екатеринбург,Хобби и отдых,Спорт и отдых,Игры с мячом,,,Футбольные гетры,В нормальном состоянии/,,,,,,,
Артикул: RT03 Возраст: от 1 года Материал: Пластмасса,металлПроизводитель: КНР Размер упаковки:/,,,,,,,,,,,,,,,,
"Партия ограничена.\"",950.0,23,2017-03-28,Private,e7f82290fa1d84eb4fdfd87c1ab09e4027075e1decddc8d13da4995ed4a8f68c,199.0,0.0,,,,,,,,,,
431397b35802,cf797be0b9c0,Башкортостан,Стерлитамак,Личные вещи,Товары для детей и игрушки,Детские коляски,,,Трансформер зима-лето,"3 положения спинки , перекидная ручка , пружинная амортизация , сумка-переноска , сумка для мамы , москитка , в отличном состоянии",3500.0,158,2017-03-17,Company,cf48e77906cb102d42bc3bdfea7d3d450f5a4fded2e7328c8d81e5d53af28f35,1002.0,0.80323
fde5bc1e3727,77f8de72cefe,Белгородская область,Белгород,Бытовая электроника,Телефоны,Аксессуары,Зарядные устройства,,Power Bank,"Новый,заряжать можно не только айфон",600.0,26,2017-03-16,Company,262febf7305c21bbd7379de62bc77a761aebad70666654008297af0165d7adf9,2918.0,0.16585999999999998
e68a2b231b31,305d1fae8973,Тульская область,Щекино,Личные вещи,Детская одежда и обувь,Для девочек,Обувь,30,Резиновые сапожки,Состояние новых,200.0,2520,2017-03-17,Company,53460698de7c5af584824a10100c2d091a29cd7a0921c848d581b35ee2469822,91.0,0.0
a4cc54c0ed72,e826f74e9a49,Волгоградская область,Волгоград,Личные вещи,Детская одежда и обувь,Для девочек,Другое,,Рубашка на девочку,"Продаю рубашку на девочку, куплена в Modis, ношеная пару раз, размер 2XS/",,,,,,,
f82ee8728e85,19995aa2b365,Краснодарский край,Краснодар,Личные вещи,Детская одежда и обувь,Для девочек,Другое,,Новые. Можно на подарок,"Новые . Скутер мини 1150, со светящимися колесами 1250. Макси 1650, со складной ручкой 2050. Скутер 1550. 3 в 1 1900. 4 в 1 2450. 5 в 1 ожидаем через 2 недели 2150.",1150.0,106,2017-03-18,Shop,e79c473dd53ccb04f2c02c90a98dc3dcf6deeaecfc661cb127056d0e792537fd,830.0,0.12734
Brand: EKEN /,,,,,,,,,,,,,,,,,
Длина провода: 82 см/,,,,,,,,,,,,,,,,,
🔷 Огромное количество реквизита из поролона;/,,,,,,,,,,,,,,,,,
3ba8370bc3ae,ed029b9e0532,Ростовская область,Ростов-на-Дону,Недвижимость,Квартиры,Сниму,На длительный срок,1,Сниму 1-к квартиру,Срочно сниму однокомнатную квартиру в районе площади Ленина. Оплата 10000+комуналка. Порядок и своевременную оплату гарантирую.,10000.0,6,2017-03-26,Private,,,0.7682399999999999
4dcb4987a309,ef2304523abe,Новосибирская область,Новосибирск,Услуги,Предложение услуг,"Праздники, мероприятия",,,Новинка Объемные цветы для праздника,"Срочно продам композицию из крупных объемных цветов для Вашего праздника (свадьба, день рождения, встреча из роддома и др.) или фотосессии. Восхищение гостей, отличное настроение и эффектные фото Вам гарантированы./",,,,,,,
У нас самая низкая цена на детский самокат !/,,,,,,,,,,,,,,,,,
6ef7bc3a7838,11c2729e1676,Воронежская область,Воронеж,Хобби и отдых,Велосипеды,Горные,,,"\"Велосипед Stinger 26\"\" Traffic\"","\"Велосипед Stinger 26\"\" Traffic./",,,,,,,
/,,,,,,,,,,,,,,,,,
/,,,,,,,,,,,,,,,,,
/,,,,,,,,,,,,,,,,,
/,,,,,,,,,,,,,,,,,
/,,,,,,,,,,,,,,,,,
/,,,,,,,,,,,,,,,,,
/,,,,,,,,,,,,,,,,,
/,,,,,,,,,,,,,,,,,
/,,,,,,,,,,,,,,,,,
/,,,,,,,,,,,,,,,,,
/,,,,,,,,,,,,,,,,,
/,,,,,,,,,,,,,,,,,
/,,,,,,,,,,,,,,,,,
/,,,,,,,,,,,,,,,,,
/,,,,,,,,,,,,,,,,,
/,,,,,,,,,,,,,,,,,
/,,,,,,,,,,,,,,,,,
/,,,,,,,,,,,,,,,,,
/,,,,,,,,,,,,,,,,,
/,,,,,,,,,,,,,,,,,
/,,,,,,,,,,,,,,,,,
/,,,,,,,,,,,,,,,,,
/,,,,,,,,,,,,,,,,,
/,,,,,,,,,,,,,,,,,
/,,,,,,,,,,,,,,,,,
/,,,,,,,,,,,,,,,,,
/,,,,,,,,,,,,,,,,,
/,,,,,,,,,,,,,,,,,
/,,,,,,,,,,,,,,,,,
/,,,,,,,,,,,,,,,,,
Оплата наличными или платёжными картами ( Visa,MasterCard )/,,,,,,,,,,,,,,,,
Прикрутить,открутить,завернуть,собрать,разобрать!/,,,,,,,,,,,,,
Плойка/,,,,,,,,,,,,,,,,,
Если Вы приобретаете данный системный блок,то при ссылке на данное объявление Вы также имеете право воспользоваться скидкой 33% на любой 15-ти или 17 дюймовый ЖК монитор из имеющихся у нас в наличии!!!/,,,,,,,,,,,,,,,,
- Выдвижной ящик под сиденьем переднего пассажира/,,,,,,,,,,,,,,,,,
ХАРАКТЕРИСТИКИ:/,,,,,,,,,,,,,,,,,
369d42d19613,bf1b4105873b,Кемеровская область,Кемерово,Личные вещи,"Одежда, обувь, аксессуары",Женская одежда,Пиджаки и костюмы,48–50 (XL),Костюм. Франция,"Продам. Размер 50,можно примерить на 52. Франция. Пиджак+ юбка. Цвет на фото немного отличается от реального.",500.0,59,2017-03-17,Private,16031a62a89867c17b2d7e1708c29301a9dba5fcd34752781110df30d17ec31a,575.0,0.0
Характеристики:/,,,,,,,,,,,,,,,,,
0e97166b7370,f64ff8c8506f,Алтайский край,Барнаул,Бытовая электроника,Телефоны,iPhone,,,iPhone 6s 16g,"Немного б/у, в отличном состоянии, обмен НЕ рассматриваем",25555.0,77,2017-03-21,Company,7ffe406a709a8248408d827c638e8a9a3d2486abf0653dd47596a1da9e1c4d19,2918.0,0.10918
fabbe461adee,bc89046cb438,Новосибирская область,Новосибирск,Услуги,Предложение услуг,"Красота, здоровье",,,"Наращивание ресниц, Архитектура бровей",Сертифицированный мастер по наращиванию ресниц и оформлению бровей. Нужны модели:/,,,,,,,
cad2131c47cf,6d984a30f9f0,Алтайский край,Барнаул,Личные вещи,Красота и здоровье,Средства гигиены,,,"Пудра, пена для ванн","Пудра 200р, пена для ванн 100р.",200.0,18,2017-03-20,Private,3c28ef4e549ae04f9d4eaf07afa53794b96920d30c0b334ce7e4020cbb7c479f,872.0,0.0
"Номер объекта: #2/537000/2429\"",3350000.0,189,2017-03-22,Company,87c0ac2a6db7e7b4450332d9edc7c6858822e26bf75ff3cbbd6bcfdb12f077c4,2218.0,0.0,,,,,,,,,,
Гарантия сервисного центра на iPhone 1 год*/,,,,,,,,,,,,,,,,,
c5607dd00e50,211ddc6f4817,Башкортостан,Стерлитамак,Недвижимость,Коммерческая недвижимость,Продам,Торговое помещение,,"Торговое помещение, 784 м²","Продается 3-этажное здание в исторической части города, 1 этаж с подвальным помещением возможно использовать под торговую деятельность или точку общественного питания, имеются 3 вспомогательных (складских) помещения, 1 гараж, большой внутренний двор с въездными металлическими воротами.Территория огорожена. Телекоммуникации. Рядом остановка общественного транспорта.",,16,2017-03-20,Company,50676555b611f63725dc01504e92abf335e6b9788c411f90d84296bb181bd3db,2218.0,0.06491
066b40fa65c4,35cc09a299e1,Ростовская область,Ростов-на-Дону,Личные вещи,"Одежда, обувь, аксессуары",Аксессуары,,,Шарф труба (сунд),"Шарф труба, или же сунд, идеально состояние, нежный розовый цвет и красивая вязка, куплен в магазине befree",150.0,29,2017-03-26,Private,0e81f05daeb1d858e30e8e94c69cdbbe5da291c668deaf86aa2d93e490905dee,248.0,0.0
cf81dfe64dfc,63f6a34ee454,Воронежская область,Воронеж,Транспорт,Автомобили,С пробегом,ВАЗ (LADA),4x4 (Нива),"LADA 4x4 (Нива), 2015","Все наши автомобили проходят полную проверку(залоги и обременения, штрафы и аварийность) так-же проходят полную предпродажную подготовку и диагностику./",,,,,,,
a919f8f59a6b,b81b771e2085,Красноярский край,Красноярск,Бытовая электроника,Товары для компьютера,Комплектующие,Блоки питания,,Блок питания (адаптер питания) FSP220-aban1,Блок питания (адаптер питания) FSP220-ABAN1 для ноутбука Clevo./,,,,,,,
6052d3254542,4a90a49ac3c5,Татарстан,Набережные Челны,Транспорт,Водный транспорт,Моторные лодки,,,Suzuki dt 30 2009г.в. с машинкой,Suzuki dt 30 2009 г.в. с машинкой. Мотор в отличном состоянии. Ходил на казанке с булями (селёдка). Доп. фото по запросу.,105000.0,126,2017-03-20,Private,2dcf5361336b6adddcaa92f2ceb4bd075f1812bcdbbf5d6f0b0cf33ad30f35f8,1093.0,0.61741
-Тип конденсатора	батарея/,,,,,,,,,,,,,,,,,
•	Ремонт ПК и комплектующих/,,,,,,,,,,,,,,,,,
3a03a80c470c,399b5c8736d4,Свердловская область,Екатеринбург,Транспорт,Автомобили,С пробегом,Nissan,Qashqai,"Nissan Qashqai, 2013",Безопасность/,,,,,,,
длина 1,4 см камни по 1 мм/,,,,,,,,,,,,,,,,
4b712e709046,75e634b790ed,Калининградская область,Калининград,Бытовая электроника,Товары для компьютера,Комплектующие,Оперативная память,,Оперативная память,Оперативная память ддр3 1 ги,300.0,67,2017-03-26,Private,46dc22e0d0813de71ca0f0112ed8e2764285d40c4d8fd9479963b63fa71692b3,2853.0,0.0
aebcf65031ab,e5842ea2b6db,Башкортостан,Мелеуз,Недвижимость,Гаражи и машиноместа,Сдам,Гараж,Кирпичный,"Гараж, > 30 м²","Сдам в аренду гараж автомастерскую по ул. 50 лет Влксм 21а, здание 114 кв.м, есть санузел, вода, трехфазное эл.эн., комната для отдыха, подъемник двухстоечный на 2т., яма, верстаки, стелажи, шкафы,отопление 2 печки дровяные и электротепловая пушка, заключаю договор на один год с пролонгированием, оплата при подписании договора 10 т.р. за первый месяц и 10т.р. за послендний, по договору, далее расчеты по месячно по договоренности. Так же пригаражная огороженная территория на 2-3 машиноместа высота потолка 4,5м, двое ворот с торца 2,6 и сбоку 3м. заходит тентовая газель. Дополнительные подробности и вопросы, можно узнать по телефону либо на адресе я почти там каждый день. Алексей.",10000.0,22,2017-03-27,Private,,,0.14399
0c46b40d56fa,5863058c1a63,Самарская область,Самара,Услуги,Предложение услуг,Другое,,,Составление смет в программном комплексе estimate,Нужно оперативно и быстро посчитать смету? /,,,,,,,
d3a22f7b8b8a,ad927ad72b63,Самарская область,Самара,Личные вещи,Детская одежда и обувь,Для девочек,Обувь,36,Полусапожки из кожи Kapika размер 36,Полусапожки черные из кожи фирмы Kapika размер 36 для девочки,1500.0,168,2017-03-22,Private,8ca770dc15931e84fd855bd5e5be4b61d74961aeb539ed06d01f08cb4b66cde6,1125.0,0.0
107c6e630bbd,f39e3c5aaaf7,Самарская область,Самара,Личные вещи,"Одежда, обувь, аксессуары",Женская одежда,Обувь,36,Сапожки зимние,"Б/у. Натуральная замша, до колена, удобная колодка мех и замша натуральные. Черного цвета на каблучке.",500.0,12,2017-03-17,Private,54f852ce39e1971d9de7ede644dbf5bc150572e3f21f4c9f5ec4ab2300df5943,489.0,0.18137
•Возможность контролировать затраты на связь (детальный отчёт на компьютер/принтер) /,,,,,,,,,,,,,,,,,
Фазное выходное напряжение,В	 220 U+U 8%/,,,,,,,,,,,,,,,,
76a6f4c4b5e5,c76661f63075,Нижегородская область,Нижний Новгород,Бытовая электроника,Аудио и видео,Кабели и адаптеры,,,Кабель hdmi,Доставка по НН беспланта.,350.0,9,2017-03-19,Private,5586aba57643eedb272da4159c959a0b479959b52947f0ef2755fbc4215230be,3028.0,0.0
faf97b160b4f,9fe446c7e49e,Челябинская область,Челябинск,Для дома и дачи,Мебель и интерьер,"Кровати, диваны и кресла",,,"\"Детский Мини-диван \"\"Томас\"\" в наличии\"",Уважаемый посетитель! нажмите справа на «Мебельный салон SVETLANA» для просмотра всего ассортимента мебели нашего магазина/,,,,,,,
"Цена окончательная\"",5000.0,2,2017-03-26,Private,f8f2eddc2cfcedc30901c47570cccd2c94479900439748394405cacd17df9ce5,2962.0,0.76786,,,,,,,,,,
Звоните,чтобы записаться на примерку!/,,,,,,,,,,,,,,,,
c7f45f33c877,34a6c76cd3f8,Кемеровская область,Новокузнецк,Личные вещи,Детская одежда и обувь,Для девочек,Обувь,32,Босоножки нарядные,,600.0,2,2017-03-21,Private,d3ccb916443a56ea0add115a34a11bd316e1b60369534c83d00666276df52db2,93.0,0.0
19eec92a5f08,a2bf4485d926,Свердловская область,Березовский,Для дома и дачи,Бытовая техника,Для дома,Пылесосы,,Электрошвабра,Идеальное состояние,1200.0,5,2017-03-27,Private,64692f32a02b7b562149f29e9ab857aef0be1c303fcfe15b7b19170972a187c6,1697.0,0.0
"Звоните в любое время\"",5500.0,4,2017-03-28,Private,8ab4d28e5fa98e95683968a271ae304f27f4a6306f20ec23a000e4d1514cc4f2,2918.0,0.76786,,,,,,,,,,
671f2ee9e9e7,0f51571ed7d2,Свердловская область,Екатеринбург,Личные вещи,"Одежда, обувь, аксессуары",Женская одежда,Топы и футболки,44–46 (M),Бархатный топ,Новый топ/,,,,,,,
59da738c43cd,16f996b4905d,Самарская область,Сызрань,Личные вещи,Детская одежда и обувь,Для мальчиков,Другое,,Джинсовый костюм,Продам джинсовый костюм.рост 104-110.Новый.Не носили.,500.0,70,2017-03-17,Private,cc06343827b3f334f6fa72b00e64b18e4d3366c35bc1abc295882e9a0f36da05,50.0,0.0
80749ebde46a,541e43d54762,Татарстан,Казань,Для дома и дачи,Мебель и интерьер,"Предметы интерьера, искусство",,,Дерево из бисера,"Эксклюзив, ручной работы",1600.0,20,2017-03-19,Private,2d8e44a1cda015f4c29c58b4ced18c8862777e9fcfc8675c55c81f4ab88d771b,1721.0,0.0
- Уникальная прочная пайка/,,,,,,,,,,,,,,,,,
d9efe93b6e5c,e09253fc96df,Самарская область,Самара,Личные вещи,"Одежда, обувь, аксессуары",Женская одежда,Верхняя одежда,44–46 (M),Демисезонная женская куртка фирмы «Gipnoz»,"Демисезонная женская куртка фирмы «Gipnoz», размер 46 (лучше подойдет на 44-46), б/у 1 сезон, в очень хорошем состоянии (состояние новой вещи).",1500.0,38,2017-03-28,Private,10a998b4ec33c9d63e014b833a9aea08aa5b5ec9bf796c0bbdb7ddd05375e447,96.0,0.0
• 100% гарантия качества (согласно законодательства РФ). Постгарантийное обслуживание./,,,,,,,,,,,,,,,,,
УПРАВЛЕНИЕ/,,,,,,,,,,,,,,,,,
bfa1bb6ac957,1775636087d8,Челябинская область,Златоуст,Бытовая электроника,Оргтехника и расходники,Расходные материалы,Картриджи,,Чернила снпч,Продам чернила OCP к СНПЧ Epson L800... поштучно./,,,,,,,
Возможность отправки наложенным платежом (взимается комиссия 2,5 % с покупателя). Доставка до ТК платная. /,,,,,,,,,,,,,,,,
В наличии также другая техника Apple. Доставка в регионы/,,,,,,,,,,,,,,,,,
8e77be33ea87,40f8a697aa16,Татарстан,Альметьевск,Личные вещи,Детская одежда и обувь,Для девочек,Верхняя одежда,86-92 см (1-2 года),Зимний комбинезон на девочку,"В отличном состоянии. На рост 86, но носили эту зиму с ростом 92. Тёплый, удобный./",,,,,,,
Предложите,кому интересно!/,,,,,,,,,,,,,,,,
6833adb30b20,100db78aa060,Краснодарский край,Краснодар,Для дома и дачи,Мебель и интерьер,Столы и стулья,,,Стол,Литовский деревянный стол. Раскладывается по высоте и ширине.,5000.0,47,2017-03-17,Company,e8507697c8caf198740fa877552914ba2a408011951f9089c05577ff07595676,1531.0,0.0
./,,,,,,,,,,,,,,,,,
./,,,,,,,,,,,,,,,,,
./,,,,,,,,,,,,,,,,,
Общая площадь 46 кв.м . Жилая площадь 31.3. Комнаты изолированные 17,2/14,1. Кухня - 7./,,,,,,,,,,,,,,,
Флисовый с хлопковым подкладом,"кнопки все рабочие.\"",300.0,23,2017-03-16,Private,23c8f97030abfdf6aefef2d69866684aeb3e30242be11c443393a925a16e2698,42.0,0.0,,,,,,,,,
3e44fc64608c,7fc9c21221e9,Калининградская область,Калининград,Бытовая электроника,Товары для компьютера,Комплектующие,Блоки питания,,Блок питания компьютерный 400-500 ватт,Много разных моделей/,,,,,,,
3c1849649230,887b0318a3bf,Ханты-Мансийский АО,Ханты-Мансийск,Недвижимость,Земельные участки,Продам,"Сельхозназначения (СНТ, ДНП)",,"Участок 10 сот. (СНТ, ДНП)","Продам земельный участок 10 соток, проведено электричество, газ заведён на участок. Участок отсыпан грунтом. Обмен не интересует.",1000000.0,9,2017-03-24,Private,,,0.0
От дождя ребенка защитит съемный капюшон,оснащенный складной солнцезащитной вставкой. Капюшон и вся обивка Peg-Perego Si Completo выполнена из однотонного текстиля с едва заметным перламутровым узором из кружочков. Ткань плотная,надежная,очищающаяся посредством простой стирки./,,,,,,,,,,,,,,
+ Один владелец;/,,,,,,,,,,,,,,,,,
Пыле-,влаго-,ударопрочность	Нет/,,,,,,,,,,,,,,,
3e4e78ba291e,b83038914379,Краснодарский край,Новопокровская,Для дома и дачи,Ремонт и строительство,Стройматериалы,,,"Блок-контейнер, пост для охраны","Организация занимается производством бытовок, блок-контейнеров, постов для охраны, вагончиков, КПП – все, что Вашей душе угодно!/",,,,,,,
Объем ковша 1.4 м3/,,,,,,,,,,,,,,,,,
5574677d492c,398dc1ed61a8,Тюменская область,Тюмень,Бытовая электроника,Телефоны,Nokia,,,Nokia 2330C-2,,800.0,1732,2017-03-28,Company,52ccfbb5cbbe357f64f2c86dbb6ef59a90ef5d7042a8ce9de092dee46a0c922a,2939.0,0.0
есть WatSap/,,,,,,,,,,,,,,,,,
"Состав: хлопок 100%\"",299.0,18,2017-03-28,Company,4507ea6c630aa31389c48b5004cd813f3e2403ee68476f87f85b68a4d6b9ef46,624.0,0.0,,,,,,,,,,
412a3fb685e6,5c1e80dd381e,Башкортостан,Уфа,Услуги,Предложение услуг,Мастер на час,,,Собрать разобрать мебель мастер Электрик недо,Мастер/,,,,,,,
Ходят только на кошачий горшок. Очень ласковые и не любят драться и задираться. Семен кастрирован./,,,,,,,,,,,,,,,,,
0ca0573acec3,7a2d579ff7d9,Свердловская область,Екатеринбург,Для дома и дачи,Посуда и товары для кухни,Посуда,,,Восточная посуда,Остатки восточного сервиза,1600.0,87,2017-03-16,Private,cf47601881b86b0be821e421bec3647fed65136303894d0a1c67c84498d0a52b,1552.0,0.0
c76624d67259,8a02ec126f0d,Краснодарский край,Белореченск,Личные вещи,"Одежда, обувь, аксессуары",Женская одежда,Другое,,Продам пакетом,"Продам вещи б/у, размер 44 и 46. Все вместе за 600 рублей.",600.0,20,2017-03-15,Private,2539567581d9321cc335a8448935473888ef08419ab49a8781d3380ce3c399fd,415.0,0.0
77a8cc622bdd,687f59c2178a,Удмуртия,Ижевск,Личные вещи,"Одежда, обувь, аксессуары",Женская одежда,Рубашки и блузки,42–44 (S),Белая рубашка,,300.0,87,2017-03-19,Private,5e683c654ab5e69242e07c76068d9d39110f467380f47b6ade1ace3cf3ed8cee,413.0,0.0
c47391aadd50,f9780c8fcf4b,Воронежская область,Воронеж,Личные вещи,Товары для детей и игрушки,Постельные принадлежности,,,Подушка для кормления (банан),"Наполнитель анти стресс , в использовании практически не была отличное состояние,чистая без пятен и тд.",1000.0,17,2017-03-25,Private,93b1b0f77dc0e92a9901306b17e6331626b8a7fe3cb626c05a0f2d5ded14018c,810.0,0.0
— Диаметр линз: 25 мм/,,,,,,,,,,,,,,,,,
22b2835b5f12,8cb7b0121bbd,Краснодарский край,Выселки,Животные,Другие животные,С/х животные,,,Хряк вьетнамец,"Вьетнамец хряк возраст 1,7 лет",6000.0,16,2017-03-16,Private,,,0.0
e217f00a79ab,337ec010a3f6,Волгоградская область,Волгоград,Личные вещи,"Одежда, обувь, аксессуары",Женская одежда,Брюки,40–42 (XS),Брюки классические,"Брюки в идеальном состоянии, классического прямого покроя, цвет нейтральный, подойдут ходить  как в офис, так и в учебные заведения. На рост до 175см./",,,,,,,
"(звонить вечером)\"",150.0,13,2017-03-21,Private,71d613aa153df25bdcdd1978c7ffa62b9d3a8f0be216ba8ae9566f9379c2371a,563.0,0.0,,,,,,,,,,
"Нефтестрой.\"",2500.0,19,2017-03-22,Private,46e69862f497322d67e9ceef0816952b4850ebe675627d335d2b9fb497c4d1ef,535.0,0.0,,,,,,,,,,
ea2039bd64b6,96dfbdd49891,Нижегородская область,Нижний Новгород,Личные вещи,Детская одежда и обувь,Для мальчиков,Брюки,146-152 см (10-12 лет),"Классные джинсы на мальчика, 152см","Продаю джинсы прямого кроя на мальчика фирмы C&A (Германия). Абсолютно без дефектов, как новые.",750.0,36,2017-03-18,Private,af323372e0e731ac14131c21a92eea20c89ee56d296d3d13f94d7557e6c9e8a5,658.0,0.0
"💙МЫ РАБОТАЕМ С ЛУЧШИМИ ПРОИЗВОДИТЕЛЯМИ💙\"",2580.0,312,2017-03-16,Company,41d228344b9a53a9507c443211439edb4af728f565bb129c6ae7ddc0eaab4fe8,1701.0,0.0,,,,,,,,,,
ГАРАНТИЯ 10 ЛЕТ на все устанавливаемые потолки,ГАРАНТИЯ 3 ГОДА на все монтажные работы,ГАРАНТИЯ 1 ГОД на сервисное обслуживание./,,,,,,,,,,,,,,,
3bf595f82a4f,a69f45a2f89f,Башкортостан,Уфа,Для бизнеса,Оборудование для бизнеса,Другое,,,Готовый Киоск,"Готовый киоск из алюминиевого профиля с остеклением.размеры 1,5м *2,4м. Высота 2,5м + 2 шкафа 0,3м*0'6м высота 2,3м. Цена за киоск,без места!Торг!",30000.0,31,2017-03-24,Private,e2878a1c8c3f4423bd43948b5b46aad6da193d766373a1a10c8b635e51bef235,2268.0,0.0
-	Интеллектуальная система доступа в автомобиль и запуск двигателя нажатием кнопки Smart Entry & Push Start/,,,,,,,,,,,,,,,,,
08d7ad718ba8,e2f5753562ed,Свердловская область,Екатеринбург,Недвижимость,Коммерческая недвижимость,Сдам,Помещение свободного назначения,,"Помещение свободного назначения, 180 м²","Пересечение главных улиц города - большой пешеходный трафик. сигнализация, интернет. Цена 350 за метр. под любые законные виды деятельности.",60000.0,1477,2017-03-25,Company,fb146f5829af83a4ec0b640c64ba6cc27bfecc5d7462d25efc72e3d73f04b195,2266.0,0.04019
Тип датчика/,,,,,,,,,,,,,,,,,
6de99c11f51a,79f32a284110,Калининградская область,Калининград,Личные вещи,Детская одежда и обувь,Для девочек,Комбинезоны и боди,74-80 см (7-12 мес),Комбинезон для девочки,Продам теплый комбинезон для девочки размер 74-80 в хорошем состоянии,350.0,254,2017-03-23,Company,449eb8e652967d3bab482f568c7e9142480826ccb65f73b49b4dd7e3ef0193b0,84.0,0.0
70ceb998df7a,976193c8ee90,Калининградская область,Калининград,Личные вещи,Товары для детей и игрушки,Детская мебель,,,Продается детская кроватка,"Продаётся детская кроватка со встроенным пеленальным столиком,также в комплекте матрас с комплектом детского белья.Кроватка в хороем состоянии!/",,,,,,,
Тюнинг - Решетка RIVA+Винт Solas R-Series /,,,,,,,,,,,,,,,,,
Процессор/,,,,,,,,,,,,,,,,,
НОВЫЕ кроватки – от 1990 руб.,НОВЫЕ автокресла – от 2390 руб.,/,,,,,,,,,,,,,,,
Светодиодное табло является точным высокочувствительным электронным прибором. Соблюдение указаний по эксплуатации и правил технического обслуживания обеспечивает надежную и эффективную работу в течение длительного времени. Светодиодное табло изготовлено в соответствии с техническими требованиями и в соответствии с параметрами./,,,,,,,,,,,,,,,,,
Огромный выбор профнастила с любой высотой волны,металлочерепицы,водосточных систем,доборных элементов кровли,снегозадержателей и прочего./,,,,,,,,,,,,,
Модель: 	C40-30/,,,,,,,,,,,,,,,,,
Если Ваш бюджет ограничен,а хочется жить отдельно и с комфортом,то это для Вас!/,,,,,,,,,,,,,,,
1) Смарт Часы GT08 /,,,,,,,,,,,,,,,,,
b9093eb333d5,39e59fd3f334,Ярославская область,Ярославль,Хобби и отдых,Коллекционирование,Картины,,,Рамка для картины (бук),"Рамка для картины буковая Размер 46,5-36,5 Внутренний 40-30,5",400.0,19,2017-03-15,Private,a74826e9a7bfdbd5c506c9a6cd8c2b5c271f2961f68dc943b268044317de9610,1602.0,0.0
4b34348c02d3,5a9425bdaa0e,Кемеровская область,Кемерово,Бытовая электроника,Телефоны,iPhone,,,Продам iPhone 5,"Продам  IPhone 5, память 16 Гб, цвет чёрный и белый. Хорошее состояние, оригинальные коробки, зарядки. Цена за один 8500, за два- 16 000 т.руб. Реальному покупателю небольшой торг.",8500.0,3,2017-03-28,Private,e6e03d51f504e7162111235d2fbd924885e4eecb1a9eade0a011a07257bf9ad8,2918.0,0.76786
a2c2a9ed4e93,7bd1afeb85ce,Нижегородская область,Нижний Новгород,Для дома и дачи,Ремонт и строительство,Двери,,,Дверь межкомнатная Порта-21,"Дверь Порта-21, все размеры в наличии, доставка, комплектующие./",,,,,,,
Оборудование:/,,,,,,,,,,,,,,,,,
a1099f8e413e,702d9f8f8fdd,Свердловская область,Екатеринбург,Личные вещи,"Одежда, обувь, аксессуары",Женская одежда,Обувь,36,"Ботинки женские, р.36","Танкетка, кожа, очень удобные. Внутри подкладка, не очень тёплые. Благодаря двум замочкам легко одевать. Эффектно смотрятся и с юбкой и с брюками, джинсами. Состояние отличное. Район ЖБИ. Пишите, звоните, приезжайте на примерку.",700.0,41,2017-03-16,Private,710c1dc0abcdfe881edf6b20e8ed38a6afd3740bc55ff98ba7f0a16c847d8c64,641.0,0.80323
"29(стелька 18 см.);30(стелька 19 см.)\"",600.0,333,2017-03-17,Shop,2c7d145a82fac2eb7a29e78b30db784731cb03eacaadf04c41d06b91329eb632,617.0,0.0,,,,,,,,,,
ул. Кропоткина,дом 271,офис 411/,,,,,,,,,,,,,,,
Натуральный мех писец /,,,,,,,,,,,,,,,,,
898becff9d0b,6cdd6df2f1b7,Ханты-Мансийский АО,Нижневартовск,Личные вещи,Детская одежда и обувь,Для мальчиков,Верхняя одежда,86-92 см (1-2 года),Комплект Raima для мальчика,"Демисезонный комплект для мальчика.Материал - прочный, хорошо подходящий для межсезонья, водо- и ветронепроницаемый, «дышащий».",2000.0,1,2017-03-20,Private,7e1908b66871b24dc8dc516cf306bfd7bbf27995697f25fccb90598fbada67e2,50.0,0.12912
В хорошем состоянии VG+,но без конверта,соответственно/,,,,,,,,,,,,,,,
Размер(ШхГхВ): 1100x450х1700 мм./,,,,,,,,,,,,,,,,,
050eebdc1dc3,d9893595cffa,Оренбургская область,Оренбург,Недвижимость,Квартиры,Продам,3,Новостройка,"3-к квартира, 90.7 м², 14/17 эт.",Продается 3-комнатная квартира на 14 этаже в новом доме на ул. Транспортная 1/1/,,,,,,,
6df0ae4fc9db,31b20359eeb2,Волгоградская область,Городище,Животные,Другие животные,С/х животные,,,Ландрас,"Продаю поросят пароды ЛАНДРАС,возраст 5 месяцев",6000.0,29,2017-03-24,Private,,,0.12064
480i,480p,576i,576p,720p,1080i,1080p/,,,,,,,,,,,
9142b9ee9f86,a434073816c1,Алтайский край,Бийск,Личные вещи,Детская одежда и обувь,Для девочек,Комбинезоны и боди,62-68 см (2-6 мес),Комплект пр-во Тайланд новый,"Наборчик - боди, мягенький комбинезончик и шапочка. Размер 0-3 месяца.пр-во Тайланд. Новое!!!",500.0,22,2017-03-24,Private,58cee52f1838474f9cad9d5af997d0a9dc52d836c9c593abab23b7c7bf0821dc,83.0,0.0
af31decbb3fb,bc11e70f9208,Татарстан,Казань,Личные вещи,Товары для детей и игрушки,Детские коляски,,,Детская коляска,Продам новую коляску BARBARA Indigo 2 в 1.,11000.0,1,2017-03-23,Private,dc9d3137fd7b1240478403c89bbf63f5eed7fe0bf65d2edd03c341d18beb1152,1002.0,0.14138
✅ОАЭ с 11 мая на 6н/7дн от 62500₽/,,,,,,,,,,,,,,,,,
6.Уголок с круж.по гребешку/,,,,,,,,,,,,,,,,,
25d19ba176fe,20a0a560f28c,Челябинская область,Челябинск,Услуги,Предложение услуг,"Транспорт, перевозки",Переезды,,Перегон автомобиля,"Перегоню автомобиль из другого города, области, помощь в выборе автомобиля, оценка автомобиля перед покупкой стаж вождения 5 лет, хорошие знания в состояния автомобиля",,4,2017-03-20,Private,9fe27e0b88e9b4d5fc58fa8946b33c6c5bcb76fbb0947b8f0490c573cca7f559,1118.0,0.0
Шелковистые серые,палевые 190 руб/,,,,,,,,,,,,,,,,
S (42)/,,,,,,,,,,,,,,,,,
d13a941cfc23,c3ce50bd21e3,Татарстан,Казань,Личные вещи,Товары для детей и игрушки,Автомобильные кресла,,,Автолюлька,,600.0,7,2017-03-23,Private,176e9ed0e8cca04e80c92e8609a9a47ac5114beb6ca7ad88682ca0768dff6661,796.0,0.18694
К участку имеется индивидуальная дорога./,,,,,,,,,,,,,,,,,
Только после покраски. Цвет - реклама 121./,,,,,,,,,,,,,,,,,
Объем багажного отдела: 40.3 л/,,,,,,,,,,,,,,,,,
16149892a71e,ec0c63049ece,Иркутская область,Усолье-Сибирское,Личные вещи,Красота и здоровье,Средства гигиены,,,Мази и калоприемники для стомы,все вопросы по тел.,,60,2017-03-26,Private,b39f36038293e8ea4128499277e517b5e2293fa843ba7d0ab31efbca11f3bd0f,762.0,0.0
Новые удобные стекла с подоконником./,,,,,,,,,,,,,,,,,
Цена договорная,"звоните.\"",12380000.0,181,2017-03-16,Company,0428bfe641d7959626e887ab7efb284925da1963ad4ec475e3678b60aaac137c,2218.0,0.02444,,,,,,,,,
"Р-н Гулливера.\"",400.0,33,2017-03-24,Private,ee177d7b7e94410c657e98ca5a3725e608704cdc79ece335a2d1c15450137cde,1421.0,0.18056,,,,,,,,,,
f937b35a2db2,0b61a6c46746,Самарская область,Самара,Личные вещи,Товары для детей и игрушки,Детская мебель,,,"\"Стол-стул \"\"Эльф\"\" с пластиковой столешницей\"","\"Стол-стул \"\"Эльф\"\" с пластиковой столешницей Желтый с рисунком. Размеры стульчика-трансформера: 57 х 59 х 100 см Размеры стула: 70 х 55 х 50 см /",,,,,,,
cac7fc117cf4,d8fc0d79d388,Волгоградская область,Волгоград,Транспорт,Автомобили,С пробегом,Mercedes-Benz,C-класс,"Mercedes-Benz C-класс, 2011",Заинтересовал автомобиль? Больше фотографий на нашем сайте АгатПрофи Волгоград./,,,,,,,
Клей монтажный BERGhome МК 30 ГАЗОБЕТОН - 25 кг - 247 руб. /,,,,,,,,,,,,,,,,,
3. Порадоваться системой скидок для клиентов нашего интернет-магазина/,,,,,,,,,,,,,,,,,
65eb0384e859,5678a0a8c399,Саратовская область,Маркс,Услуги,Предложение услуг,"Транспорт, перевозки",Аренда авто,,"Хундай VF на свадьбы,встречи, поездки по Марксу","Предлагаем Вам недорогой кортеж из автомобилей бизнесс-класса Хундай VF 40. Данные автомобили очень вместительные, отсутствие высокого тонеля на полу  позволяют с комфортом разместится трем пассажирам на задних сидениях! Все автомобили новые от 2013-2015 гг.выпусков! Все в отличном техническом состоянии! Наши водители професионалы отработали в кортежах ни один год! В наличии у нас более 20 авто данной марки белых и черных цветов! Украшение(свадебные ленты) уже входят в стоимость услуги! Минимальный заказ 3 часа! Кроме того предоставляем автомобили с нашими водителями для поездок по городу Маркса, Энгельса, Саратова и по всей области. Цена за межгород 1км= от 20 рублей! ИМеются у нас так же большой выбор и других автомобилей марки Хендай: Солярисы, ах 35, Сонаты, Сан Та Фе  , Грандеры, Дженезис! Кроме того у нас Вы можете заказать и любые другие автомобили, составим кортежи практически из любых марок: Ауди, Бмв, Мерседесы, Форды, Киа и др. В наличии всегда у нас для Вас комфортабельные минивэны и  микроавтобусы от 8-20 человек вместимостью! Все микроавтобусы оборудованы лицензией, ремнями безопасностями и конечно же тогорафами! Для изысканных клиентов у нас имеются лимузины так же различной вместимостью, от 8-22 человек:Крайслера, Линкольны, Инфинити, Хаммеры!!!/",,,,,,,
c30899fea129,6f58feb19804,Свердловская область,Екатеринбург,Личные вещи,"Одежда, обувь, аксессуары",Женская одежда,Обувь,36,Chanel шанель бордо и чёрный 35-40 размеры,"Бархат марсала, кожа чёрный/",,,,,,,
- ритуал /,,,,,,,,,,,,,,,,,
Дверные проемы деревянные/,,,,,,,,,,,,,,,,,
e541d1dc71db,aa57cf321e83,Волгоградская область,Волгоград,Личные вещи,"Одежда, обувь, аксессуары",Женская одежда,Обувь,37,Женская весеннее-осенняя обувь,"Изготовитель фабрика S-tep, Новосибирск, изготавливает по немецкой технологии. Натуральная кожа, нубук, полиуретановая подошва. В наличии размеры 37, 38, 39, 40, 41. Распродажа. Модель Стейси. Просьба звонить после 16-00. Спасибо.",2500.0,308,2017-03-24,Company,ccefc0d2d1f76013a448551d774f10f1a577b4efefddc142762ab615a0d8c239,470.0,0.0
Приглашаем Вас в наши магазины/,,,,,,,,,,,,,,,,,
Количество поддерживаемых мониторов/,,,,,,,,,,,,,,,,,
a2e99b7100ed,2d29a01cc54b,Татарстан,Нижнекамск,Бытовая электроника,"Игры, приставки и программы",Игры для приставок,,,Doom,Продажа или обмен,1000.0,164,2017-03-24,Private,c600e5891bc8ac54fdb48ffa2b1ce9b18403a6178872161b95580743ee28b90e,2888.0,0.76786
559e14e1c609,5a45d0d6f1a2,Воронежская область,Воронеж,Личные вещи,Детская одежда и обувь,Для мальчиков,Обувь,21,Ботинки детские р.21,"Продаю детские ботинки темно-синие р.21 в очень хорошем состоянии.Натуральная кожа, застегиваются на липучки.",500.0,20,2017-03-17,Private,dc43a68d65f771c9347f2f3f36819f4235977e6b1e473d4d014c8c516753a76f,47.0,0.0
b0ad13e7418e,6244de63246d,Татарстан,Нурлат,Для дома и дачи,Ремонт и строительство,Инструменты,,,Мультиметр appa-107N,Цифровой многофункциональный измерительный прибор. Новый,12000.0,26,2017-03-18,Private,1d8369809f71e3bb6bbc9a6cd0ff7ac7866b19be1eb4320f30ac28c52841751d,3066.0,0.0
Зажимы для фиксации автомобильных ремней с инерционной системой блокировки натяжителя (ELR) ремня. Чехлы и вкладыши автокресла можно стирать./,,,,,,,,,,,,,,,,,
• Рулевая колонка с регулировкой вылета и наклона/,,,,,,,,,,,,,,,,,
2db3ee2f0114,82da9da12347,Краснодарский край,Геленджик,Для дома и дачи,Мебель и интерьер,Кухонные гарнитуры,,,Мебель из массива,,23500.0,3,2017-03-25,Private,e19341392af110a5a34e689f8fb6c0c92ab38dc1c8d22153d0972b0018708fdc,1790.0,0.0
Санузел раздельный./,,,,,,,,,,,,,,,,,
В связи со сменой ассортимента производим распродажу остатков с витрины и со склада по закупочным ценам- скидка от 30% на розничную цену./,,,,,,,,,,,,,,,,,
Удобно сидят по руке. /,,,,,,,,,,,,,,,,,
Большой ассортимент оригинальных запчастей и принадлежностей. В наличии более 5000 запчастей,под заказ более 1 000 000 позиций. Заточка пильных цепей. Гарантия. /,,,,,,,,,,,,,,,,
Наши преимущества: /,,,,,,,,,,,,,,,,,
304 г/,,,,,,,,,,,,,,,,,
7317655db294,415bc76acae5,Ярославская область,Ярославль,Для бизнеса,Оборудование для бизнеса,Для салона красоты,,,Арт. т-45.24 Стол косметологический,"\"арт. т-45.24 Стол косметологический \"\"Трио\"\" на колесах 3 полки+выдвижной ящик 58*78*27 см\"",4500.0,2294,2017-03-15,Company,a9ae22088996c2ad40dff5b24e866a1a27ffc524a61074dae95b743110ac84c7,1489.0,0.0
381e33faffc1,94908c26ee4f,Воронежская область,Воронеж,Личные вещи,Детская одежда и обувь,Для мальчиков,Обувь,> 36,Ботинки outventure разм. 40 новые,"Состояние новых, обуты несколько раз.",1000.0,190,2017-03-23,Company,126987d0a30c45d5a2166fe6176bf640521f0d8a4c92d229720c7cb2a6b52fcc,641.0,0.0
_ Россия - 2018г./,,,,,,,,,,,,,,,,,
abe029997c38,0f8ccdc69931,Иркутская область,Иркутск,Личные вещи,"Одежда, обувь, аксессуары",Женская одежда,Платья и юбки,42–44 (S),Платье,"Очень красивое платье . Одевалось пару раз , состояние отличное . 😌",1000.0,2,2017-03-15,Private,a91afda824a4cebac4f41e7dc6d9a89cc164cf39f154c7b970152065bec9d2de,402.0,0.0
3ac2b692e170,001c8be689bc,Ярославская область,Ярославль,Транспорт,Водный транспорт,Моторные лодки,,,Казанка5М,"Лодка с мотором,ямаха 55л.с,лодка подготовлена к рыболовному сезону,эхолот,вёсла,якорь,мотор 2-х тактный,лодка не подводила не когда! Посмотреть лодку можно в городе Углич!торг на месте!",175000.0,3,2017-03-19,Private,0fbf5933609a33784dafc23b2aaf03fdbd91d59717ae585971433d22ce9cc6be,1149.0,0.56633
097e831d37ff,3ee9121bc8be,Свердловская область,Екатеринбург,Для дома и дачи,Мебель и интерьер,Подставки и тумбы,,,Тумба для тв,Продам тумбу для ТВ в хорошем состоянии.,2000.0,17,2017-03-21,Private,7d3033564fcddb1afd6b8ec5a2648cd2d92c77147596680950c4dd644e033aaa,1457.0,0.0
6680e7062f4a,025648b3905a,Нижегородская область,Дзержинск,Хобби и отдых,Коллекционирование,Киндер-сюрприз,,,Сладкий подарок,Букет из конфет.17 цветочков.возможно изготовление на заказ. Порадуйте любимых)))),400.0,58,2017-03-24,Company,4396875c4f15b8678b5a40af2b472f2e8d6ce095536cd34991f14510003c7c94,1557.0,0.0
90см.-17000р.70см.-15000р./,,,,,,,,,,,,,,,,,
Возможна доставка по центру и с/з 200 р.,"в черте города 400 р.. Отправка транспортной компанией или почтой +400 р. (только 100% предоплата суммы товара и суммы за сдачу в ТК). Сумму доставки оплачиваете вы при получении. Предпочтительный метод связи - сообщение через Авито!\"",100.0,65,2017-03-21,Company,e71da1b63bb61a2a371440749a9da00855e519a892eae73288f94c9ccc8bd3d3,2913.0,0.0,,,,,,,,,
- Размеры (ВхШхГ): 100х60х62 см /,,,,,,,,,,,,,,,,,
кератин- 1000 мл,/,,,,,,,,,,,,,,,,
Просто перейдите по ссылке справа! ➔ ➔ ➔ ➔ ➔ ➔ ➔ ➔ ➔ ➔ ➔ ➔➔ ➔ ➔ ➔ ➔ ➔ ➔ ➔ ➔ ➔ ➔/,,,,,,,,,,,,,,,,,
e13dc30a6651,a687cdca2b91,Свердловская область,Екатеринбург,Личные вещи,"Одежда, обувь, аксессуары",Женская одежда,Верхняя одежда,Без размера,Плащь зима осинь весна,Плащь зима осень подклад мех кролика отстегивается на полную высокую жен цена дог,2500.0,36,2017-03-20,Private,459326bc2b1bf65bfa8a1b7450e0067f09f150b0fd8eb325767207c0f4ff4023,2306.0,0.0
Метро 2033: Луч Надежды /,,,,,,,,,,,,,,,,,
da5f484f3588,60526d4b84a4,Воронежская область,Воронеж,Личные вещи,Детская одежда и обувь,Для мальчиков,Трикотаж,98-104 см (2-4 года),Футболки на мальчика пакетом,"Продам футболки для мальчика. На 2-3 годика. Цена за все, можно по отдельности.",350.0,108,2017-03-28,Company,b8a020202da227a7ecaac6101cfd120ac9320964ad9c94d2db5706547a4fc213,65.0,0.0
e01a9e1e6287,b97fc0d15a3d,Ростовская область,Ростов-на-Дону,Животные,Кошки,Другая,,,"Очаровашки котики рожденные 1 марта, но уже начина",,100.0,34,2017-03-28,Private,26b2a18a842eea850d42eda57fa920f968bf5fd0e172eae1a391d110aeabffb0,2070.0,0.0
e48610b51feb,1ba062698cd1,Свердловская область,Екатеринбург,Личные вещи,Детская одежда и обувь,Для девочек,Верхняя одежда,122-128 см (6-8 лет),Летний комплект,"длина курточки от плеча 50см,длина штанины от пояса 60см.пошив ручной работы,состояние идеальное",800.0,72,2017-03-18,Private,8f342dc28dfc391d38b9ef82a4a03c11f1e6e01854984cd19ab9ddcc40783e34,98.0,0.0
cd00ed514c3f,9b690a5e50c1,Ярославская область,Ярославль,Бытовая электроника,"Игры, приставки и программы",Игровые приставки,,,PS 4,"В идеальном состоянии, 500Гб, не забанена, 1 геймпад, коробка, документы, без игр, проверка.",16000.0,22,2017-03-15,Private,bc163f626275a72c1dd2729825e16705bc0096db6547fa737bf31726d6c7df6f,2898.0,0.43177
77f755eaf8e2,e954a2ca43ad,Омская область,Омск,Личные вещи,"Одежда, обувь, аксессуары",Мужская одежда,Рубашки,50–52 (XL),Продам мужскую рубашку jaguar,"Покупала парню рубашку, не хочет носить.",500.0,46,2017-03-19,Private,8a1cc1693ba12309dc26b7ec7bf48438fdcc7f5243db1fda5d2b6d959228c98f,635.0,0.0
0779c19f059b,40648ea62f26,Ставропольский край,Изобильный,Личные вещи,"Одежда, обувь, аксессуары",Женская одежда,Платья и юбки,42–44 (S),Выпускное платье,"Продается выпускное платье. Размер 42-44. Покупалось за 13000. На поясе отошли бусинка, поэтому требуется небольшой ремон платья. Приблизительный рост 160см. По всем вопросам по телефону или по WhatsApp",9000.0,8,2017-03-15,Private,95cd57f763eb062084f39102f2d293148fc4c1157a66e896174958a915243039,388.0,0.0
817ba09ff275,fddb5aef0269,Саратовская область,Энгельс,Личные вещи,Детская одежда и обувь,Для мальчиков,Обувь,> 36,Полу-кеды,"Джинсовые и новые полу-кеды,удобные,36-37 размер.",500.0,5,2017-03-28,Private,59ac223ffc18e57b53426c1c9e42b8c7441b7c2adb1e703166cca1aae4a8cf80,43.0,0.0
0c7cf7ab659c,46a4f3caf2de,Красноярский край,Норильск,Личные вещи,Товары для детей и игрушки,Детские коляски,,,Коляска детская,,4000.0,18,2017-03-16,Private,a4fac8832f9f23c4948f59de904ccf382c65c998835dc6f67e208404febb4d1f,1002.0,0.0
20b7b1ea755e,2beb8b2aa2df,Саратовская область,Саратов,Личные вещи,"Одежда, обувь, аксессуары",Женская одежда,Верхняя одежда,46–48 (L),Шуба норковая,"Продам облегченную норковую шубку. Состояние отличное, одевала пару раз. В этом сезоне не носила. Изменяется длина рукава( от 3/4 до полной длины). Выполнена в поперечном раскладе, узкой полоской меха комбинированной с натуральной замшей, подкладка утеплена слоем синтепона. Длина чуть короче, чем на фото на девушке. Размер может подойти и на 46.",20000.0,5,2017-03-16,Private,63d9bcf618f94373df12bd4153c85dc5a365557700c0032f72b2fd6e987c8cd9,537.0,0.0
Телефону меньше года!/,,,,,,,,,,,,,,,,,
Граф Монте Кристо-450р./,,,,,,,,,,,,,,,,,
354af8e43c21,9263d88edcab,Калининградская область,Калининград,Личные вещи,Детская одежда и обувь,Для девочек,Обувь,34,Кроссовки,В хор.  сост.,500.0,72,2017-03-21,Company,02a30b09213fb649f265ebdaea22fc37459bb1818c3ba64169a950311b6ff34b,86.0,0.0
- Легкосплавные диски/,,,,,,,,,,,,,,,,,
Вариант ремонта представлен на фотографиях./,,,,,,,,,,,,,,,,,
"Торг уместен.\"",4500.0,3,2017-03-25,Private,d8a21ce4513ad5f0d90a3ecc510b0b5e3b5b5ba55a45addd67b17487a177aa6a,2658.0,0.0,,,,,,,,,,
либо ВКОНТАКТЕ /smart390/,,,,,,,,,,,,,,,,,
4cff72dcdc51,aebd3bfa9503,Пермский край,Пермь,Личные вещи,Товары для детей и игрушки,Детские коляски,,,Прогулочная коляска Peg Perego book plus,"Вес коляски 10,5 кг. /",,,,,,,
"экран 4.5\"\"",IPS/,,,,,,,,,,,,,,,,
c6c4bd0cb42e,f1300b17e937,Алтайский край,Бийск,Для дома и дачи,Бытовая техника,Для дома,Стиральные машины,,Стиральная машина-автомат индезит,"в хорошем рабочем состоянии , загрузка 5кг",5500.0,170,2017-03-28,Private,63e86e550d0cb716df1298f8a9905641de036ad3bb28f459ad059b2b07a5a6fc,1983.0,0.38925
Вязьма/,,,,,,,,,,,,,,,,,
ЛЕЗВИЯ: /,,,,,,,,,,,,,,,,,
"Приятной покупки🛍\"",600.0,36,2017-03-28,Private,60f17dde65388f330b8011c1ade88d709e837f7cabac76c7beaa93a59f78fe13,875.0,0.23354,,,,,,,,,,
Габаритные размеры: ширина 890 мм,глубина 590 мм,высота 785 мм,в разложенном виде ширина 1180 мм,глубина 890 мм./,,,,,,,,,,,,,
Емае зелёный комбинезон 62 размер,остальные 56-62./,,,,,,,,,,,,,,,,
82ee828b813e,42a7b66777b7,Ростовская область,Ростов-на-Дону,Личные вещи,Детская одежда и обувь,Для девочек,Комбинезоны и боди,62-68 см (2-6 мес),Комбинезон тёплый,,130.0,17,2017-03-16,Private,86fd94967b3380f359aad1328f7e6729e0a939f6c56f2dd373e3401513f901ee,42.0,0.0
Базовая модель с новым быстрым процессором MStar 7T01 и высокочувствительном тюнере,принимающим даже слабые сигналы. Высочайшее качество материалов и комплектующих,и ни единого брака за 2 года продаж,вывели данную приставку в лидеры продаж. Так же большой и качественный пульт,удобно лежит в руках и дополнительно - площадка для установки приставки вертикально./,,,,,,,,,,,,,
Платье тёплое - 150руб/,,,,,,,,,,,,,,,,,
2c2ed3601937,2e7bc97b7059,Белгородская область,Белгород,Для дома и дачи,Мебель и интерьер,Другое,,,Вешалка в прихожую,"Вешалка дерево (сосна),  для одежда в прихожую. Под заказ. Срок изготовления 3-7 дней. В наличии есть готовые изделия. Ключник. Возможна установка.",1200.0,2,2017-03-22,Private,1e8f555b9129b9bde5736e27a21919a398fb795a766c104fd95e1ce34af5605c,1496.0,0.0
+ регулировка пластиковых окон/дверей /,,,,,,,,,,,,,,,,,
Сзади шнуровка,корсет,"подойдет на размер 44-48\"",10000.0,69,2017-03-19,Private,5906531014f3c8304f2168a42b31d34c20eecb4f09a264c5d9e29473d3168e75,559.0,0.0,,,,,,,,
b2cfb1261683,2f5ce32bca7a,Татарстан,Казань,Бытовая электроника,Аудио и видео,"Музыкальные центры, магнитолы",,,Магнитофон,радио работает фм.ам и тд.есть эквалайзер. .кассеты по-моему жует. динамики рабочие!стоит и пылится.торг.звоните пишите смс вацап.,500.0,164,2017-03-21,Company,55baa3a2feab6a488b77bfa09b4be854aab2a4580cf29bb3185418bca99dd00f,3057.0,0.0
MSI GX701-5735VHP /,,,,,,,,,,,,,,,,,
— Объем видеопамяти 2 Гб/,,,,,,,,,,,,,,,,,
524429933474,d93b747b8989,Свердловская область,Екатеринбург,Для дома и дачи,Мебель и интерьер,Другое,,,Ширма с каретной стяжкой,"\"Интерьерная ширма, разборная по желанию. Высота и ширина 1 панели 1750х600мм. Эко-кожа с покрытием \"\"easy clean\"\" для легкой чистки. Цена 22 000 рублей/4 секции. Ткань",цвет,"размер по желанию заказчика\"",22000.0,62,2017-03-28,Company,61d971ffa3bad788be8c6b0790ad78a2420f656d6b9d6d653f64a93a0cd8a3ad
Оперативная память: 6 Гб/,,,,,,,,,,,,,,,,,
- Наличный и безналичный расчет,перевод с карты на карту,выставление счета на оплату;/,,,,,,,,,,,,,,,
ef745c691dfc,bb9af6d44878,Нижегородская область,Нижний Новгород,Для дома и дачи,Ремонт и строительство,Стройматериалы,,,Трубы нержавейки,Продаю трубы нержавейка; /,,,,,,,
Материнская плата: ASRock H97M Pro4/,,,,,,,,,,,,,,,,,
5827f8743a97,be8e9389577e,Кемеровская область,Кемерово,Для бизнеса,Оборудование для бизнеса,Промышленное,,,Домкрат гидравлический 3 т,Грузоподъемность 3 т,900.0,1154,2017-03-22,Company,fa153cf34cf66781989c77deca50c8d194e5ba1ac195aaf939007a337d835d42,1275.0,0.0
61247ec9f855,8e2454e007a2,Башкортостан,Уфа,Бытовая электроника,Ноутбуки,,,,"Для игр и дома, 4 ядра - 4 гига, HP",Продам ноутбук HP PAVILION g6-1341er состояние хорошее/,,,,,,,
3fe339a6efd4,8cad516f6d36,Волгоградская область,Волжский,Для дома и дачи,Растения,,,,Фиалка оптимара My Lave,Взрослая цветущая (250р) /,,,,,,,
* Станет отличным дополнением к любому образу - и классическому,и в стиле casual/,,,,,,,,,,,,,,,,
Путевки мать и дитя/,,,,,,,,,,,,,,,,,
Мойка 1000р,сушка 300р,сборка 10%/,,,,,,,,,,,,,,,
6591508ba2e3,534a79f1a3ec,Ханты-Мансийский АО,Нижневартовск,Транспорт,Грузовики и спецтехника,Прицепы,,,Прицеп Renders 1998г,"Грузоподъемность 30 т,резина новая тормоза наклепаны,оси РОР",285000.0,21,2017-03-19,Private,08cda6968bb82bb9b79bad70bb37e77e91dd84d3f6382a94b2e0c97ee0c0fe82,1077.0,0.0
Режим игры: Сетевая игра Одиночная игра/,,,,,,,,,,,,,,,,,
ФУНКЦИИ-часы,минуты,секунды,дата,день недели и время суток!/,,,,,,,,,,,,,
06ff3879035f,e9081ff86700,Калининградская область,Калининград,Транспорт,Автомобили,С пробегом,Volkswagen,Tiguan,"Volkswagen Tiguan, 2009","Автомобиль в хор. состоянии, обслуживается регулярно, езжу каждый день, торг у капота",680000.0,1,2017-03-20,Private,58770b54e01ebf88b51678db43f025a8871f35e5a18e7249d7982cd07ed37833,2262.0,0.03625
●прочная алюминиевая рама /,,,,,,,,,,,,,,,,,
df4a45e28160,a9a49c3a9fb4,Тульская область,Щекино,Личные вещи,"Одежда, обувь, аксессуары",Женская одежда,Верхняя одежда,> 50 (XXL),Пальто,,600.0,13,2017-03-28,Private,840c390586a29a190a46036749a89e5153c1f0b3b5931239c148358486202b21,535.0,0.23883
Пн-Сб: 09.00 - 20.00/,,,,,,,,,,,,,,,,,
Утепленные и не утепленные /,,,,,,,,,,,,,,,,,
Размер спального места: 160х70 (ДхШ)/,,,,,,,,,,,,,,,,,
Каркас лестницы закрытого типа 60 000 руб. за 3 дня/,,,,,,,,,,,,,,,,,
ESP/,,,,,,,,,,,,,,,,,
5d3dbdc9eb9b,cf541858d237,Ярославская область,Ярославль,Личные вещи,Детская одежда и обувь,Для мальчиков,Обувь,28,Сапоги резиновые р.28,Сапоги с теплым носком.,300.0,78,2017-03-23,Private,92f01ca7cf69758772efa584931d3959556bc0b209e75e03549be3a2dee2ab8a,91.0,0.0
0ad6c669d2a2,2d021a3d23fd,Самарская область,Самара,Бытовая электроника,Фототехника,Оборудование и аксессуары,,,Адаптер Canon EF - EOS M,Адаптер Canon mount adapter EF-EOS M служит для установки объективов с байонетом Canon EF и Canon EF-S на камеры с байонетом Canon EF-M./,,,,,,,
4.фото 6 и 7: ботиночки,куплены в зенден. идеальное состояние,удобные. цена 250/,,,,,,,,,,,,,,,
В доме установлен счетчик на отопление. Домофон./,,,,,,,,,,,,,,,,,
Сухая масса:95 кг./,,,,,,,,,,,,,,,,,
Пластик/,,,,,,,,,,,,,,,,,
Вес: 	  	16.4 кг/,,,,,,,,,,,,,,,,,
3935d7dc1571,c5e3561b9775,Пермский край,Соликамск,Личные вещи,Детская одежда и обувь,Для мальчиков,Верхняя одежда,122-128 см (6-8 лет),Куртка демисезонная,Куртка на мальчика в отличном состоянии./,,,,,,,
★ Изготавливаем КУХНИ под КЛЮЧ ★/,,,,,,,,,,,,,,,,,
Отправка в любой регион почтой России,"в т.ч. наложенным платежом.\"",30.0,418,2017-03-26,Company,0233c4da13ba9fe1bed42557d677c968157596899f9c2b6b72f8881786e7b6aa,2419.0,0.0,,,,,,,,,
ручная регулировка нагрузки,современный многофункциональный микроконтроллер,технология магнитного сопротивления,регулировка высоты седла,устойчивая конструкция и прочная конструкция,автоматическое выключение дисплея в режиме сна - auto-off/,,,,,,,,,,,,
Оснащен подогреваемым ящиком для булочек;/,,,,,,,,,,,,,,,,,
20:00 Ужин/,,,,,,,,,,,,,,,,,
Преимущества дома:/,,,,,,,,,,,,,,,,,
311d1c7f4e02,356146b7aceb,Ростовская область,Ростов-на-Дону,Недвижимость,Квартиры,Продам,1,Вторичка,"1-к квартира, 43 м², 7/16 эт.",ЖК Серебряные ключи./,,,,,,,
_________________________________________________/,,,,,,,,,,,,,,,,,
8d35d22d8953,ad42770bdb61,Пермский край,Пермь,Бытовая электроника,Планшеты и электронные книги,Планшеты,,,Prestigio multipad 4 ultra quad 8.0 3g,"Планшет внешне в идеале,но не включается.Коробка,документы в наличии.Операционная система	Android 4.2/",,,,,,,
ec81105fcaba,89049ddfdc24,Краснодарский край,Сочи,Личные вещи,Товары для детей и игрушки,Игрушки,,,Конструктор bunchems,500 штук,800.0,10,2017-03-25,Private,1a42dfaa3a4003c1992c2c19b2fcb795c3d20aea939e0a2d18ae495483df804f,855.0,0.0
методом горячего прессования. По сути плитка соединяет в себе /,,,,,,,,,,,,,,,,,
Версия SATA	3.0/,,,,,,,,,,,,,,,,,
Также здесь есть гардероб,санузел и прачечная./,,,,,,,,,,,,,,,,
Цена может_меняться в зависимости от курса евро (в большую или меньшую сторону). Звоните уточняйте цену. С нами можно торговаться_:)/,,,,,,,,,,,,,,,,,
ca9eacd063b1,be1dce7b6578,Красноярский край,Красноярск,Недвижимость,Земельные участки,Продам,Поселений (ИЖС),,Участок 12 сот. (ИЖС),"продам зем.участок с видом на красное кольцо, находится в самой д.Логовой, на горе , небольшой уклон, участок голый, свет в процессе. собственник. обмен./",,,,,,,
c3a8f0173fc3,944b47826937,Свердловская область,Екатеринбург,Для дома и дачи,Ремонт и строительство,Инструменты,,,Пила торцовочная,Состояние идеальное.,11000.0,20,2017-03-28,Company,ecdb7fe05ca32a1094870ee5af84b9a36c9ee1030652ff4ba20a62522d3d2373,1213.0,0.38925
1ffbfb457044,71dc6e7a2bfa,Иркутская область,Иркутск,Личные вещи,Детская одежда и обувь,Для девочек,Обувь,21,Туфельки на девочку,"Продам туфельки на девочку. Немного б/у, но в очень хорошем состоянии.",400.0,54,2017-03-27,Private,122a62552689b9acc06745b3d76580e9070d7cac503fff46f65022b035535b99,93.0,0.0
"Самовывоз.\"",2000.0,9,2017-03-28,Private,2e137d4849cf85122791b7b91446277a79563d672b6b1eaa6f14c1683e436630,1722.0,0.0,,,,,,,,,,
540cb0285e54,8127358d2958,Иркутская область,Иркутск,Личные вещи,"Одежда, обувь, аксессуары",Женская одежда,Верхняя одежда,44–46 (M),Куртка Демисезонная,"Продаю куртку весна -осень, размер 46, хорошего качества, в отличном состоянии. Мех на воротнике отстегивается.",2500.0,68,2017-03-21,Private,2e20e6173934350c22a75fa8063cba933706a6fd1632bd322da991928164cb09,522.0,0.0
f968c22a2d49,fec0b8bbe8d3,Алтайский край,Тальменка,Недвижимость,Квартиры,Продам,2,Вторичка,"2-к квартира, 45 м², 1/2 эт.","Продам 2-х комнатную квартиру. Рядом автобусная остановка, магазины. 1 этаж, окна на 2 стороны. Газ, центральный водопровод и отопление. Квартира тёплая (радиаторы отопления заменены в прошлом году), на кухне пластиковое окно. Санузел совмещённый, есть водонагреватель. Мебель частично остаётся. Спросить Ярослава (собственник).",980000.0,1,2017-03-15,Private,1a39f86f0cb8bfc316cfc1f10e4284b73fda2f67cde216cd9ad8842bdb47c823,2217.0,0.24865
09:00 – отъезд из Ростова-на-Дону/,,,,,,,,,,,,,,,,,
03464146703c,ddaf437dee5c,Татарстан,Актюбинский,Недвижимость,Гаражи и машиноместа,Продам,Гараж,Кирпичный,"Гараж, 24 м²",Гараж НА Продажу!!/,,,,,,,
- мощность по переработке молока – 30 тонн в сутки (при работе в 1 смену)/,,,,,,,,,,,,,,,,,
Оплата только при получении!/,,,,,,,,,,,,,,,,,
6031cde71537,b0c70ea4203a,Ростовская область,Ростов-на-Дону,Для дома и дачи,Бытовая техника,Другое,,,Запаивающий станок,,15000.0,15,2017-03-15,Private,decaa584a3fea8cac7e808c51aedc6e1574c15aa63d477f1e2109dca25a733b9,2768.0,0.0
eb8f820eeeb3,c2ba8368c71a,Нижегородская область,Ардатов,Для дома и дачи,Продукты питания,,,,Грибы,"Грибы белые. Маринованные - 200₽, сухие 300г - 500₽.",200.0,8,2017-03-23,Private,73687a421f9c4cda64618cc7086a8a4ffb26ff2a6eafac16926189e08f91f08c,1184.0,0.0
"Приорит для тех кто знаком с данным направлением.\"",5000.0,54,2017-03-22,Shop,5632469ab09e959e4ab221c49db70d40edbb9ef840e4ff3847be8bb174932b4e,1248.0,0.0,,,,,,,,,,
29f5f2bc0f30,f0b83f18f5fc,Краснодарский край,Новороссийск,Для дома и дачи,Растения,,,,Гибискус китайская розарозовая,Взрослое полуторометровое растение обрезали из-за нехватки места. Теперь это симпотичный пушистый кустик. Цветет розовыми не махровыми цветами с длинной пушистой красной тычинкой. Цветет обильно. Продается без горшка.,500.0,21,2017-03-23,Private,f1af45ca59731969cbeaf4bac3f68d0593d9f11aebcaf127e2c9b26117855bc8,1742.0,0.0
a668f0711d4c,d191cee9fbb7,Краснодарский край,Сочи,Личные вещи,"Одежда, обувь, аксессуары",Женская одежда,Верхняя одежда,44–46 (M),Пиджак женский новый,"Продаю пиджак женский, новый, в упаковке. Очень хорошего качества!!! Цена дешевле, чем в магазине!",3000.0,306,2017-03-22,Company,64f1cc97e1cf89a7fe7f1f0d51981c8a27524ed088a816050585a010fe350d66,565.0,0.0
✔СЕРЕБРЯНАЯ МЕДАЛЬ от AVITO  в графе продавец!/,,,,,,,,,,,,,,,,,
/,,,,,,,,,,,,,,,,,
/,,,,,,,,,,,,,,,,,
/,,,,,,,,,,,,,,,,,
/,,,,,,,,,,,,,,,,,
/,,,,,,,,,,,,,,,,,
/,,,,,,,,,,,,,,,,,
/,,,,,,,,,,,,,,,,,
/,,,,,,,,,,,,,,,,,
/,,,,,,,,,,,,,,,,,
/,,,,,,,,,,,,,,,,,
/,,,,,,,,,,,,,,,,,
/,,,,,,,,,,,,,,,,,
/,,,,,,,,,,,,,,,,,
/,,,,,,,,,,,,,,,,,
/,,,,,,,,,,,,,,,,,
/,,,,,,,,,,,,,,,,,
/,,,,,,,,,,,,,,,,,
/,,,,,,,,,,,,,,,,,
/,,,,,,,,,,,,,,,,,
/,,,,,,,,,,,,,,,,,
/,,,,,,,,,,,,,,,,,
/,,,,,,,,,,,,,,,,,
/,,,,,,,,,,,,,,,,,
/,,,,,,,,,,,,,,,,,
/,,,,,,,,,,,,,,,,,
/,,,,,,,,,,,,,,,,,
/,,,,,,,,,,,,,,,,,
/,,,,,,,,,,,,,,,,,
/,,,,,,,,,,,,,,,,,
/,,,,,,,,,,,,,,,,,
/,,,,,,,,,,,,,,,,,
/,,,,,,,,,,,,,,,,,
/,,,,,,,,,,,,,,,,,
/,,,,,,,,,,,,,,,,,
/,,,,,,,,,,,,,,,,,
/,,,,,,,,,,,,,,,,,
/,,,,,,,,,,,,,,,,,
/,,,,,,,,,,,,,,,,,
/,,,,,,,,,,,,,,,,,
04d4ffdbe1bf,258ee0b5465b,Владимирская область,Владимир,Личные вещи,Товары для детей и игрушки,Игрушки,,,Детская кухня с посудой,Детская кухня полесье с посудкой,1000.0,24,2017-03-18,Private,64f1258ba38ca727fee660ab8a89af0bce843d36e391d409996f7889127a5615,840.0,0.29498
9fa3aaef37f2,f494e274fdea,Красноярский край,Красноярск,Недвижимость,Гаражи и машиноместа,Продам,Гараж,Кирпичный,"Гараж, 20 м²","Продам капитальный гараж в отличном состоянии площадью 20 кв. м (ул. Маерчака 3), сухой, ухоженный. Все документы имеются , остальное по телефону !",400000.0,1,2017-03-27,Private,ab749f0b6f21a8ccc5bed307c7da95006d5ffad7e2d787c17c29682f1eed5b07,1376.0,0.18847
"Ni-MH аккумуляторы ROBITON типа 9В \"\"Крона\"\" емкостью 200мАч. Предназначены для использования в радиоаппаратуре",игрушках и прочих устройствах. Используя аккумуляторы ROBITON,Вы экономите на элементах питания! Электро-химическая система: Никель-Металлогидридные /,,,,,,,,,,,,,,,
-Обогрев всех сидений/,,,,,,,,,,,,,,,,,
"Мы работаем для Вас и готовы ответит на любые вопросы с с 9.00 до 21.00\"",7900.0,554,2017-03-24,Company,d6900a6c2ae5bbed920977cc0d8bcdb011560f56f2d5e34b3b7932e17defc960,3054.0,0.0,,,,,,,,,,
f2c2b7988c1f,d2751adff499,Краснодарский край,Краснодар,Хобби и отдых,Музыкальные инструменты,Аксессуары,,,Струны на Басс гитару Ziro,,2300.0,169,2017-03-19,Company,aee07e5b189e50908b7f7e60ba9478e8890777da1dc9bcc2119325dae244e94c,2870.0,0.0
Телевизор не нужен,холодильник стиральная машина./,,,,,,,,,,,,,,,,
Dolby TrueHD есть/,,,,,,,,,,,,,,,,,
02ce2f35d44e,2e09da0d4721,Краснодарский край,Анапа,Услуги,Предложение услуг,Ремонт и обслуживание техники,Крупная бытовая техника,,"Климат техника продажа,монтаж,ремонт",проектирую морозильное оборудование для торговли,3000.0,49,2017-03-15,Company,fa6c1b523caa708b00fb759d4177f2eff0bb025c172bab8f635f1c934a7cc980,1886.0,0.5
устанавливается в автомобиле против хода движения/,,,,,,,,,,,,,,,,,
"Головки и принадлежности 1/2\"\"/",,,,,,,,,,,,,,,,,
Особенности корпуса  /,,,,,,,,,,,,,,,,,
03f7f3caa9e9,5cc0a1d1a8cf,Тюменская область,Тюмень,Личные вещи,Детская одежда и обувь,Для девочек,Верхняя одежда,146-152 см (10-12 лет),Пальто,"чистое, после химчистки",400.0,30,2017-03-23,Private,e64d84c6cfe7560af99670552a068d3af79620031b5a24ccc25431a1b0ef95e9,523.0,0.0
Б/у,состояние от отличного до хорошего. Желательно в одни руки./,,,,,,,,,,,,,,,,
1a058db3d33d,424a4600f9cf,Нижегородская область,Нижний Новгород,Личные вещи,Детская одежда и обувь,Для девочек,Верхняя одежда,110-116 см (4-6 лет),Куртка осенне-весенняя,"В отличном состоянии, на ребенке смотрится отлично. Подходит на ребенка 5-7лет",1000.0,25,2017-03-18,Private,d4c4e2d9deb6cc730a736197f7df709c36265a86ef2364869a492515412fb3b4,96.0,0.0
- Складские запасы. Готовы к отгрузкам сверх-больших объемов;/,,,,,,,,,,,,,,,,,
1e7b88905fba,28bd649abb05,Нижегородская область,Кстово,Личные вещи,Детская одежда и обувь,Для девочек,Верхняя одежда,98-104 см (2-4 года),Куртка mothecare,Курточка легкая и в то же время тёплая. Есть небольшие следы б/у,650.0,53,2017-03-27,Private,57f87c131a5d7a1b26f49487cecfbd244b971709f04fffa4a0c36e4681e459e0,96.0,0.0
Адрес в профиле на авито,ссылки на витрину по запросу: смс,Viber,WhatsApp или по звонку!/,,,,,,,,,,,,,,
HDMI x2,USB,DVB-T2/,,,,,,,,,,,,,,,
3020023c3a11,f2708d5d9a11,Калининградская область,Гурьевск,Недвижимость,"Дома, дачи, коттеджи",Продам,Дом,,Дом 159 м² на участке 7 сот.,"Продается дом в сером ключе в пос. Большое Исаково в котеджном поселке на берегу Лаутского пруда. Дом 159 кв.м на участке702 м. кв. Земля и дом в собственности .  Коммуникации городские ,газ подключен ,своя доп. подстанция электричества на 15 кВт .Подтверждающие документы в наличии. Огороженная территория , прекрасный вид на пруд-озеро ,облагороженная территория , тишина и свежий воздух , до центра Калининграда 15 минут на машине./",,,,,,,
— легкая система складывания. /,,,,,,,,,,,,,,,,,
✔нас более 50 магазинов по всей России,что позволяет нам держать самые низкие цены за счет прямых поставок с фабрик/,,,,,,,,,,,,,,,,
ОСНОВНЫЕ ХАРАКТЕРИСТИКИ:/,,,,,,,,,,,,,,,,,
Костюм спортивный 1шт/,,,,,,,,,,,,,,,,,
*** Наращиванием ногтей не занимаюсь!/,,,,,,,,,,,,,,,,,
В 5 минутах от ТЦ «SELGROS» /,,,,,,,,,,,,,,,,,
новый,"не использованный\"",500.0,169,2017-03-17,Company,4b8edf9dfbfe4ec858bffa8fd3b33a0f78b502fffa6b72dfe96943861dcd9f25,2814.0,0.0,,,,,,,,,
b55da4c43f54,a3a62c74c1a2,Ставропольский край,Ессентуки,Личные вещи,"Одежда, обувь, аксессуары",Женская одежда,Топы и футболки,42–44 (S),Футболки,Продаю футболки по самым низким ценам а также много чего другого звоните пишите в вацап скину фото,1100.0,202,2017-03-28,Private,bbaca36bb8209858be170325e48f28d3890d488822230730b26e655159a9e4af,632.0,0.0
- Цвет салона (темный)/,,,,,,,,,,,,,,,,,
Все работает,"кроме удержания бура в патроне. Подробности по телефону.\"",500.0,15,2017-03-25,Private,6dbc250cdde81691b2264a6853aef2bfed86f8e74e00d523a8052cfe4c7dbc6b,1230.0,0.0,,,,,,,,,
5ef7a95d5c08,8d62a66a3e5b,Удмуртия,Ижевск,Личные вещи,"Одежда, обувь, аксессуары",Женская одежда,Платья и юбки,42–44 (S),Юбка,,150.0,8,2017-03-20,Private,2f645c22eddafefa066b0a6aa5870b27ad423ff81aa560d9f364a7cc71801253,1048.0,0.0
- поддержка круглосуточная без выходных/,,,,,,,,,,,,,,,,,
19f75de28ed9,60dfed1efb6e,Краснодарский край,Сочи,Недвижимость,Квартиры,Продам,2,Вторичка,"2-к квартира, 34 м², 3/5 эт.","Уютная квартира с чистовым ремонтом с видом на море и горы. Документы все в полном порядке. Остановка и магазин возле дома. Придомовая территория,своя парковка.",2350000.0,33481,2017-03-25,Shop,ac2e699f426a6c40c1da736bfbd90e86e32c884525c405c717b3ad442dbab0f5,2218.0,0.0
Все подробности по телефону /,,,,,,,,,,,,,,,,,
"Огурцы: \"\"Эстафета\"\"","\"\"Геракл\"\"./",,,,,,,,,,,,,,,,
да/,,,,,,,,,,,,,,,,,
"- экран 5.5\"\"",разрешение 1920x1080 /,,,,,,,,,,,,,,,,
ВСЕ полотна СЕРТИФИЦИРОВАНЫ. ПОЛОТНО БЕЗ ЗАПАХА! Полотно не теряет своего первоначального состояния (без пятен)! Швы на полотне не расходятся! /,,,,,,,,,,,,,,,,,
b81ce70036b4,7569435360aa,Новосибирская область,Новосибирск,Животные,Другие животные,С/х животные,,,Продам зааненского козла,Зааненский козел из Приневского племенного хозяйства в возрасте пяти лет. Бабушка его давала 800 литров за лактационный период,5000.0,9,2017-03-27,Private,,,0.04348
- Замена труб водоснабжения в квартирах и частных домах; /,,,,,,,,,,,,,,,,,
b8794b976a1f,00bc5de800fb,Пермский край,Пермь,Бытовая электроника,"Игры, приставки и программы",Игровые приставки,,,Продам PSP E1008,"Продам PSP E1008 состояние идеальное, полный комплект, чехол",2000.0,20,2017-03-25,Private,09e5100f5eed11a11208ae54002db8b24adf8a99b0468dfc12dac9339cb5d005,2900.0,0.76786
Широчайшая транспортная сеть,включающая десятки маршрутов общественного транспорта./,,,,,,,,,,,,,,,,
47324aa95e15,80a437bec73e,Волгоградская область,Волжский,Личные вещи,"Одежда, обувь, аксессуары",Мужская одежда,Трикотаж и футболки,50–52 (XL),Футболка сб Испании по футболу,,650.0,3,2017-03-18,Private,119b7e28e70310aa60837d9248015fc41ec486fde7c62ad1e630d92b2c71c3b6,2728.0,0.1239
deb1305b9914,00d5ee52306b,Башкортостан,Уфа,Личные вещи,Товары для детей и игрушки,Детские коляски,,,Коляска Navington Galeon (люлька),"Продам превосходную коляску в отличном состоянии. Великолепная амортизация, отличная проходимость по любому виду покрытия. Большая люлька (ребенок хорошо умещался до 11 месяцев в зимнем комбинезоне) с поднимающейся спинкой. Удобная телескопическая ручка. В комплекте сумка, дождевик, москитная сетка.",8000.0,35,2017-03-27,Private,6e6a0a59851f59eff2b8c29c2fa824e1c7df7abb0f66b37ee66e7bbff8b62709,1002.0,0.80323
de5c08c3280e,7cfad4d6a5d2,Башкортостан,Стерлитамак,Недвижимость,Квартиры,Сдам,На длительный срок,1,"1-к квартира, 40 м², 4/9 эт.","Сдаётся однокомнатная квартира в мкр.Лазурный, с ремонтом мебелью, бытовой техникой.Цена 7000 рублей.Семье или семейной паре! Агентство.",7000.0,75,2017-03-16,Company,8afe0bfbab00a8b63e9173d2f0c9bc5156e38da165ddfaf54a2e639ff05b5b10,2220.0,0.46265
8bb0ab0d0908,e8c65b4fb198,Ставропольский край,Пятигорск,Личные вещи,"Одежда, обувь, аксессуары",Женская одежда,Обувь,40,Туфли,,600.0,4,2017-03-23,Private,1b1ec485558877fe75b1ddd4a2557fd3873023bc15fd3174a433631a94192c71,418.0,0.0
6018154dba5b,5ef5f52b7843,Волгоградская область,Волжский,Транспорт,Автомобили,С пробегом,ВАЗ (LADA),2114 Samara,"ВАЗ 2114 Samara, 2010",В хорошем состояние все вопросы по телефону,135000.0,10,2017-03-19,Private,c921c9936bb1a6dc161d7b418052d4b54e70dd337ed313401298b317e52b2dcd,1108.0,0.36028000000000004
плюс мягкие пластинки(17шт)(там разные песни,баллады,романсы)/,,,,,,,,,,,,,,,
ОЗУ:  4,00 Гб/,,,,,,,,,,,,,,,,
(экономия до 70 % топлива для отопительных котлов любого типа)/,,,,,,,,,,,,,,,,,
Квартира в хорошем состоянии: Евро окна,установлены современные межкомнатные двери. Заменены трубы,установлены счетчики на воду,газ и электричество. /,,,,,,,,,,,,,,
Преимущества работы с нами:/,,,,,,,,,,,,,,,,,
1b7f3c1e3cc7,db5e04ef5133,Калининградская область,Калининград,Услуги,Предложение услуг,"Ремонт, строительство","Строительство домов, коттеджей",,"Строим дома, коттеджи и дачи",Быстро и качественно проектируем и строим индивидуальные дома. Большой опыт. Качественные и материалы. Позвоните и мы проконсультируем Вас по вопросам строительства Вашего дома,,646,2017-03-26,Company,e18bcde482f728fff6423c0027c7e65ea05401a4660716654b16abc50fb260b8,1309.0,0.2
9b71d57e6b8f,63c96ac04fdc,Новосибирская область,Новосибирск,Бытовая электроника,Товары для компьютера,Мониторы,,,ViewSonic VA1912,"\"Продам монитор 19\"\". В отличном рабочем состоянии! /",,,,,,,
e5a107f5f768,657511ad2102,Воронежская область,Воронеж,Для дома и дачи,Ремонт и строительство,Инструменты,,,Набор надфилей СССР,Продам набор. Немного б/у. Торг.,210.0,447,2017-03-27,Company,778cb9a94f702b905e3f7d91c7fb7a341e7957a7c660bc475a42e5cf75a185a5,3004.0,0.20218
Всего конфорок	4/,,,,,,,,,,,,,,,,,
Брюки 300-500 руб/,,,,,,,,,,,,,,,,,
4. съемная решетка/,,,,,,,,,,,,,,,,,
Сборка ресивера DVB-T2 Эфир HD-600RU производиться в Новосибирске. Низкая стоимость при полном наборе основных функциональных свойств обеспечивает ему широкую востребованность./,,,,,,,,,,,,,,,,,
Видеокарта: AMD Radeon HD 7670M/,,,,,,,,,,,,,,,,,
3873b6c9a43e,904cc8d0ec0e,Самарская область,Самара,Недвижимость,Квартиры,Продам,1,Вторичка,"1-к квартира, 37 м², 7/9 эт.","Однокомнатная квартира , сан узел раздельный , балкон , кухня 9 кВ м , комната 19 кВ м . Один собственник, документы готовы , в квартире никто не живет , ключи на сделке . Уютный двор , рядом Школа , детские сады , удобная транспортная развязка , развитая инфраструктура",2100000.0,63,2017-03-15,Company,f39310986d491be58ad2b32ba76f7a04eb23e8599830391aaa1a1cd7edc667d5,2219.0,0.0
da6a4954f8dd,c4905e672af7,Краснодарский край,Сочи,Недвижимость,Квартиры,Продам,2,Вторичка,"2-к квартира, 54 м², 5/5 эт.",Уютная квартира рядом детский сад остановка магазины,3900000.0,17,2017-03-16,Company,,,0.03187
Квартира в монолитно-кирпичном доме повышенной комфортности. Дом строится по индивидуальному архитектурному проекту,предусматривающему свободные планировки,остекление балконов. /,,,,,,,,,,,,,,,
- жилищный субсидии и сертификаты,",1620000.0,25,2017-03-21,Company,9804e1ef0c9c3f3164eaa56fdd78a872c6907dc25f0c1e6db38ff493a695428c,2221.0,0.0",,,,,,,,,,,,,,,,
Объём 32+4 (боковые карманы) литров/,,,,,,,,,,,,,,,,,
---------------------------------------------------------------------------------------/,,,,,,,,,,,,,,,,,
Размеры: (Ш*Г*В)/,,,,,,,,,,,,,,,,,
efb9ef82920a,42f0368da392,Белгородская область,Белгород,Личные вещи,Товары для детей и игрушки,Игрушки,,,Холли охара Неудержимая весна,Производитель: Маттел/,,,,,,,
Кровля – крашенный профнастил/,,,,,,,,,,,,,,,,,
для лечения болезней суставов и позвоночника и многих других болезней./,,,,,,,,,,,,,,,,,
"матрица 11.6\"",11500.0,3,2017-03-20,Private,03029c969436aab7576323d2e22b91658533534bad5b1363bec42237f8f5f08e,2955.0,0.0777,,,,,,,,,,
55422aac168a,2e9abcf465d2,Волгоградская область,Волгоград,Личные вещи,Детская одежда и обувь,Для мальчиков,Обувь,< 19,Сандали Ecco,Отличные сандали на первые шаги. Ecco размер 19. Состояние хорошее.,1500.0,24,2017-03-16,Private,0268826f353a49e3c1b5b44b0b5f774d997df3228cc454637229e1f8cd97d64d,44.0,0.0
e562f0b631ad,afd67d80c053,Иркутская область,Иркутск,Личные вещи,"Одежда, обувь, аксессуары",Женская одежда,Верхняя одежда,42–44 (S),Продам куртки на р.40-44,"Продам лёгкую курточку F5 размер S ,кнопки на кармашках ,лёгкая очень- 1200 р., Куртка удлиненная Адидас до -15-р42-44 -1300 р. Продам куртку фирменную zarina ,лёгкая как пушинка и очень удобная ,Состояние новой-2000 р.Куртка весенняя ,удобная ,утеплённая  Termit 42-44 р.-1300 р.Куртка-пуховик people Состояние отличное р 42-44-900 рублей",1200.0,20,2017-03-17,Private,4389d19285e2c5ec2882c2902946882f3684f953f5f102e373e8e7ea23d2df24,545.0,0.25168
1f3f0bf43700,c405a5e39fa5,Ростовская область,Ростов-на-Дону,Для дома и дачи,Ремонт и строительство,Стройматериалы,,,Столешница,"Новая столешница, материал лдсп, габариты 40*60 и 80*60.",500.0,109,2017-03-18,Private,d3c838937463fd64c0791fddaf793fd052d5e89de635d7d3d68762c176441288,2899.0,0.86521
6899aea04408,9fc9f503fb3b,Кемеровская область,Кемерово,Личные вещи,"Одежда, обувь, аксессуары",Женская одежда,Верхняя одежда,> 50 (XXL),Новый пуховик очень красивый 50-52 размер,"ПРОДАМ новый пуховик-наполнитель синте пух.РАЗМЕР 50-52,С КАПЮШОНОМ.На капюшоне отделка чернобурки норвежки голубой,мех отстегивается,есть пояс можно носить как с поясам так и без него,длина по колена. Брала в ветра- нет за 19 000.Похудела теперь очень большой стал.НЕ РАЗУ НЕ ОДЕЛА.",11000.0,33,2017-03-27,Private,ee16bd4564cd519411f4d8f9a3a064c513740dae9e5f2faf05f6934d52389251,510.0,0.0
ef48581460ee,b443a2608337,Татарстан,Казань,Для дома и дачи,Мебель и интерьер,Кухонные гарнитуры,,,Кухонный гарнитур,"Изготовление кухонного гарнитура! По привлекательной цене, с комплектующими BLUM, альтернатива SAMET. Фирма пунктуальна во всем.",5000.0,1,2017-03-25,Private,de264e4ff0cbc3c90a8953fda085e34968222932ee361056a7fd6207139a264b,1490.0,0.0
Размер: S/,,,,,,,,,,,,,,,,,
- Сиденье впереди задрано вверх,чтобы исключить соскальзывание ребенка к рулю/,,,,,,,,,,,,,,,,
fdaa9c8c53a9,b9577bbd73b7,Самарская область,Тольятти,Хобби и отдых,Музыкальные инструменты,Для студии и концертов,,,Akai mpk mini,,7000.0,2,2017-03-23,Private,02609cc1d08631f5fa323eb57f59cc1ab24dd68e0b29277507cd46a3a651ae4b,971.0,0.0
8a87b9815697,0a71d2a1b63b,Краснодарский край,Краснодар,Для дома и дачи,Ремонт и строительство,Стройматериалы,,,Бочка пластик 200Л Б/У торг,"САМОВЫВОЗ,РАЙОН ВИТАМИН КОМБИНАТ, ЕЙСКОЕ ШОССЕ.",1000.0,9,2017-03-16,Private,21526a520eb7b64d79f3ba1291c2780d9b27f2ea2fef40421c49b52caa1d458b,1366.0,0.0
a0eb67428107,66ecc13fb4f0,Новосибирская область,Новосибирск,Личные вещи,"Одежда, обувь, аксессуары",Женская одежда,Обувь,39,Новые полуботинки Didi blu,"Новые кожанные полуботинки на осень-весну от Didi blu, размер - 39. Высокая подошва. Шнуровка и замок. Не подошли по размеру (маловаты).",3200.0,53,2017-03-27,Private,ebfa749592b990967743c2e5ff12ad8f261fce00214ec2edd2a4ab4f8249bbf0,458.0,0.0
24 бит/,,,,,,,,,,,,,,,,,
Количество ядер: 2/,,,,,,,,,,,,,,,,,
2a467b72c96b,a5be5d2b531f,Саратовская область,Балашов,Личные вещи,"Одежда, обувь, аксессуары",Женская одежда,Верхняя одежда,46–48 (L),Курта кожаная,,700.0,4,2017-03-28,Private,c8770dfde8b1c3a0d219b7f38becdfdadcf3a96dcf49b6e492a535d839c59b2f,544.0,0.0
4. Фабричная мебель (сертификаты ГОСТ)/,,,,,,,,,,,,,,,,,
8b1d65a97c88,a77f00646d6c,Краснодарский край,Усть-Лабинск,Транспорт,Мотоциклы и мототехника,Мотоциклы,Дорожные,,Phantom 125cc,Мотоцикл АВМ Phantom 125/,,,,,,,
6415ee91d636,81ede2c28c39,Алтайский край,Бийск,Недвижимость,Квартиры,Продам,3,Вторичка,"3-к квартира, 60 м², 9/9 эт.","3-х комнатная квартира на 9 этаже! Квартира очень тёплая, светлая, средний подъезд. Заменена вся система отопления (радиаторы алюминиевые). Счетчики хол. и гор. воды. Окна пластиковые. Хорошее ТСЖ (находится в самом доме) Крыша не бежит, окна в подъезде пластиковые, лифт всегда работает! /",,,,,,,
Есть и новые с этикетками,есть немного ношеные. /,,,,,,,,,,,,,,,,
dad46732a112,68f4b0c0f944,Краснодарский край,Кропоткин,Для дома и дачи,Бытовая техника,Для кухни,Мелкая кухонная техника,,Мясорубка Аксион М31-01 с реверсом,КОРОТКО О ТОВАРЕ /,,,,,,,
***(Цена зависит от выбранного цвета)-ОБРАТИТЕ ВНИМАНИЕ НА ЦВЕТ!!!/,,,,,,,,,,,,,,,,,
9432f31f7411,c346ec1eeee6,Ростовская область,Ростов-на-Дону,Личные вещи,Детская одежда и обувь,Для девочек,Другое,,Рубашка 116 размер,Тоненькая и нежная /,,,,,,,
Выполнят освещение и противопожарную систему./,,,,,,,,,,,,,,,,,
62b2d8c9d07c,5adfe8ac5a34,Тульская область,Тула,Личные вещи,"Одежда, обувь, аксессуары",Женская одежда,Верхняя одежда,> 50 (XXL),Плащ женский,Плащ в отличном состояние размер 52,1000.0,52,2017-03-20,Private,e98d06f90165a4a6b97de18b2f5d7637a59cdaa08481fa6b3da42b45f3e4e42c,508.0,0.0
ac6a644cf9ec,d6e7886d5a47,Новосибирская область,Новосибирск,Для дома и дачи,Мебель и интерьер,Столы и стулья,,,Стулья,"Из IKEA б/у в хорошем состоянии, доставлю по городу, с мягкой сидушкой по 900р.",800.0,22,2017-03-25,Private,178d65ce023207d6c78d72eac2e9357b5aa77c3c12af23dc6ff9fafec53bc03a,1528.0,0.0
• Перегородки (каркасные межкомнатные перегородки по финской технологии – несущий каркас стен 100 мм х 40 мм)/,,,,,,,,,,,,,,,,,
4ee8ff1c6c8a,d20c95e4f0af,Татарстан,Альметьевск,Личные вещи,"Одежда, обувь, аксессуары",Женская одежда,Обувь,37,Кеды с открытым носом летние,Удобные,500.0,24,2017-03-27,Private,179baea5123af4b6aab8fc3a5b9f7c89e681ff9ac8639edcb57ea881f1fb9f44,85.0,0.0
b269943785d0,3f6d92ecb36a,Башкортостан,Уфа,Личные вещи,Детская одежда и обувь,Для мальчиков,Обувь,30,Летняя обувь для мальчика в хорошем состоянии,Сандалии для мальчика летние в хорошем состоянии,300.0,12,2017-03-26,Private,85029807a84a91e3e237bc0f933bc4c1f3056c61b7780acc842d6e3385994d78,44.0,0.0
 Адрес: г.Оренбург Ул. Волгоградская (ост. Всесоюзная)/,,,,,,,,,,,,,,,,,
91fdb3fa7f4c,a5c6d60a0fce,Кемеровская область,Кемерово,Недвижимость,Коммерческая недвижимость,Сдам,Торговое помещение,,"Торговое помещение, 170 м²","Сдается торговое помещение с хорошим ремонтом. Имеется два входа, витражные окна, приточно-вытяжная вентиляция, пожарная сигнализация. Стоимость аренды :  помещение целиком - 80 000р.+ком.пл.; возможна аренда частями- 600-800р. за м2+ ком.пл. ( в зависимости от объема снимаемой площади)./",,,,,,,
77d1f4d7505c,b35a2faa6755,Краснодарский край,Краснодар,Транспорт,Автомобили,С пробегом,ВАЗ (LADA),2105,"ВАЗ 2105, 2007","Машина в хорошем состоянии сел и поехал, ходовая в нормальном состоянии, мотор масло не берет , по кузову мелкие недочеты. Торг  реальному покупателю.",73000.0,1,2017-03-24,Private,3637957030965753670efac750a4cfa44bb30a1ae425f679b1ef1c94b1e05f4e,2262.0,0.7376
— Уменьшение мощности двигателя/,,,,,,,,,,,,,,,,,
e45da1c3f114,312bfc27beb2,Саратовская область,Саратов,Личные вещи,Детская одежда и обувь,Для мальчиков,Обувь,28,Сандалики Тотто,"В хорошем состоянии, носили только в садике, проблем с ножками (вальгус, плоскостопие и т.д) нет.",700.0,244,2017-03-19,Company,4fb4c725b2de4693c0ed81d72d9351880a756d0f4dd86f396917db36ba94da50,44.0,0.80323
- комплект для монтажа/,,,,,,,,,,,,,,,,,
— КРУПНОСТЬ ЗАПОЛНИТЕЛЕЙ,НЕ БОЛЕЕ 40 мм/,,,,,,,,,,,,,,,,
1ebd926b3068,61762db269ef,Новосибирская область,Обь,Услуги,Предложение услуг,"Ремонт, строительство",Отделочные работы,,Ремонт,Услуги дизайнера,500.0,6,2017-03-19,Private,99db1b25701629028bc4ceda1ccbfac16f8cf05fc7e9a72bfcbb77d85c9d2896,1287.0,0.2
86fbe3f694dc,cbf6ff1e6911,Краснодарский край,Краснодар,Для дома и дачи,Ремонт и строительство,Стройматериалы,,,Лестницы из массива дерева,"Производство и изготовление под ключ. Древесина Бука,Дуба,Ясеня. Все виды работ от заливки монолитного основания или сварки металлического каркаса до отделки деревом,стеклом,металлические ограждения,ковка и мн.др.Собственное производство деревянных комплектующих.Работаем с 1996 года лидеры продаж на рынке деревообработки по ЮФО.",3000.0,1,2017-03-20,Private,f05f418910b1ae3f54ef5da5052a30261ad632250d114d34bd6080ad373c87f5,2268.0,0.36205
4533cde2a171,4de0b5efc2b2,Новосибирская область,Новосибирск,Личные вещи,Детская одежда и обувь,Для мальчиков,Обувь,22,Классные резиновые сапожки Demar,"Сапожки в ОТС. Носили мало, один сезон. Покупали осенью 16 года. Могу чек поискать. Внутренний сапожок легко стирается в машинке, не деформируется, моментально сохнет! Шлюз. Дружу с рцр!",500.0,50,2017-03-27,Private,d28fbaec982db6dd1d6a7debf5aaea5c6da0395c3ae0a6ede302e7eee9d815f4,49.0,0.0
dcc39cca3bed,da267a4a293b,Свердловская область,Екатеринбург,Хобби и отдых,Музыкальные инструменты,Пианино и другие клавишные,,,Синтезатор и подставка,Продам синтезатор CASIO CTK-491 (состояние отличное) - 4000 руб./,,,,,,,
Транспортировочные ролики есть (4 штуки)/,,,,,,,,,,,,,,,,,
- Развитая инфраструктура района,рядом,магазины,аптеки,два детских садика,школы..Все в шаговой доступности. /,,,,,,,,,,,,
✔Работаем ЕЖЕДНЕВНО!/,,,,,,,,,,,,,,,,,
08878b9072cb,acde5c562fa6,Ханты-Мансийский АО,Нижневартовск,Транспорт,Мотоциклы и мототехника,Мотоциклы,Спортивные,,Kawasaki ZZR - 400,"Продам мотоцикл 1998 г.в. в хорошем состоянии. все расходники поменяны, масло новое, АКБ поставил неделю назад. Есть жизненные коцики. ТОРГ.",120000.0,1,2017-03-27,Private,1457cea6f8b71ec355f6867d53ea0c0fd131b150b8ce46fff36acb95b8043585,1137.0,0.0
Тихое спокойное место,соседи хорошие,магазин рядом. /,,,,,,,,,,,,,,,
Функциональные особенности/,,,,,,,,,,,,,,,,,
Toshiba Satellite A300-1EC/,,,,,,,,,,,,,,,,,
"Малахов Г.П.-\"\"Целебное дыхание\"\"/",,,,,,,,,,,,,,,,,
Стекло толщиной 5 мм широко используется:/,,,,,,,,,,,,,,,,,
Разговорный динамик - 3 шт ( по 50Р)/,,,,,,,,,,,,,,,,,
52fd5a7686d6,267d670114a6,Пермский край,Пермь,Личные вещи,Детская одежда и обувь,Для девочек,Комбинезоны и боди,62-68 см (2-6 мес),Новые Платья для малышки на выписку,"Продам платье-слип, платье-боди и комплект платье штанишки...Вещи новые одеты один раз пофоткаться отличное качество купленые в Дочках сыночках...очень удобные подойдут на выписку или для фотосессии...Каждое платье стоило 850-900 руб....Отдам все за 1100",360.0,24,2017-03-17,Private,5162516c5a9c97d54ffa2cbaaa8315a888e0dad7bd12de5e3a71dd6f45334228,82.0,0.0
Ricoh Aficio Color 3506/,,,,,,,,,,,,,,,,,
Продаю,"так как не подошёл размер.\"",500.0,1,2017-03-22,Private,886f103a9b94bb99beb8c581e47102ff8e1c29c930329c73d157202a875f5103,582.0,0.0,,,,,,,,,
8eb3b38755f8,97841ff29931,Башкортостан,Стерлитамак,Личные вещи,Детская одежда и обувь,Для мальчиков,Обувь,23,Ботиночки,Ботиночки натуральная замша,150.0,267,2017-03-25,Company,60b48d9ce6dae39ac0f4f4f3861d1a0908d32aac5eb4b02aad1f69405c79bd43,90.0,0.0
- регулировка по талии п/к эластичной лентой /,,,,,,,,,,,,,,,,,
c6c5174dd9e9,da855ab1c30f,Волгоградская область,Камышин,Для дома и дачи,Посуда и товары для кухни,Посуда,,,Рюмки хрусталь,Продаю рюмки хрустальные на ножки. 8-мь штук.,1500.0,22,2017-03-23,Private,d3a93de9746b7eab104e49973cf10e38c45bffd65229dc021456221e45c61b76,1621.0,0.0
батарея: 380 мАч/,,,,,,,,,,,,,,,,,
 - дизайн и верстка каталогов,журналов,газет,буклетов,,/,,,,,,,,,,,,
73bddfc77943,95f2422aece0,Тюменская область,Тюмень,Для дома и дачи,Мебель и интерьер,Освещение,,,Лампа люминесцентная компакт,Лампы люминесцентные в количестве 7 штук SPC 55Вт E27 2700K.Цена за 1 штуку. Забирать товар в районе Ватутина.,250.0,44,2017-03-25,Private,,,0.0
- Micro USB кабель,/,,,,,,,,,,,,,,,,
c07853dc3dc4,a8f76e9334d4,Свердловская область,Екатеринбург,Личные вещи,"Одежда, обувь, аксессуары",Мужская одежда,Обувь,41,Шикарные синие кроссы мужские новые,шикарные синие кроссы мужские новые/,,,,,,,
bcd31edb1f7c,703963bb1729,Свердловская область,Екатеринбург,Личные вещи,"Одежда, обувь, аксессуары",Женская одежда,Верхняя одежда,44–46 (M),Пальто gucci,"\"Пальто б/у, в хорошем состоянии. На ткани актуальный рисунок \"\"елочка\"\". Модель подойдёт на любую фигуру. Идеально хоть с каблуком","хоть с кроссовками.\"",1500.0,75,2017-03-16,Private,420b369c8fba7462bee915dea710232458e263953a16b7f38e0c92699896a398,522.0
"Регулировка сиденья пассажира\"",849000.0,1626,2017-03-28,Shop,bb61073726440111c828eea0fc1d55c70a40b102f85f04fb01e950e1a7dd0461,1118.0,0.0,,,,,,,,,,
39669a63f562,ee6c5b29a1b2,Владимирская область,Владимир,Хобби и отдых,Коллекционирование,Монеты,,,2 монеты с достоинством по 2 евро,,250.0,2,2017-03-25,Private,e266cb99970786578c889251e44f339a3262ba3ee85c43f7bbdc476553401a62,2419.0,0.24293
• ГАРАНТИЯ ВОЗВРАТА! Товар можно вернуть без объяснения причины!/,,,,,,,,,,,,,,,,,
Плотность 75 кг/м3/,,,,,,,,,,,,,,,,,
7259c49cd9b5,bb9fa80ff8c0,Челябинская область,Магнитогорск,Хобби и отдых,Спорт и отдых,Другое,,,Клюшка Bauer Нексус 8000 (труба) и банан от клюшки,"Клюшка состыкованная. Труба от клюшки Bauer Нексус 8000, банан от клюшки Ванкувер",3000.0,1,2017-03-27,Private,105418ce2e54a268ce4ed2e8b9626eb9e88b20700db8b0d406881a5558d6788f,2624.0,0.0
У котят отличные породные данные,крупный костяк,набитая,шиншилловая шубка,четкий красивый рисунок. Вырастут очень крупными./,,,,,,,,,,,,,
5f551e7b23e3,d9ec7449979e,Пермский край,Пермь,Личные вещи,Детская одежда и обувь,Для девочек,Обувь,31,Сапоги демисезонные,"Абсолютно новые сапоги. Выросли быстрее, чем планировали, и не успели поносить.",1000.0,2,2017-03-21,Private,8f0031889c1643f2b21309e990a1713a0f031ef1c8b2aa6f26e199b950b9f7db,427.0,0.0
a5588a4dc3a7,828316d78de5,Красноярский край,Красноярск,Личные вещи,"Одежда, обувь, аксессуары",Аксессуары,,,Обшивка сосудов кожей,"Обтяжка сосудов, предметов натуральной кожей. Цвет кожи на ваш выбор.",500.0,17,2017-03-26,Private,4d3bbbf4a160ff908b1b09327205330bf30aa3f83064da3bec23e83bd5b6c5dc,1663.0,0.0
62fa0948756f,4cf21af0e5cc,Ростовская область,Ростов-на-Дону,Хобби и отдых,Музыкальные инструменты,Гитары и другие струнные,,,Электрогитара Grac Bennett avion 1,"\"электро гитару \"\"greg bennett design avion 1 \"\"/",,,,,,,
___________________ОБОРУДОВАНИЯ/,,,,,,,,,,,,,,,,,
Оперативная память-1Гб/,,,,,,,,,,,,,,,,,
6. БЕСПЛАТНАЯ ДОСТАВКА от 2000 рублей/,,,,,,,,,,,,,,,,,
Mali-T880 MP4/,,,,,,,,,,,,,,,,,
Продам квартиру в новом доме,фз-214,специальное страхование. Идеально подходит под выгодные инвестиции. Предчистовая отделка. Коммуникации все центральные. Отопление газовое,плиты - электричество. Без ремонта продажа только квадратных метров. Самый востребованный жилой район с развитой инфраструктурой. Школы,поликлиники,магазины - все в шаговой доступности. Ровное место! /,,,,,,,,,,,,
Потребляемая мощность 39 Вт/,,,,,,,,,,,,,,,,,
fdd337840c26,b0e4beeb69ba,Краснодарский край,Новороссийск,Личные вещи,Товары для детей и игрушки,Детские коляски,,,Коляска 2 в 1 Tako Lungo,"Коляска 2 в 1 Tako Lungo, люлька для новорожденных и прогулочный блок. Очень удобная, маневренная, легкая в управлении, имеет высокую проходимость на любых покрытиях. В комплекте сумка, москитная сетка, дождевик. Прогулочный блок в двух положениях: сидя и лежа, высота спинки регулируется.",8000.0,16,2017-03-15,Private,1f69674c681964c9882095801306ebfb02fc4f447a2630c88eef4f9537de7538,1002.0,0.0
583b4014fb0c,aa5f2e846ee5,Свердловская область,Екатеринбург,Бытовая электроника,Товары для компьютера,Мониторы,,,Монитор Benq Q7T4,Продам монитор в рабочем состояние. Разрешение экрана 1280x1024 (5:4),1100.0,1,2017-03-23,Private,9fb0dd813324c1b934cc84e5711b1b406800fd0fe188a477471c944dd3a4d209,2845.0,0.25253000000000003
2bc1c61dcfe0,f16ed4228016,Ханты-Мансийский АО,Нижневартовск,Бытовая электроника,Телефоны,Другие марки,,,Телефон,"Срочно продаю 5s на 16 г, все вопросы в сообщения, либо по телефону !",12000.0,5,2017-03-16,Private,8304d4580df51a56baf2b83d4d087c48f494c8056bb28f8fad3854908b004022,2918.0,0.27235
"экран 5\"\"",разрешение 960x540/,,,,,,,,,,,,,,,,
Мы работаем без выходных./,,,,,,,,,,,,,,,,,
6 BIRD WEEK /,,,,,,,,,,,,,,,,,
"Сдаю через агентство. комиссия оплачивается по факту заселения.\"",10000.0,51,2017-03-18,Company,9697bfd057fe5d0937818b2c4702cbb7d7fde270c84e367f066e07762f886bf4,2220.0,0.33956,,,,,,,,,,
de77f20e2c2f,5aa6a7d4f136,Башкортостан,Уфа,Недвижимость,Земельные участки,Продам,"Сельхозназначения (СНТ, ДНП)",,"Участок 8 сот. (СНТ, ДНП)","\"Продам 4 смежных приватизированных участка по 8 соток каждый, без построек в СНТ \"\"Пласт\"\" по цене от 130 000 тыс.руб. 20-30 км до города. Можно по отдельности по 8 соток. В собственности. Отличная экология",чернозём. Соседи активно строятся. Недалеко озеро Акманай. /,,,,,,
Стимулирует развитие малыша,"способствует тренировке слуха и зрения.\"",850.0,85,2017-03-18,Private,bb197dbfdfcf5ee4b3773ffd45be2608e4cd0132bd28e85b0e8b85c4d8697b94,960.0,0.1432,,,,,,,,,
Антиблокировочная система тормозов с усилителем экстренного торможения (ABS+BAS)/,,,,,,,,,,,,,,,,,
Весна-осень/,,,,,,,,,,,,,,,,,
38c57390647a,8bd19c1770d6,Новосибирская область,Новосибирск,Личные вещи,Детская одежда и обувь,Для мальчиков,Верхняя одежда,62-68 см (2-6 мес),Комбинезон Puma,Комбинезон на весну.,800.0,64,2017-03-23,Private,94dc55c2ce6a9c2dcb8e4cc116e086a285323069bb0eeff12d23e4eb5cf33a4a,50.0,0.0
Хромированное основание./,,,,,,,,,,,,,,,,,
"каждый проходит строгий отбор и курсы повышения квалификации.\"",300.0,2,2017-03-22,Private,17e6c01cf3689ddd62f3bd56b53b19dc30260d0adbb0d1a83fde7b622198ecee,2270.0,0.5,,,,,,,,,,
24ed03aafcb7,8dc29c9bb95c,Саратовская область,Энгельс,Личные вещи,Товары для детей и игрушки,Товары для купания,,,Круг для плавания,"Размер Черепашки и Носорога 76×58, Бегемотик 81×56.",500.0,69,2017-03-28,Company,1f855bdd25c2f2e58a19a518bec66c9490dffccc511982db7e32aba83bba70af,1029.0,0.0
86994b797785,e051796271c2,Самарская область,Новокуйбышевск,Личные вещи,Детская одежда и обувь,Для мальчиков,Обувь,> 36,Обувь для занятия танцами,продаю обувь на мальчика 38 размера для занятия бальными танцами фирма DANCEFOX ECKSE standart,1000.0,6,2017-03-21,Private,b6e6270b92f4655a3727c1dc6144a3f4614e17376b9bb28093e6b8fa771e4018,639.0,0.0
Вес ручки: 29 гр./,,,,,,,,,,,,,,,,,
Вся инфраструктура в вашем распоряжении! Транспорт в любой конец города!/,,,,,,,,,,,,,,,,,
В идеальном состоянии,"есть в наличии в Краснодаре. Отправлю в регионы.\"",12000.0,1110,2017-03-15,Company,75c19d381d27c7cb84fb1f2e4ecdc9b940faf359504ca705ef12d8317b303783,2630.0,0.0,,,,,,,,,
bb91fe531f7b,f9b12b3fb49f,Тюменская область,Тюмень,Для дома и дачи,Бытовая техника,Для кухни,Плиты,,Электроплита Веста GM0933,"Обновление ассортимента плит происходит ежедневно. Поэтому звоните, уточняйте!/",,,,,,,
*Эстетичность. /,,,,,,,,,,,,,,,,,
bdaf680c0342,72bd23ad8c1e,Челябинская область,Челябинск,Личные вещи,Детская одежда и обувь,Для девочек,Верхняя одежда,110-116 см (4-6 лет),Жилетка,В идеальном состоянии. Размер указан 28. Мы носили в 5 лет.,400.0,47,2017-03-24,Private,b568ea0c067df82e287a8a5534de8d039d009016f1c5c381f263456afc1b0e2d,121.0,0.80323
Стяжка пола по маякам - от 250 р/м.кв./,,,,,,,,,,,,,,,,,
Цвета в ассортименте!!!/,,,,,,,,,,,,,,,,,
7e7818cfea16,a505ae9f3732,Ростовская область,Ростов-на-Дону,Личные вещи,Детская одежда и обувь,Для мальчиков,Обувь,22,Сандали,В хорошем состоянии. Стелька 14 см,200.0,122,2017-03-20,Private,b92be44f6d99bd7234b2c6dfc5f85f4c8ba7cc4ad81a53d677666af15fe1a5b5,637.0,0.0
2. Стойка Soundking,2шт/,,,,,,,,,,,,,,,,
f94e8a60aaf6,ce34d34a9044,Тюменская область,Тюмень,Услуги,Предложение услуг,Деловые услуги,Юридические услуги,,Юр. услуги для граждан с гарантией результата,"Высокопрофессионально, с гарантированным результатом (опыт юр. деятельности 21 год), - оказываются все юридические услуги гражданам и организациям в сфере: гражданского, земельного, семейного, банковского права, другим отраслям права; гражданского и арбитражного процесса (защита, представительство интересов клиента во всех судах судебной системы РФ). /",,,,,,,
a49a64f350de,7f4adcda3004,Ханты-Мансийский АО,Нижневартовск,Личные вещи,"Одежда, обувь, аксессуары",Женская одежда,Обувь,37,Сапоги весна очень,,600.0,7,2017-03-17,Private,853b0b818c4458703d972d6b97e485b0e364419ade07b632c70ef0d551e07a4c,449.0,0.0
18024a2cb7f7,cd6048dd6869,Ростовская область,Новошахтинск,Личные вещи,Товары для детей и игрушки,Детские коляски,,,Продам детскую каляску,Продам детскую коляску в хорошем состоянии,3000.0,11,2017-03-28,Private,2bedec949891bc37ee9dbd71d1f8f74ae58668cee44375828247b3b21e48cf6c,1002.0,0.20766
460c7d591b71,343d4088cdda,Краснодарский край,Краснодар,Для бизнеса,Готовый бизнес,Общественное питание,,,Буфет,Продается готовый бизнес.столовая и холодильная витрина под салате б/у столы стулья прилавка А также имеется ище 1готовый бизнес Столовая на 7этаже в 7этажного офиса находится на ул.красной на против галерея работает8лет все вопросы по телефону,200000.0,1,2017-03-20,Private,e0e6101ae44bd77d2197dd29f992d310726ee9bd529266fef7faf22c215e15a5,1450.0,0.15631
8992307b64ca,631b962a8168,Тульская область,Тула,Бытовая электроника,Телефоны,Highscreen,,,Highscreen Explosion,Продам телефон Не включается.Есть дополнительный аккумулятор.,500.0,79,2017-03-26,Private,9ad08fe95ab68361b63c21e570f63581091829685ea8b38db67e57146a98c55f,2927.0,0.0
767bc4a7d9ba,897629ca3a43,Ставропольский край,Ставрополь,Хобби и отдых,Коллекционирование,Монеты,,,"\"Журнал \"\"Монеты и банкноты\"\" + монеты\"","Продам дёшево: 300 рублей за журнал с двумя монетами, 700 рублей за 3 журнала с 6 монетами./",,,,,,,
Монтаж дополнительных сетей к уже существующим системам электроснабжения и электроосвещения./,,,,,,,,,,,,,,,,,
ae98344a9460,5abdfcb83e33,Алтайский край,Бийск,Для дома и дачи,Ремонт и строительство,Садовая техника,,,Бочка металическая,"Бочки б/у, 200 литров, из под лака, с пробкой. По желанию ( за небольшую доплату) верх могу вырезать. Возможна доставка. В наличии 5 шт.",250.0,24,2017-03-22,Company,e9f4085cba67085776228e183f99d1f9816f0059826656be3d131970b1871ddb,1366.0,0.0
f293c9ef9d15,be83c2126d9d,Краснодарский край,Краснодар,Личные вещи,Детская одежда и обувь,Для мальчиков,Комбинезоны и боди,74-80 см (7-12 мес),Вязанный комбинезон,Комбинезон в идеальном состоянии. Лёгкий и удобный.,700.0,19,2017-03-19,Private,c5ec999ab2542bebe4d3993cc6c8e9f737329aa35c8bcbcdc9eb119c94d23608,42.0,0.0
Длинна по спинке без воротника 28.5/,,,,,,,,,,,,,,,,,
Тип/,,,,,,,,,,,,,,,,,
3 фото-100 руб. (с мехом 24раз,ботинки-22р,кросовки роз.-22 раз,красовки чер.-29р/,,,,,,,,,,,,,,
43eb0a973b9a,28fa32e16bcd,Свердловская область,Нижний Тагил,Личные вещи,"Одежда, обувь, аксессуары",Женская одежда,Верхняя одежда,42–44 (S),Куртка,"Весенняя куртка , в идеальном состоянии .",600.0,24,2017-03-27,Private,bad7c9fc44118fd12a58d694e60f5530454333e805d48bf562cba7d5e94612ac,51.0,0.67743
Цвет основного блока/,,,,,,,,,,,,,,,,,
AMBASSADOR CITY JOMTIEN OCEAN WING 4* завтрак — 36420 руб. /,,,,,,,,,,,,,,,,,
"С 23.03 цена будет выше.\"",1000.0,11,2017-03-20,Private,04311fd29f530be02d1ddac6c336930f146526e9174deded1cb0440cad940855,468.0,0.27307,,,,,,,,,,
7632458c1356,c4498ca690d5,Калининградская область,Калининград,Бытовая электроника,Ноутбуки,,,,Asus K50c,"\"Ноутбук c экраном 15.6\"\" /",,,,,,,
🍫 Питание: питание завтраки 🍴/,,,,,,,,,,,,,,,,,
0ae7457c2ddc,68334acef05b,Тюменская область,Тюмень,Услуги,Предложение услуг,"Ремонт, строительство",Отделочные работы,,Выполним любой вид ремонта-качественно!,БРИГАДА ИЗ ПЯТИ РУССКИХ СПЕЦИАЛИСТОВ ГОТОВА ВЗЯТЬ ВСЕ ТЯЖБЫ РЕМОНТА НА СЕБЯ!!!/,,,,,,,
• Иммобилайзер/,,,,,,,,,,,,,,,,,
_________________________________________________________/,,,,,,,,,,,,,,,,,
Сб-Вс с 11:00 до 17:00/,,,,,,,,,,,,,,,,,
"Код в базе данных ГК \"\"Аякс-Риэлт\"\" 1004428261\"",11000000.0,46993,2017-03-21,Shop,d7c08b9070a4d51cca5feddb6c3e6170913af7a2578a0a4fd4e80bb297f85d3d,1039.0,0.09554,,,,,,,,,,
40e885e86099,e31cb19a7fc9,Краснодарский край,Краснодар,Бытовая электроника,Телефоны,Microsoft,,,Microsoft 435,"Телефон в отличном состоянии, операционная система обновлена до windows 10 , ОЗУ 1 ГБ, оперативка 8 ГБ. Не зависает, батарею держит до 2 суток, в зависимости от эксплуатации.",4000.0,12,2017-03-16,Private,ff46978c184931d5621ad797480f41abef6502d2dcf18b017d4f0175d65f3969,2933.0,0.0
___________________________/,,,,,,,,,,,,,,,,,
Starline B9 dialog от 5000р с установкой./,,,,,,,,,,,,,,,,,
Машина полностью исправна и готова ко всем трудностям и невзгодам! /,,,,,,,,,,,,,,,,,
a8832ae4148b,22995cd7e247,Удмуртия,Ижевск,Бытовая электроника,Телефоны,Samsung,,,Samsung,"Пол года, коробка, документы, з/у и наушники в комплекте /",,,,,,,
Стоимость участия 500 руб./,,,,,,,,,,,,,,,,,
b688eec329f3,afb1babe4689,Башкортостан,Уфа,Личные вещи,Детская одежда и обувь,Для мальчиков,Трикотаж,86-92 см (1-2 года),Свитер 86,"Свитер в отличном состоянии размер 86 на 12-18 мес,",300.0,131,2017-03-23,Private,180cce5bd5875f169a3fb85993bec35af5714216a2ba46215a04c82a553f4356,64.0,0.0
2f09cfbc6c16,77dc19d40a0d,Нижегородская область,Заволжье,Недвижимость,Квартиры,Продам,3,Вторичка,"3-к квартира, 58 м², 5/5 эт.","Квартира с ремонтом. Новая железная дверь, кладовка",1500000.0,4,2017-03-24,Private,8a24eaa9a8e1945a315706261d5b236bfbdb4b7ba0360e24c82869a1d5f17fb8,1377.0,0.24865
950ecd076f5b,df8775ef870b,Иркутская область,Иркутск,Для дома и дачи,Ремонт и строительство,Камины и обогреватели,,,"Мангалы из кирпича,барбекю",Возможно изготовление по вашему эскизу,,4,2017-03-28,Private,a8e0d91dbaed0600acd602db6b46b90c4a8b662d5f1616f1af9a147a184f7d5b,1296.0,0.0
память 4 Гб,слот для карты памяти/,,,,,,,,,,,,,,,,
Цена за все 4 пакета./,,,,,,,,,,,,,,,,,
Размеры (ШxВxТ)/,,,,,,,,,,,,,,,,,
51cc26f75c3c,210e1e6d00af,Самарская область,Тольятти,Личные вещи,Детская одежда и обувь,Для девочек,Другое,,Бально-спортивное платье,Продаю бально-спортивное платье. Размер 140. Возраст 8-10 лет.,500.0,1,2017-03-18,Private,a10f993d7167575c6122d085aaddcc68e7a6d28679c9d904a523875255e15c9a,2721.0,0.0
-	Светодиодные фары ближнего и дальнего света/,,,,,,,,,,,,,,,,,
382d284f9ad0,07989f1e38e7,Нижегородская область,Нижний Новгород,Личные вещи,Красота и здоровье,Приборы и аксессуары,,,Машинка для стрижки,"Машинка в рабочем состоянии, продаем за ненадобностью, использовалась 2 раза, все промыли и простерлизовали",300.0,5,2017-03-15,Private,b4b2aa8bf4fc66c3d662732cd3689b5cb45a513ae867bc0d298c93d484d432bc,1916.0,0.10902
- Чистка кондиционера (снятие барабана,дезинфекция,мойка керхером) 1500 р./,,,,,,,,,,,,,,,
Количество разъёмов USB 2.0	2+6/,,,,,,,,,,,,,,,,,
528b3192a056,13c4d8bea5d8,Саратовская область,Балаково,Недвижимость,Квартиры,Продам,1,Вторичка,"1-к квартира, 17.4 м², 2/5 эт.","Продам,сдам комнату в Светлане",,35,2017-03-21,Company,8b790d82571ac01ff0f59228f78a444abfbab964465d893513acb65722ca8e3c,2219.0,0.27224
Высота потолков составит более 2,6 м. В каждой квартире предусмотрена лоджия с выходом из кухни или из жилой комнаты. Небольшое количество квартир на этаже (по 3-4 квартиры) позволит обеспечить комфортное и спокойное проживание./,,,,,,,,,,,,,,,,
43063ddb8181,15e1937c941a,Башкортостан,Уфа,Для дома и дачи,Бытовая техника,Для кухни,Мелкая кухонная техника,,Хлебопечка,"Хлебопечка новая с коробкой и документами. Продаётся, т.к. подарили маме, но не пригодилась. Использовали 1 раз для проверки работоспособности. Много разных режимов, при этом очень проста в управлении.Цена 3500р. Фото настоящие.",3500.0,4,2017-03-21,Private,f5919c5fbd39e603d1670acb39d176094f067a120084e082418e6b72bdded32c,1824.0,0.25122
/,,,,,,,,,,,,,,,,,
/,,,,,,,,,,,,,,,,,
/,,,,,,,,,,,,,,,,,
/,,,,,,,,,,,,,,,,,
/,,,,,,,,,,,,,,,,,
/,,,,,,,,,,,,,,,,,
/,,,,,,,,,,,,,,,,,
/,,,,,,,,,,,,,,,,,
/,,,,,,,,,,,,,,,,,
/,,,,,,,,,,,,,,,,,
/,,,,,,,,,,,,,,,,,
/,,,,,,,,,,,,,,,,,
/,,,,,,,,,,,,,,,,,
/,,,,,,,,,,,,,,,,,
/,,,,,,,,,,,,,,,,,
/,,,,,,,,,,,,,,,,,
/,,,,,,,,,,,,,,,,,
/,,,,,,,,,,,,,,,,,
/,,,,,,,,,,,,,,,,,
/,,,,,,,,,,,,,,,,,
/,,,,,,,,,,,,,,,,,
/,,,,,,,,,,,,,,,,,
/,,,,,,,,,,,,,,,,,
/,,,,,,,,,,,,,,,,,
/,,,,,,,,,,,,,,,,,
/,,,,,,,,,,,,,,,,,
/,,,,,,,,,,,,,,,,,
/,,,,,,,,,,,,,,,,,
/,,,,,,,,,,,,,,,,,
СКИДКА ПО АКЦИИ ДЕЙСТВУЕТ ДО 19 МАРТА!/,,,,,,,,,,,,,,,,,
Цвет светло-бежевый/,,,,,,,,,,,,,,,,,
"По всем вопросам звоните\"",16990.0,2,2017-03-15,Private,4f8f3abec450b4b64434a36305c2687bd0fd73ba3c33aacb69f8d5b6550fcd4e,537.0,0.0,,,,,,,,,,
30a7fb128442,14073e1ca245,Краснодарский край,Курганинск,Транспорт,Грузовики и спецтехника,Грузовики,,,Камаз десятка,"Продаю камаз 1996 года, в отличном состоянии . все вопросы по телефону.",1050000.0,1,2017-03-16,Private,2d0c6d71b9092cef77cbc811587d59890580270650a73d479861ee8dc8334338,1056.0,0.39764
Мы предлагаем Вам купить любые кухонные гарнитуры (прямые,угловые,классические,современные,маленькие). Любые материалы: эмаль,глянец,мдф,пластик,массив. Кухни от элитных (дорогие) до эконом (дешевые) не б у. Поможем Вам подобрать,фасады,стеновые панели (фартук),столешницу,барную стойку,фотопечать и др./,,,,
871912ba8adf,a3878dd00281,Владимирская область,Владимир,Личные вещи,Детская одежда и обувь,Для мальчиков,Обувь,35,Ботинки новые,Ботинки новые,500.0,15,2017-03-26,Private,ff1af90bc1d6e9b346079c7da27fb007048208be975c8a5df377f6d8d35a0f0c,46.0,0.0
Здание ТЦ расположено на пересечении центральной улицы Нефтянников и улицы Первостоителей. Улица Первостроителей является единственным въездом и выездом из городского поселения,и она же разделяет поселок на две части: жилую и производственную. ТЦ находится в 150 метров от жилого сектора/,,,,,,,,,,,,,,,,
— вес 139 г,"ШxВxТ 68x131x10.90 мм\"",1599.0,70953,2017-03-15,Shop,13a11f36a86d8d57b3c98da7e532f66b8244bf55a32e9b53d6e05d6dd6127420,2926.0,0.34389000000000003,,,,,,,,,
2bf865ca1e77,0fb2393899fb,Саратовская область,Саратов,Личные вещи,"Одежда, обувь, аксессуары",Женская одежда,Верхняя одежда,42–44 (S),Куртка,Б/у один раз,1000.0,47,2017-03-19,Private,02a489b1529af04dc22794612c817fb75c8a774c2cea7166545a969c50e01d67,527.0,0.0
5a4db9464b17,c831b4dac605,Пермский край,Пермь,Транспорт,Водный транспорт,Надувные лодки,,,Продам лодку,"Продам лодку надувную,7-местная новая в упаковке пол, вёсла, насос и т.д/",,,,,,,
Road Fighter  /,,,,,,,,,,,,,,,,,
город Екатеринбург,"19 апреля\"",1500.0,14,2017-03-16,Private,4ada453eb6ad97d825db01b8d3f1be6485e7421bb63f351150699e1f996de1b0,2560.0,0.0,,,,,,,,,
•Батарея 350mAh/,,,,,,,,,,,,,,,,,
Обратите внимание,что доставка по г. Ижевск бесплатно /,,,,,,,,,,,,,,,,
10 КОП /,,,,,,,,,,,,,,,,,
есть /,,,,,,,,,,,,,,,,,
600р. Р-н Альтаира/,,,,,,,,,,,,,,,,,
Шторы подходят под любой карниз с крючками (потолочный или настенный)./,,,,,,,,,,,,,,,,,
Глубина/,,,,,,,,,,,,,,,,,
Управление основными функциями телевизора/,,,,,,,,,,,,,,,,,
484746f1d0f6,6f0f3ce282a7,Татарстан,Казань,Недвижимость,Квартиры,Сдам,На длительный срок,1,"1-к квартира, 47 м², 4/12 эт.",Здравствуйте!/,,,,,,,
В наших домах предусмотрена своя автономная газовая котельная (всегда тепло,экономия на квартплате!),огороженный детский городок,парковочные места/,,,,,,,,,,,,,,
f55c37c367c2,d1895e3c98bf,Татарстан,Осиново,Недвижимость,Земельные участки,Продам,Поселений (ИЖС),,Участок 8 сот. (ИЖС),Участок ровный в хорошем месте. Недалеко от дороги. Очень красивое тихое место. Все коммуникации рядом.,400000.0,91,2017-03-22,Company,,,0.0
78bbd4d04e14,eeaec8c99609,Саратовская область,Саратов,Для дома и дачи,Продукты питания,,,,Шиповник на здоровье,"Шиповник собран в экологически чистом районе.ягоды собраны спелыми.чистый,крупный.при заваривании получается очень ароматный и полезный(особенно в весеннее время) напиток.цена за литровую банку-100р.",100.0,129,2017-03-18,Company,ddfd8bb271230aeb4965041c4e22ecbe792f120f5d705541a7f958ecc3519e9a,1179.0,0.0
Количество камер	2/,,,,,,,,,,,,,,,,,
3c5b056df6fc,f61b0d45a61a,Ярославская область,Ярославль,Для дома и дачи,Ремонт и строительство,Окна и балконы,,,Продается окно,"Продается окно ПВХ, б/у. 4 года эксплуатации. В хорошем состоянии. Размеры 240 - длина, 1420 - ширина.",5000.0,8,2017-03-28,Private,6adc9093ac5b8a4bed5222ff704c8e5a2d249711c631e193d3a701008837f479,1409.0,0.86521
"Для получения специальных скидок звоните в офис менеджерам!!!\"",65124.0,299,2017-03-23,Company,18dbcf94cc16f07911049d8c7f0cca8505c8a09bb74821222fa8664e899fba2b,1886.0,0.0,,,,,,,,,,
Так же,"монитор ViewSonic 23 дюйма. Игровая мышка bloody V7. Коврик рейзер. Вай-фай адаптер.  Клавиатура с подцветкой. Микрофон в подарок. Обмен на айфон 6\"",30000.0,37,2017-03-24,Company,3c062b312a11a3f1df0bb20df8f61ebc9ce0a0d78901339c70222789a1e2117a,2795.0,0.16259,,,,,,,,,
"Цена обговаривается на месте и зависит от загрязненности  автомобиля. Ждем вас.\"",777.0,33,2017-03-21,Private,8f1bb0025f23436947f0a5071d3b5d9f49d72f33280481a495141c80a9222087,1133.0,0.5,,,,,,,,,,
ff4733172aa5,a092a279eead,Нижегородская область,Нижний Новгород,Личные вещи,Детская одежда и обувь,Для девочек,Другое,,Продам конверт на выписку,"Конверт в хорошем состоянии,после одного ребенка,не нашли только чепчик...",400.0,8,2017-03-19,Private,15d17f7ba37c6ef33aacd493a4bbd8b5fe7165adaa48f7d91380924a9e0ea17c,121.0,0.0
✔ Скидки от 10%/,,,,,,,,,,,,,,,,,
TFT IPS,глянцевый/,,,,,,,,,,,,,,,,
935b40ba49fd,e54a0cb10dda,Краснодарский край,Краснодар,Транспорт,Грузовики и спецтехника,Прицепы,,,Рефрежиратор Шмитц 1999г,Полуприцеп в работе .Стенки ровные.33е.п реф кариер максима плюс после кап.ремонта двигателя .ремонт компрессора полный.замена сцепления.замена подшипников турбины(нагнетающего вентилятора).все шесть колес новые(камма201),750000.0,1,2017-03-23,Private,d3e6a491b1a264781295ca4bff8dd3d6f3cbbad480ea9932f925572d8811ca4c,1080.0,0.43433
b390538d67be,1f67a858ff92,Ставропольский край,Ессентуки,Недвижимость,"Дома, дачи, коттеджи",Продам,Дача,,Дача 144 м² на участке 4 сот.,"\"Район КСШ, \"\"Овощевод\"\"",3-й пр.      Продам жилой дом с участком,все коммуникации.Стены из белого силикатного кирпича,наружное утепление.Цокольный этаж(полуподвал)-48кв м.,1этаж-48 кв.м.,мансарда. Ремонт-обычный(стеклопакеты,ламинат,"ковролин). Площадь всего участка-4сот. Огород-2сот. Двор на 2 машины.\""
749e7d6557e2,fdaf5aa74c04,Башкортостан,Туймазы,Для дома и дачи,Продукты питания,,,,Молоко козье,За 1 литр молока 70р,70.0,8,2017-03-27,Private,,,0.0
788ffbf47e16,e85b25241d89,Ростовская область,Константиновск,Услуги,Предложение услуг,"Транспорт, перевозки",Переезды,,Услуги Такси,Вызов такси.,50.0,10,2017-03-17,Private,,,0.25
1e233c931554,a532c6784f04,Челябинская область,Челябинск,Личные вещи,Детская одежда и обувь,Для мальчиков,Брюки,74-80 см (7-12 мес),Летние льняные брюки,"Продам летние брюки в отличном состоянии, в них малышу не жарко . Размер 80 см! Но можно и раньше так как есть пуговичка и можно подогнуть , так же можно и позже - будут бриджами !",500.0,91,2017-03-24,Private,125ae3aa0a14c7aa916849b195d0e63f727aaf2b8557d78d12bc654d139e0180,117.0,0.0
583ff9d02e2d,25021bbac6f2,Удмуртия,Ижевск,Личные вещи,"Одежда, обувь, аксессуары",Женская одежда,Верхняя одежда,46–48 (L),Д/с пальто для беременных,"Продам д/с пальто для беременных, в хорошем состоянии,ношено мало.",1000.0,36,2017-03-26,Private,3e05b95351adc8fd235749bf71608bdc19a3ba5a93add093ae7399b71cd5560d,523.0,0.0
"Цвета разные\"",200.0,151,2017-03-23,Private,5806fc74b0be35c7120fed283076bcf055b8cb7ebc1a390d114de649b527f943,148.0,0.0,,,,,,,,,,
— Гарантия 3 года/,,,,,,,,,,,,,,,,,
съемка видео 720p/,,,,,,,,,,,,,,,,,
42c05be96dad,89eada47a5ca,Свердловская область,Екатеринбург,Бытовая электроника,Оргтехника и расходники,"МФУ, копиры и сканеры",,,Мфу HP LaserJet Ultra M134fn + 3 Картриджа,"Продам новые МФУ HP LaserJet Ultra MFP M134fn Prntr с факсом и с устройством автоматической подачи документов (АПД), в комплекте 3 картриджа (G3Q67A)",23900.0,62,2017-03-15,Company,1f120a0a47a65628743c844f2c04b62f038259490ee881bfa8136871673f7117,2773.0,0.10102
Абсолютно новые/,,,,,,,,,,,,,,,,,
8f128f3fe5e1,8b9118c94b3e,Ростовская область,Ростов-на-Дону,Для дома и дачи,Ремонт и строительство,Инструменты,,,Диск пильный по дереву и дсп практика,Продам Диск пильный по дереву и дсп/,,,,,,,
bf71257d4098,323d33ae175c,Нижегородская область,Нижний Новгород,Услуги,Предложение услуг,"Ремонт, строительство",Сантехника,,Сантехнические услуги,"Предоставляем услуги по обслуживанию систем отопления,водоснабжения,пожаротушения. Со своим инструментом и за приемлемые цены в верхней части города.Производим работы с применением электросварки,так же работаем по полипропилену.Цены договорные.",100.0,13,2017-03-19,Private,a3689d2804ac3979e504ea6c519fd94b699a5f9b8d287c908f579bf8476879ba,2217.0,0.0
Цвет: черный,серый,прозрачный,белый,бежевый./,,,,,,,,,,,,,
- Ребята,"давайте жить дружно (песни из мультфильма \"\"О приключениях кота Леопольда и двух мышей\"\") (1984) (комплект из 2 пластинок)",звук - стерео,Ленинградский завод грампластинок;/,,,,,,,,,,,,,,
3490bc65caaa,abe01b865aed,Татарстан,Казань,Для дома и дачи,Мебель и интерьер,"Предметы интерьера, искусство",,,Ключница,Ключница-для хранения ключей.Идеальный подарок,1500.0,224,2017-03-27,Company,952953e9ead357227a92fe24dd03dca77b299ae4c29579435511faf308e714a8,1565.0,0.0
./,,,,,,,,,,,,,,,,,
./,,,,,,,,,,,,,,,,,
./,,,,,,,,,,,,,,,,,
• Воротник: стойка/,,,,,,,,,,,,,,,,,
- сим (спец тариф) - 1500/,,,,,,,,,,,,,,,,,
Руль 	KMS,алюминиевый,650 мм/,,,,,,,,,,,,,,,
d07ec67ecff2,a4262678ab5d,Нижегородская область,Нижний Новгород,Личные вещи,"Одежда, обувь, аксессуары",Женская одежда,Рубашки и блузки,44–46 (M),Блузка,"Новая, белая, выбитый фактурный рисунок, кружево, бусины./",,,,,,,
c3cdb035a5b4,7570e61b0529,Алтайский край,Барнаул,Личные вещи,Детская одежда и обувь,Для мальчиков,Верхняя одежда,Без размера,Джинсики на флисе 98см Sweet Berry,"джинсики на флисе 98см Sweet Berry, шаговый 38см. Регулировка на поясе есть. Состояние оч хорошее.",200.0,107,2017-03-28,Private,5800dcd4043e206ed7db5a0e7670bf84395d4422d7fc51421ad9d511f992911f,72.0,0.0
"* Женские вещи рассчитаны на рост до 175 см.\"",2600.0,46,2017-03-20,Private,301cced166f80b8bc0e105886b07a139bb021ac01e6a8b58e8ef148532931f3d,531.0,0.0,,,,,,,,,,
Коэффициент гармоник/,,,,,,,,,,,,,,,,,
1. Samsung R425. 2ядра 2гига 250 жесткий. Нет клавиатуры. Шлейф от тачпада плохо сидит в гнезде,поэтому отключен. Батарея держит./,,,,,,,,,,,,,,,,
e698a5188520,01174d36db32,Ростовская область,Ростов-на-Дону,Личные вещи,"Одежда, обувь, аксессуары",Женская одежда,Рубашки и блузки,42–44 (S),Блузка,"Блузка женская, отличное состояние. Забирать - район Театральной площади.",200.0,18,2017-03-23,Private,6d0151fc1cf69bd44fbaff4f0945fe7a04df00dae07d31e7bbdd21f7d1d30695,108.0,0.0
aa5f9fb6a5dd,58e8f22749fc,Свердловская область,Екатеринбург,Хобби и отдых,Охота и рыбалка,,,,Ледобур рыбацкий,продамновый ледобур NERO дешево.Диаметр бура 150мм.,1500.0,2,2017-03-27,Private,7ea9f1cd423aee129df49fba1d9bda1d8cd63aa7925a768a964802db8fce3881,2318.0,0.2749
b07270c694b3,1097cb547785,Тульская область,Тула,Для дома и дачи,Растения,,,,Хлорофитум,Хлорофитом в горшке,400.0,34,2017-03-20,Private,032460b608076b76047f74769013a629fbc3a0cc7510e2582e88c4b9e432f79f,1763.0,0.0
8659fbad17d0,18ca03c8293c,Пермский край,Пермь,Недвижимость,Квартиры,Сниму,На длительный срок,1,Сниму 1-к квартиру,"В поиске жилого помещения, студия или однокомнатная квартира. Чистоплотная, аккуратная, работающая молодая пара.Желательно район рабочего поселка. Есть собачка(не гадит, мебель и остальное не портит)",10000.0,27,2017-03-27,Private,be67e0d90a9728fea679455681043866205750bfc4c7e721fd75e4e1cfcdbd57,2263.0,0.11761
6e9191c511ee,64f3d498780a,Свердловская область,Екатеринбург,Личные вещи,Детская одежда и обувь,Для мальчиков,Обувь,20,Кроссовки детские,Меняю на киндер сюрприз,,20,2017-03-25,Private,a8f2e82538d1350238a4cbf9fc415aa072352383a88b91bd7f3315f0a27199ba,43.0,0.0
Импеданс50±2 Ом/,,,,,,,,,,,,,,,,,
- Габаритные размеры (длина*ширина*высота) 5м*5м*6м/,,,,,,,,,,,,,,,,,
20:00 Отправление домой в Элисту/Волгоград/Волжский./,,,,,,,,,,,,,,,,,
"торг возможен.\"",10000.0,3,2017-03-23,Private,0da03ad5eb5c69931110fb41c90c36d631be7070dc057905285c85472be13229,746.0,0.10902,,,,,,,,,,
12f11276ec3a,0a4b7f007da8,Ростовская область,Ростов-на-Дону,Личные вещи,"Одежда, обувь, аксессуары",Женская одежда,Платья и юбки,42–44 (S),Платье / туника,"Новая туника /платье, внутри на флисе, отлично подойдет на весну и прохладные вечера.  На невысокий рост, будет платьем, на девушку повыше, платьем/туникой. Заказывала себе, не подошел размер.",750.0,12,2017-03-27,Private,4413a9876efbb6a0666f65b57194ab67e2729f1e9edce020252c9a81b81581ed,108.0,0.0
Не смотря на высокий каблук,удобные. Обувала раза 2-3. Состояние отличное. На звонки не отвечаю,"писать смс.\"",800.0,36,2017-03-18,Private,502f95bc9997d89101a31a6b3a24439c6f983731e086ac27d19ac4c712cd5146,432.0,0.0,,,,,,,,
Тип сканирования /,,,,,,,,,,,,,,,,,
Материал: искусственная кожа/,,,,,,,,,,,,,,,,,
подклад синтепон,флис,/,,,,,,,,,,,,,,,
Wi-Fi,Bluetooth/,,,,,,,,,,,,,,,,
820b3ff1803f,c1644289c458,Саратовская область,Энгельс,Личные вещи,Детская одежда и обувь,Для мальчиков,Другое,,Костюм-двойка на маленького джентельмена,Рост 122,500.0,32,2017-03-19,Private,02cb89caa0a6f52ee566fe9abee9333a294d12d65bf67bb88cea74ba6110d266,72.0,0.0
"цена 100рублей\"",50.0,485,2017-03-17,Company,b0a43f171feaf2ea46a8ea62029551ba43be24a306a2141ce4666408a2191007,550.0,0.0,,,,,,,,,,
652bc783a3db,2c1facd13885,Новосибирская область,Новосибирск,Бытовая электроника,Аудио и видео,Усилители и ресиверы,,,Ресивер Yamaha 730,"Продам ресивер Yamaha 730, состояние 4+, цена на момент выпуска 700$, вес 11 кг",8500.0,28,2017-03-20,Private,3b2069974e463b8ea7c65059935bb3d3002325d17c95b87d26d9132cf5d78e45,3025.0,0.48461
87cf5be256fb,174872b07956,Нижегородская область,Арзамас,Недвижимость,Земельные участки,Куплю,Поселений (ИЖС),За городом,Куплю участок (ИЖС),Куплю земельный участок в Кириловке. Площадью 6-8 соток . Рассмотрю все варианты . До 500 тыс. Оплата сразу наличными,500000.0,67,2017-03-24,Company,,,0.1185
Смарт-часы (Smart Watch) W 8 – Это полноценный  телефон на Вашей руке. /,,,,,,,,,,,,,,,,,
Сидение с подушкой повышенной комфортности/,,,,,,,,,,,,,,,,,
Во дворе -детская площадка,парковочная зона./,,,,,,,,,,,,,,,,
23e72e6301db,8d3505c974ca,Тюменская область,Тобольск,Недвижимость,Квартиры,Сдам,На длительный срок,1,"1-к квартира, 36 м², 7/9 эт.",Квартира в новом доме рядом с ТЦ Жемчужина. Есть  все необходимое для комфортного проживания!,16000.0,146,2017-03-22,Company,5f807b2d6c036dd0c6ac9980bcf6a4e08e30c2b4fbd9d8f9e67f76df169bde16,2220.0,0.58119
✅САЙТ : nedvigimost-ug.ru/,,,,,,,,,,,,,,,,,
Всегда в наличии любые аксессуары для Вашего айфон. Дополнительные зарядки,защитные стекла,чехлы,бампера и многое другое! /,,,,,,,,,,,,,,
Контра и Танки летают!))/,,,,,,,,,,,,,,,,,
Подножка для ножек продаётся отдельно!Цена 600руб./,,,,,,,,,,,,,,,,,
с установленными счетчиками воды/,,,,,,,,,,,,,,,,,
67f9116c7ef7,53a42cd829a0,Ростовская область,Ростов-на-Дону,Личные вещи,Детская одежда и обувь,Для мальчиков,Верхняя одежда,86-92 см (1-2 года),Жилет,"Можно и на 98. Тёплый , состояние хорошее",500.0,14,2017-03-24,Company,de9b2e79f5375de51de9db0eae2fe8bd12d8fe8bb8863fcdd4734e8218bd86f7,667.0,0.0
-сверление под любым углом/,,,,,,,,,,,,,,,,,
Камера:8Мп,автофокус,вспышка/,,,,,,,,,,,,,,,
Сети:	GSM/GPRS/EDGE (850/900/1800/1900 МГц);/,,,,,,,,,,,,,,,,,
1f7940895259,e2534e8bcbbe,Татарстан,Казань,Для дома и дачи,Мебель и интерьер,Столы и стулья,,,Кухонный стол,Продам кухонный стеклянный стол . Цвет кофе молоко больше к коричневый. Купили размером не подошёл . Уступка,4000.0,15,2017-03-28,Private,c8c06ecc32cbaa73677de1e4a3e826de17ccc2e4d6530b8e0648c4ab84cc3fce,1530.0,0.08709
Также в наличии имеются все необходимые доборные элементы /,,,,,,,,,,,,,,,,,
c35dfb36a61b,3e756017cc2e,Пермский край,Пермь,Личные вещи,Детская одежда и обувь,Для мальчиков,Обувь,31,Кеды,Кеды в хорошем состоянии. Все целое. Замок декоративный. Размер 31-32./,,,,,,,
 Фундамент:свайно-ростверковый,монолитный железобетонный,Расчет конструкций выполнен на основе инженерно-геологических изысканий./,,,,,,,,,,,,,,,
09bc0bf16667,0553ac97555b,Челябинская область,Челябинск,Личные вещи,"Одежда, обувь, аксессуары",Женская одежда,Обувь,38,Сапоги Carlo Pasolini,"Сапоги Carlo Pasolini , состояние хорошее, под брюки и юбку. Кожа лак",600.0,210,2017-03-15,Private,0cb97c4d815e63038e9434a7755d3e03da579729f5f6359c5191a0a221f89e70,501.0,0.0
Продолжительность езды на одном заряде - 20км/,,,,,,,,,,,,,,,,,
что повышает комфорт при работе./,,,,,,,,,,,,,,,,,
Утюг Atlanta ATH-5491/,,,,,,,,,,,,,,,,,
Просторная кухня – 14 кв. м. Большая гостиная площадью 18 кв. м с выходом на лоджию. Здесь может собираться вся семья с приглашенными гостями. Места хватит всем!/,,,,,,,,,,,,,,,,,
Возраст: от 4 месяцев/,,,,,,,,,,,,,,,,,
Тип колонок 2.1/,,,,,,,,,,,,,,,,,
44bb1e1216c6,26e24f323fc1,Алтайский край,Бийск,Хобби и отдых,Коллекционирование,Монеты,,,Мир монет,Монеты на заказ,,3,2017-03-16,Company,6cab386f084c8a8367a4557db3e91ad117d1d2c7db29961d216486f739d20b31,2419.0,0.0
Гарантийный срок (мес): 12/,,,,,,,,,,,,,,,,,
390b3d1b8da4,09ecfe4202c7,Краснодарский край,Сочи,Недвижимость,Квартиры,Продам,1,Вторичка,"1-к квартира, 20 м², 3/3 эт.","Документы. Статус квартир. Дом клубного типа с парковкой, зоной отдыха.Удобным месторасположением как для жизни так и для отдыха. Квартира светлая, уютная с видом на горы и парк. Центральные городские коммуникации. Территория с зоной отдыха и барбекю, детской площадкой, парковкой. Высоко развита инфраструктура.",1470000.0,930,2017-03-16,Shop,4ad907a3d017f870106d3c9ce991bab21165ceab8ae59618dadf87685ddce5bd,2218.0,0.03187
a09a608811a9,16a0436596a0,Свердловская область,Нижняя Тура,Бытовая электроника,Аудио и видео,"Акустика, колонки, сабвуферы",,,Колонки в машину или в Сабвуфер,Kixc PD-693 100 ват размеры 6x9,1500.0,2,2017-03-24,Private,90c0f0a9079e39f8ce9685ed900669a7e21d429832b45f87fe74abef30054b03,1090.0,0.0
200e1b03d907,550ff1f4c69a,Кемеровская область,Кемерово,Для дома и дачи,Мебель и интерьер,Кухонные гарнитуры,,,Шкафы навесные б/у,"Продам срочно шкафы кухонные навесные, 3 шт. Отличное состояние. Могу продать по отдельности. Звоните.",2000.0,11,2017-03-19,Private,6361209e7d66348553fadb0fcad52c5f3f215325a90590b4c8c5739fe3b0145e,1452.0,0.14007
"При покупке возможна доставка в любой район города\"",700.0,47,2017-03-21,Private,4edb35434f072a153148e68d7f76f4f6a419776f3fb42fa90aa8295bf003b8a9,1552.0,0.0,,,,,,,,,,
c701bd270beb,36e35d595d04,Татарстан,Казань,Недвижимость,Гаражи и машиноместа,Продам,Гараж,Кирпичный,"Гараж, 18 м²","Продаю гараж ГСК Нокса ост. Карьер Советский район ,18метров 6×3. От остановки 5мин. Гараж и земля в собственности. Есть возможность расшириться. Гараж рядом с охранником, есть видеокамера.",220000.0,192,2017-03-19,Company,,,0.05557
b28bd9b6f605,89fe016674a5,Белгородская область,Старый Оскол,Животные,Птицы,,,,"Утята star-53 суточные, запись",запись на утят STAR-53 суточных на 8 апреля/,,,,,,,
842e65550502,ce5900f3b1bd,Татарстан,Казань,Для дома и дачи,Бытовая техника,Климатическое оборудование,Термометры и метеостанции,,"\"04339 Барометр \"\"Погодник\"\"\"",Производство: Россия./,,,,,,,
e1006f696328,d25e02872758,Башкортостан,Уфа,Личные вещи,Товары для детей и игрушки,Игрушки,,,Кукла Леди Баг,"\"Продаётся кукла ЛедиБаг, выполненная на основе героя мультфильма \"\"ЛедиБаг и Супер-кот\"\". Парик","костюм и маска выполнены вручную. Доставка по РФ бесплатно. За пределами РФ цена + доставка.\"",700.0,9,2017-03-19,Private,6d9ece758d257ba860a73df463a24da26f14cd86bcb5fdc8307eb6adcb6bfd4d,1609.0
e5a731708e6d,e6a6fcad0675,Краснодарский край,Северская,Личные вещи,"Одежда, обувь, аксессуары",Женская одежда,Пиджаки и костюмы,44–46 (M),Продам Спортивный костюм,"Надевали пару раз,состояниеидеальное,возможен торг",2000.0,11,2017-03-21,Private,9fc1ad4af7d2c0ab4e4cb962b550a79e07f18fe4000420219325c2644c9e6cd5,566.0,0.0
9099a8ec07c7,6ed9839eccf8,Красноярский край,Железногорск,Бытовая электроника,Телефоны,Samsung,,,Samsung galaxy j2 prime золотой продажа обмен,Куплен 21.02.2017г.все документы имеются.ни одной царапины./,,,,,,,
Видоискатель со 100-процентным охватом кадра./,,,,,,,,,,,,,,,,,
"Виктор Некрасов:  \"\"Маленькая печальная повесть\"\" : Год выпуска	1991/",,,,,,,,,,,,,,,,,
39febca76bd2,8c53d30bba54,Самарская область,Самара,Личные вещи,Детская одежда и обувь,Для мальчиков,Верхняя одежда,98-104 см (2-4 года),Куртка на мальчика,"Продаю куртку, размер 94 (24-36 мес) фирма Zara. Покупала за 3500. Состояние нормальное, но есть потёртости на кармашках, можно восстановить жидкой кожей, при делании.",500.0,2,2017-03-19,Company,ee2c26ef197970cd451bad73cc1f87c7c4368c4e1e7c9ae45bb42d7305cf518e,648.0,0.0
Выполняем работы любой сложности в квартирах,частных домах,офисах,других помещениях компаний и организаций (частных и государственных),в том числе торговых и промышленных объектов Калининградской области./,,,,,,,,,,,,,
Email протоколы/,,,,,,,,,,,,,,,,,
 Броский дизайн экстерьера выделяющийся среди остальных/,,,,,,,,,,,,,,,,,
Количество ядер 1/,,,,,,,,,,,,,,,,,
Все ТО в срок. 90 процентов эксплуатации на территории города. Отличный автомобиль в отличном состоянии./,,,,,,,,,,,,,,,,,
Время работы:ежедневно c 9-00 до 21-00,ул.Южное шоссе 41./,,,,,,,,,,,,,,,,
"в салон не поставлю так как передвигаюсь регулярно\"",550000.0,19,2017-03-21,Private,2197329bc5dc34948a0c2fc8458ef0460af6c82fa0d863763457b0631c172099,2264.0,0.7376,,,,,,,,,,
Размеры: 103.5х30.5 см/,,,,,,,,,,,,,,,,,
"АН \"\"Риелт-Комфорт\"\" несет полную финансовую ответственность за каждую сделку с недвижимостью.\"",1850000.0,14867,2017-03-27,Shop,f38cf225beba040c4793228225f71c5dd8d212d10921474e6cfa19ef860ef459,1489.0,0.0,,,,,,,,,,
f0fbe8c1f447,3e95bd11b1b6,Омская область,Исилькуль,Для дома и дачи,Ремонт и строительство,Стройматериалы,,,Сварочные электроды,"Продам сварочные электроды постоянного и переменного тока.Две пачки Уони 13/55  4 мм. И 4 пачки ОК 53/70 3,2 мм.",500.0,74,2017-03-23,Private,935397c35b505ad1ad09f57c5303703c7cbe4fe2579b5d25fa1df43ddee9dd4d,1216.0,0.0
b91a9f12110c,d1caff3df61c,Ярославская область,Ярославль,Личные вещи,Детская одежда и обувь,Для девочек,Платья и юбки,74-80 см (7-12 мес),Платье летнее почти новое,"платье на два  года, надевали 1 раз.",150.0,81,2017-03-27,Private,3b80362d4e915e90ce7cbcdc5d5698ea065c5e410468541c8e65e7d21e19d471,82.0,0.0
Продолжительность занятий: 1 час (300 рублей),1,5 часа (350 рублей)./,,,,,,,,,,,,,,,
Носили мало и аккуратно/,,,,,,,,,,,,,,,,,
"любой  сложности.Имеется большой  опыт работы в строительстве.\"",1000.0,44,2017-03-20,Company,8f38afd08dc429bb62db1eadd234a48378bcb3363d062f69f3af33d052bf2909,1296.0,1.0,,,,,,,,,,
прочность и долговечность /,,,,,,,,,,,,,,,,,
Мы сделаем Ваш дом ярче! Мы воплотим в реальность все Ваши желания!/,,,,,,,,,,,,,,,,,
Поддеркка WIFI - улучшает позиционирование в помещении/,,,,,,,,,,,,,,,,,
a235a44f0171,4f7a48e344ba,Иркутская область,Ангарск,Недвижимость,"Дома, дачи, коттеджи",Продам,Дача,,Дача 50 м² на участке 7 сот.,"ПОДХОДИТ ПОД МАТЕРИНСКИЙ КАПИТАЛ,ДОМ ПРИВАТИЗИРОВАН,ПРОПИСКА.Продам дачу в Сосновом бору за Жилкино. Дом с зимним проживанием,материал стен калиброванный листвяк(кругляк),русская печь,баня из бруса отделанная кедром,к дому пристроен гараж,летний водопровод,свет круглый год.",370000.0,2,2017-03-23,Private,44512f724ea65c05eade8fd3913d67d80176fe5d64187762391cffa87264148e,1320.0,0.16401
Возраст 4-6 лет. Полный набор: шлем с сеткой,шапки под шлем,защита шеи,панцырь для корпуса,подлакотники,наколенники,шерты,защита паха,краги,ритузы,"майка.\"",10000.0,20,2017-03-16,Company,3c4fd9bf3fcf8679bc6295b4ca0f592ffcf60ccd3f87d374730ef7204720b724,2638.0,0.0
57e048b24b6f,afd2ee70a315,Волгоградская область,Волгоград,Личные вещи,Детская одежда и обувь,Для девочек,Платья и юбки,146-152 см (10-12 лет),Новое платье benetton,Трикотажное свободное платье серого цвета. Без застежек./,,,,,,,
Безупречное техническое состояние. Сервисная книга (ТО только у официалов). /,,,,,,,,,,,,,,,,,
Имеет мягкий и лёгкий звук,приближен к природному./,,,,,,,,,,,,,,,,
Мы находимся по адресу: /,,,,,,,,,,,,,,,,,
2d6d350f2b17,49afcd254aba,Краснодарский край,Ейск,Для дома и дачи,Бытовая техника,Для кухни,Мелкая кухонная техника,,Мультиварка DeLonghi FH1394,Продам новую Мультиварка DeLonghi FH1394/,,,,,,,
Без грыж,дырок,и т.п./,,,,,,,,,,,,,,,
Использовался для езды на работу и обратно./,,,,,,,,,,,,,,,,,
"Свадьба в пятницу - скидка 15%\"",1000.0,38,2017-03-15,Private,4fb0c1220ed8929afbae281cac171a7782fd31862db55050560da48631ef48f7,2281.0,0.5,,,,,,,,,,
30dad275e33e,cc3e36b656dc,Ростовская область,Ростов-на-Дону,Личные вещи,Детская одежда и обувь,Для девочек,Платья и юбки,110-116 см (4-6 лет),Юбка Christian Dior,Посмотреть можно на Бориса Капустина 22/4/,,,,,,,
➢ Принимаем компьютеры и ноутбуки в любом состоянии,рабочие и нерабочие!/,,,,,,,,,,,,,,,,
Лоджии: раздвижные остекленные конструкции из алюминиевого профиля,пластиковые двери;/,,,,,,,,,,,,,,,,
5654cc4dec83,a42753f98db1,Свердловская область,Екатеринбург,Транспорт,Автомобили,С пробегом,УАЗ,3909,"УАЗ 3909, 2000","Продам УАЗ - 3309 2000г.в. в хорошем состоянии. Не битый, не вареный, рама, кузов и все агрегаты  заводские. Установлено газовое оборудование пропан. Д.В.С. 402 масло не ест, не гонит. цена 165000т.руб. небольшой торг при осмотре авто. Автомобиль находится на химмаше.",165000.0,54,2017-03-21,Private,55daf1ca58cdfe6e32bdec6634469d12430636c9fd4cb2b6770625e9f1060622,1092.0,0.0
Число ударов в мин. (вруб-1мм) : 600/,,,,,,,,,,,,,,,,,
46284764e8ed,7f61a95cb218,Омская область,Омск,Личные вещи,Товары для детей и игрушки,Товары для купания,,,Круг на шею Babyton для купания,Круг на шею Babyton для купания. /,,,,,,,
"235x170 мм\"",1000.0,369,2017-03-22,Company,0fb95775cfd6209fb258fb25aab002283447426333083545ae9cbb02bbd6eba3,2862.0,0.76786,,,,,,,,,,
Цвет - Черный,глянцевый/,,,,,,,,,,,,,,,,
Поддержка сервисов	Smart Hub,News On,Kids,Fitness,Family Story / Samsung Apps //,,,,,,,,,,,,,
0af33cb9b908,9f3ca261e7ad,Омская область,Омск,Услуги,Предложение услуг,"Ремонт, строительство","Строительство домов, коттеджей",,Услуги эксковатора погрузчика JCB,"Работаем по всему городу и ближайшему пригороду, ночью и в выходные дни!Опыт машиниста 26 лет!Любые земельные работы, планировка!",,100,2017-03-20,Private,7bf42740b8fefc2a4dc02ca7ac7b720b58ceb3ecf2efddc80dae0bc87e7d3772,1079.0,0.8
c5233c1f2f17,259bf98b2368,Свердловская область,Екатеринбург,Личные вещи,Детская одежда и обувь,Для девочек,Обувь,22,Туфли для девочки,"белые туфли в горошек, 22р, состояние идеальное/",,,,,,,
------------------------/,,,,,,,,,,,,,,,,,
Диаграмма направленности в вертикальной плоскости (Вектор Е) 40 градусов /,,,,,,,,,,,,,,,,,
После 12 месяцев стул используется без подноса,"чтобы ребенок мог обедать со взростыли за столом. В отличном состоянии .\"",13000.0,238,2017-03-16,Private,507cb712c6762f8c70c86e711f95a034c0595d3ebc4880ef5666875a5ca8d96d,817.0,0.80323,,,,,,,,,
Реальные фото по запросу. /,,,,,,,,,,,,,,,,,
e4b43c05bc2c,313886c2da4c,Краснодарский край,Сочи,Недвижимость,Квартиры,Продам,2,Вторичка,"2-к квартира, 60 м², 5/7 эт.","Продаю квартиру в центре Адлера. Квартира с ремонтом свободной планировки, теплый пол, сан узел оборудован. Дом сдан. Статус квартир, оформление в юстиции. Придомовая территория благоустроенна, парковка, детская площадка. Развитая инфраструктура рядом школа, детский сад, аптека, Магнит, остановка общественного транспорта.",5600000.0,1,2017-03-28,Private,6b5072abf4559f0e81ae94a555e1cd8eb315dd62947fc7427cf621fc2bba51c0,2222.0,0.28672
Ипотека от 6,3% годовых!/,,,,,,,,,,,,,,,,
Это место много лет было отдушиной нашей семьи,и мы бы никогда не расстались с ним,если бы дети не влезли в ипотеку(((/,,,,,,,,,,,,,,,
be25a69164bf,830d65df91fc,Красноярский край,Норильск,Недвижимость,Квартиры,Куплю,2,,Куплю 2-к квартиру,Куплю жилье в рассрочку или можно с долгом,,11,2017-03-23,Private,,,0.1185
Бондана/,,,,,,,,,,,,,,,,,
очень приятные и мелодичные./,,,,,,,,,,,,,,,,,
Доставка по г.Анапа БЕСПЛАТНАЯ(при заказе от 2000руб.)/,,,,,,,,,,,,,,,,,
071b41eebc5c,0a64c7bb57d4,Самарская область,Тольятти,Личные вещи,"Одежда, обувь, аксессуары",Женская одежда,Обувь,37,Туфли белые даром,Отдам туфли белые р.37 отдам даром.,0.0,111,2017-03-15,Company,086d469944c734f25778757d07496598a88d3a4ba4404c933819e097508d613c,505.0,0.0
✔подарки за покупки от 2000 руб/,,,,,,,,,,,,,,,,,
"график работы: ежедневно с 9 до 19.\"",300.0,242,2017-03-21,Shop,b9ae077e101b619241e711fd5ed6ca0d67ae39d659536c3c0e254c11a10c355e,2909.0,0.0,,,,,,,,,,
cea2bc95ca46,9e6dee21d7bb,Челябинская область,Магнитогорск,Для дома и дачи,Мебель и интерьер,Компьютерные столы и кресла,,,Стул офисный,В хорошем состоянии,750.0,939,2017-03-21,Company,b2fbe718235c38842c48f1f76cbfbe4b663ca0227611fe036d432c9d37ba9c87,1451.0,0.86521
DVD-RW привод,картридер/,,,,,,,,,,,,,,,,
b608720735c2,7e2562acc12e,Краснодарский край,Краснодар,Для дома и дачи,Мебель и интерьер,Столы и стулья,,,Столы и стулья,"Продам столы 1.2 на 0.6, в наличии 4 штуки, дерево натуральное, ножки железные, отдам за 8000. Стулья железные с мягкой спинкой и сиденьем 16 штук, отдам за 10000, состояние столов и стульев отличное.",18000.0,1,2017-03-21,Private,781e2710fe89e6b151d22e5e0fc3da08add5d46ae86afb21f946f783968e3681,1529.0,0.0
1c7d97f8f2a7,7a2fc9f040c3,Ярославская область,Ярославль,Хобби и отдых,Книги и журналы,"Журналы, газеты, брошюры",,,Плакаты,,35.0,12,2017-03-23,Private,f03bd563e37f9f5b84f78602e7038d4546996b73a63d848a2941c56871a30dc3,2402.0,0.0
96137dc11a08,a5aebfb09ddc,Саратовская область,Саратов,Для дома и дачи,Посуда и товары для кухни,Посуда,,,Вазочки для конфет или варенья,"Красивые,без сколов./",,,,,,,
Расход топлива на 100 км (л)	39/,,,,,,,,,,,,,,,,,
В случае необходимости специалист подберет и установит усиливающую 3G антенну. У вас будет возможность увидеть и сравнить различные варианты подключения,выбрать для себя решение по соотношению цена/качество,а так же стразу на месте приобрести подходящее оборудование./,,,,,,,,,,,,,,,
"Юлия.\"",2700000.0,507,2017-03-15,Shop,94cb76cfdd23b966cb7e61879cd8ac8eaf220ccd869fbf5070cc0370c1f7edff,1302.0,0.00604,,,,,,,,,,
Формат акустической системы	2.1/,,,,,,,,,,,,,,,,,
2893abe27fed,5b4069c97426,Иркутская область,Иркутск,Недвижимость,Коммерческая недвижимость,Продам,Помещение свободного назначения,,"Помещение свободного назначения, 883,45 м²",Готовится к продаже помещение универсального назначения в центре города Иркутска./,,,,,,,
e7419a4cb841,29fdd36ce514,Удмуртия,Ижевск,Личные вещи,Товары для детей и игрушки,Детские коляски,,,Зиппи 2/1,Продам коляску зиппи спорт 2/1.Коляска в отличном состоянии.Одни хозяева.Б/у 1 год.Цвет коляски в живую ярче.комплекте рюкзак дождевик и москитка.,10500.0,208,2017-03-25,Private,f24b0559e30e7a1de8ae462d4b8cfdc7467cc5614cad7bcae73b9bd5aafe0efc,1002.0,0.80323
СеКоНд  ХеНд  ==   ГЕРМАНИЯ /,,,,,,,,,,,,,,,,,
Все узл обслужены,расходники заменены на новые./,,,,,,,,,,,,,,,,
Размер:44,5/,,,,,,,,,,,,,,,,
2856aa395922,2ed39a13f109,Калининградская область,Калининград,Личные вещи,Товары для детей и игрушки,Велосипеды и самокаты,,,Беговел новый,Будние дни 10-00 до 19-00. /,,,,,,,
2c4555c78174,e80967eedd22,Челябинская область,Южноуральск,Для дома и дачи,Ремонт и строительство,Стройматериалы,,,Тротуарная Полимерпесчаная плитка,"Наша компания  продаёт полимеропесчаную тротуарную плитку. Полимерпесчаная плитка превосходит по своим характеристикам бетонную плитку. Таким как долговечность, прочность , лёгкий вес и т.д. Стоимость плитки составляет 330х330х35 600р за м2 9шт в м2, 260х315х30 600р за м2 12шт в кв. Бордюр 500х200х50 200р за м. В наличии цвета коричневый и серый./",,,,,,,
"100*100\"",41.0,73,2017-03-28,Company,fb48e465249e21198f492216654c8f3296ff372d52c75d189479ee4f7b802672,1303.0,0.0,,,,,,,,,,
"Реальному покупателю хороший торг\"",5000.0,1,2017-03-27,Private,c901564240ba071e1bc5ade6902d546d082642a4335d51e37392b646c6b58375,1490.0,0.10173,,,,,,,,,,
ffa678ff5548,b685590dfaa9,Челябинская область,Челябинск,Бытовая электроника,Планшеты и электронные книги,Аксессуары,Чехлы и плёнки,,Чехол-клавиатура для планшета,"Чехол клавиатура  для планшета новый, не подошел к моему планшету по размеру поэтому продаю",500.0,12,2017-03-23,Private,b9dd8a0cb645eed473929a5eb3818450c6c52653047aecf2b91ca1faa28c8f77,2873.0,0.0
Новая версия модели ASICS Gel-Kayano 23 получила множество обновлений с целью снижения веса обуви без ущерба для амортизации и стабильности./,,,,,,,,,,,,,,,,,
Размеры: Глубина 7 cm,Высота 19 cm,Длина ручки 31 cm,Ширина 25 cm/,,,,,,,,,,,,,,
В комплекте: корпус для привода,кабель USB,блок питания и набор адаптеров для разных стран./,,,,,,,,,,,,,,,
"Состояние отличное! Надели несколько раз. Переросли.\"",300.0,155,2017-03-27,Company,225c33fe43d987dd7f6a494f07dfb65b0e3cc034d1558e2121fa3bb602d045b0,112.0,0.0,,,,,,,,,,
6435489c52de,838127830416,Волгоградская область,Волгоград,Недвижимость,Квартиры,Сдам,На длительный срок,2,"2-к квартира, 47 м², 3/5 эт.","Квартира в отличном состоянии, сдается на длительный срок. Первый раз в аренде. До этого жили сами собственники. Комнаты раздельные. Есть вся необходимая мебель и техника, сплит система в каждой комнате. Фотографии квартиры оригинальные. Комиссия риелтору 50% от стоимости аренды после заселения в квартиру. В ОФИС ПРИХОДИТЬ НЕ НУЖНО!!!!",15000.0,44188,2017-03-28,Shop,e444b2121b21a30be516eebc02be4e21ff588d9206b180008609583835f573f1,1447.0,0.20425
Гарантия 30 дней🔥/,,,,,,,,,,,,,,,,,
30 A/,,,,,,,,,,,,,,,,,
Цепь KMC Z33/,,,,,,,,,,,,,,,,,
994320c6fa9b,5325b860d6a9,Самарская область,Тольятти,Бытовая электроника,Телефоны,iPhone,,,iPhone 5s 16 GB,"Продаю iPhone 5s оригинал,все работает,отпечаток работает,единственный косяк,надо заменить шлейф на дисплее,цена вопроса 2000,продаю так как купила 7 plus",8000.0,27,2017-03-23,Company,55fd38cdc5ff9224beadfa82e9409034249168784cefe2380e26a98420c8509a,2918.0,0.0
Комплектующие:/,,,,,,,,,,,,,,,,,
2a7c0cfe83c8,c16467543df2,Калининградская область,Калининград,Личные вещи,"Одежда, обувь, аксессуары",Женская одежда,Платья и юбки,44–46 (M),Платье туника,Reserved Новое,500.0,22,2017-03-27,Private,41e735ea51c27d4cb1c2b9f5526f4cff25659b30999ff3b593f00871ad61ebee,568.0,0.0
4a1ccdd6903d,6a79c7821d30,Пермский край,Пермь,Личные вещи,Товары для детей и игрушки,Товары для школы,,,"Подготовка к впр, 4 класс",Подготовка к ВПР. Нетронутые. Математика и русский,250.0,9,2017-03-18,Private,5a66e407684fe9173f2248bb4753902df6191c3a0b8a2848ef0071f299079525,2285.0,0.0
Универсальный. Подходит для любых телефонов,в том числе всех моделей Iphone./,,,,,,,,,,,,,,,,
8ce20022e368,1f1dad1bbed1,Белгородская область,Белгород,Личные вещи,Детская одежда и обувь,Для девочек,Другое,,Свитер,,550.0,68,2017-03-20,Company,3dadb2c14df500efa3ec363b4f016129c844fdfe42207f094c20eb8d9673f375,110.0,0.0
аккумулятор 1850 мА⋅ч/,,,,,,,,,,,,,,,,,
05c47d3a0c96,f4606c519c8d,Башкортостан,Уфа,Транспорт,Автомобили,С пробегом,ГАЗ,ГАЗель 2705,"ГАЗ ГАЗель 2705, 2008","Продам Газель 2008 г.в., цельно металлический, цвет белый, двигатель 405 евро 3, на добром ходу. Цена 150 т.руб. Торг у капота.",150000.0,38,2017-03-22,Private,a8e1859ebb481f64d91d98193f70424e7cfe31399ee184a354ec7d6d03d01e85,1055.0,0.23176
74fa6fdb48ed,9b079d666ec0,Оренбургская область,Оренбург,Животные,Товары для животных,,,,Одежда для Той-терьера мальчика,"Продается одежда для Тоя:курточка длинна от холки до хвоста 33см для кобеля,ботиночки размер 1,кофточка. Все покупалось в зоомагазине ЗООГРАД,Все в хорошем состоянии,носилось 2 недели!!!/",,,,,,,
Доставка./,,,,,,,,,,,,,,,,,
Гравировка индивидуальная,заказчика /,,,,,,,,,,,,,,,,
— для арболитовых блоков;/,,,,,,,,,,,,,,,,,
Авто на ходу,АКБ есть./,,,,,,,,,,,,,,,,
52879ba5693f,28cd91efb75d,Ярославская область,Рыбинск,Животные,Другие животные,С/х животные,,,Быки на мясо,"Продам двух бычков на мясо. Возраст 18-19 месяцев,вес 400-450 кг живого веса. Экологически чистый продукт, выращены на овощах и душистом сене, силосом не кормили. Очень вкусное мясо./",,,,,,,
- В сложенном положении небольшая симпатичная тумбочка. Размер столешницы - 60х90 см./,,,,,,,,,,,,,,,,,
Блок питания: внешний /,,,,,,,,,,,,,,,,,
c350887acfcb,eff0034f348c,Пермский край,Пермь,Животные,Товары для животных,,,,"P248 Artero special paw mat breaker, колтунорез дл",Колтунорез Artero special paw mat breaker - специальный профессиональный инструмент для срезания колтунов с лап и ушей.,420.0,44,2017-03-25,Company,e7edffcf0b36405b0a60c316ace76ff168bf76f665c1b81a03fd82d44b212795,2809.0,0.0
377aab0b95b0,b1a42d101ea3,Ростовская область,Шахты,Личные вещи,"Одежда, обувь, аксессуары",Аксессуары,,,Сумка новая,Красивая представительная  сумка. Есть ремень на плечо,2000.0,8,2017-03-26,Private,0b368995fe66dd3b80715821ce1e1d979d7fb0be4f097f9df08366a1bb81ea1f,315.0,0.0
(ЗВОНИТЬ до 22:00)/,,,,,,,,,,,,,,,,,
- ТОРГ!!!!!/,,,,,,,,,,,,,,,,,
Тип разъема: 40 Pins/,,,,,,,,,,,,,,,,,
Встроенный перезаряжаемый АКБ/,,,,,,,,,,,,,,,,,
83a7f7312e9b,9899c3fd14cb,Тюменская область,Ялуторовск,Бытовая электроника,Телефоны,Аксессуары,Аккумуляторы,,Батарея от телефона Micromax Q415,батарея новая 1800 mAh,350.0,8,2017-03-23,Private,,,0.0
842fce38cd6b,ee408f637a96,Кемеровская область,Кемерово,Бытовая электроника,Аудио и видео,Аксессуары,,,Комплект передачи видео по витой паре кпвп-1800,"КПВП-1800 Комплект для передачи видеосигнала по витой паре (ТПП, ТРП, П-274 и др.) на растояния до 1800м/",,,,,,,
b577ea437a78,4477bda79a4a,Самарская область,Тольятти,Услуги,Предложение услуг,"Питание, кейтеринг",,,"Домашние пельмени, вареники, манты","Пельмени на любой вкус ( говядина, индейка, свинина, курица, можно микс), вареники (картофель, творог, вишня или если есть свои пожелания, все сделаем), манты (говядина, индейка можно фарш с картофелем, можно рубленное мясо, так же по желанию лук измельчим блендером)",200.0,22,2017-03-22,Private,5ce74431be99f45eecfa35cc77281cbee5849e57bfb39ece20ff2f04bb923c8d,1155.0,0.0
3bb2ca268075,9f2a50f2a0dd,Татарстан,Казань,Бытовая электроника,Планшеты и электронные книги,Планшеты,,,Samsung GT-P5100 GalaxyTab 2 10.1 - 32 Гб,Samsung GT-P5100 GalaxyTab 2 10.1 - 32ГБ /,,,,,,,
1.ТЦ Европа 3 этаж. ул. Максима Горького 30а. /,,,,,,,,,,,,,,,,,
