item_id,activation_date,date_from,date_to
c7ec144093fe,2017-02-15,2017-03-15,2017-03-17
00308e4841c6,2017-03-09,2017-03-15,2017-03-28
2ff6cf71a1bc,2017-03-01,2017-03-15,2017-03-28
74c99b26e339,2017-02-16,2017-03-15,2017-03-18
cd34bb07ba53,2017-02-26,2017-03-15,2017-03-28
758873a9e756,2017-02-24,2017-03-15,2017-03-26
9d27606623af,2017-03-26,2017-03-26,2017-03-28
0d34abfd0198,2017-02-26,2017-03-15,2017-03-21
a6d313fa1261,2017-03-06,2017-03-15,2017-03-28
8b270e078db7,2017-02-21,2017-03-15,2017-03-23
74b3ee309d71,2017-02-17,2017-03-15,2017-03-19
73cc895a8b94,2017-03-06,2017-03-15,2017-03-28
4c4f6745ed60,2017-03-14,2017-03-15,2017-03-28
4be64656c803,2017-03-06,2017-03-15,2017-03-28
b591c1b41076,2017-03-07,2017-03-15,2017-03-28
83f908a751d0,2017-03-24,2017-03-24,2017-03-28
ab45f35be8ea,2017-03-28,2017-03-28,2017-03-28
9eaef5c1d09a,2017-03-06,2017-03-15,2017-03-28
547f0d5ede0c,2017-03-11,2017-03-15,2017-03-28
860df32091de,2017-03-07,2017-03-15,2017-03-28
6393b02b6fe7,2017-03-03,2017-03-15,2017-03-28
891154d26760,2017-02-19,2017-03-15,2017-03-21
43e394cc16cf,2017-02-26,2017-03-15,2017-03-28
5db318695647,2017-03-19,2017-03-19,2017-03-28
bdcec275f7f9,2017-03-07,2017-03-15,2017-03-28
6eb3bae17d27,2017-03-16,2017-03-16,2017-03-28
48d00165ad9e,2017-03-27,2017-03-27,2017-03-28
0409f6b97abd,2017-03-10,2017-03-15,2017-03-28
876245ad2113,2017-03-16,2017-03-16,2017-03-28
a9f30f66ea4a,2017-02-15,2017-03-15,2017-03-16
016bf9a99fb9,2017-03-16,2017-03-16,2017-03-17
9a8464c52f5f,2017-02-19,2017-03-15,2017-03-20
888a05e4f850,2017-03-12,2017-03-15,2017-03-21
9e7476ff4100,2017-02-27,2017-03-15,2017-03-28
04cee9cf80ed,2017-03-17,2017-03-17,2017-03-28
81df6e90159f,2017-03-18,2017-03-18,2017-03-28
947ee210a997,2017-02-23,2017-03-15,2017-03-25
c1c13031329b,2017-03-15,2017-03-15,2017-03-28
cb1e0e8dc0a2,2017-03-05,2017-03-15,2017-03-28
77eb06f3519f,2017-03-09,2017-03-15,2017-03-28
b512596a0bdd,2017-03-23,2017-03-23,2017-03-28
6b5097f09218,2017-02-28,2017-03-15,2017-03-28
89c87159699d,2017-03-13,2017-03-15,2017-03-28
c9cd75d0e33d,2017-03-19,2017-03-19,2017-03-28
5c4c01aea30d,2017-02-27,2017-03-15,2017-03-28
aa047dd17d4a,2017-02-28,2017-03-15,2017-03-28
9f521420bad8,2017-03-16,2017-03-16,2017-03-28
8351d28060d8,2017-03-12,2017-03-15,2017-03-28
4294db609f80,2017-03-19,2017-03-19,2017-03-28
fcea6615d45b,2017-03-16,2017-03-16,2017-03-28
9ed9a2dcd0a8,2017-03-09,2017-03-15,2017-03-28
aef19514b2cc,2017-02-20,2017-03-15,2017-03-22
4d39f808d204,2017-03-10,2017-03-15,2017-03-28
11f90b0d0353,2017-03-15,2017-03-15,2017-03-28
a33b39fb6cd1,2017-03-17,2017-03-17,2017-03-28
3363501756e3,2017-02-16,2017-03-15,2017-03-18
26aefe80b3dc,2017-02-28,2017-03-15,2017-03-28
32e0e2f5a99e,2017-03-03,2017-03-15,2017-03-28
2b1f84b95def,2017-03-07,2017-03-15,2017-03-28
6c103a43edca,2017-03-22,2017-03-22,2017-03-28
02dd10e9771a,2017-02-27,2017-03-15,2017-03-20
b0d4a599eb80,2017-03-13,2017-03-15,2017-03-28
5626265b12db,2017-03-18,2017-03-18,2017-03-28
c97fd1fe110c,2017-03-21,2017-03-21,2017-03-28
5aee63e15858,2017-02-14,2017-03-15,2017-03-17
615707e77982,2017-03-19,2017-03-19,2017-03-28
0cad8dfaa40e,2017-03-07,2017-03-15,2017-03-28
42c9fafeb2cc,2017-03-11,2017-03-15,2017-03-28
08af7a338db6,2017-03-26,2017-03-26,2017-03-28
f6e7a04b66e2,2017-03-26,2017-03-26,2017-03-28
e648442dfb2b,2017-03-02,2017-03-15,2017-03-28
cc17cd2b9d2e,2017-02-22,2017-03-15,2017-03-24
8e7fe233ca38,2017-03-19,2017-03-19,2017-03-28
bd12b37f108d,2017-02-27,2017-03-15,2017-03-28
3ba5eb37b3a5,2017-03-09,2017-03-15,2017-03-17
34f1d3f73e76,2017-02-27,2017-03-15,2017-03-28
2cdfc62e085b,2017-03-19,2017-03-19,2017-03-28
3547a2953252,2017-02-17,2017-03-15,2017-03-19
cad569a79932,2017-03-14,2017-03-15,2017-03-28
1d4cf161711b,2017-03-05,2017-03-15,2017-03-28
8d881bda99c4,2017-03-25,2017-03-25,2017-03-28
7b358679be8e,2017-02-25,2017-03-15,2017-03-27
57a73ea34e9d,2017-02-20,2017-03-15,2017-03-22
9dc2df666927,2017-03-18,2017-03-18,2017-03-28
3c4a0904371e,2017-03-26,2017-03-26,2017-03-28
6d1a3ef6d34a,2017-02-20,2017-03-15,2017-03-21
d80a3b397372,2017-03-01,2017-03-15,2017-03-28
323f18e80294,2017-03-02,2017-03-15,2017-03-28
ce9632baf09b,2017-03-09,2017-03-15,2017-03-28
26b1bb041cf1,2017-03-03,2017-03-15,2017-03-28
34c37a20e7c1,2017-02-25,2017-03-15,2017-03-27
b25908c88276,2017-02-22,2017-03-15,2017-03-22
89521e8b6f4d,2017-03-15,2017-03-15,2017-03-28
51310a719db4,2017-03-24,2017-03-24,2017-03-28
b1ccb5322e67,2017-03-05,2017-03-15,2017-03-28
9e11e565a47c,2017-03-01,2017-03-15,2017-03-28
ce4864b5ae4a,2017-03-08,2017-03-15,2017-03-28
3bb97be12c48,2017-03-06,2017-03-15,2017-03-28
5820e7553052,2017-02-24,2017-03-15,2017-03-25
9af521026618,2017-03-12,2017-03-15,2017-03-28
cd8d056752c1,2017-03-13,2017-03-15,2017-03-28
3e855631228d,2017-02-26,2017-03-15,2017-03-27
8432f5f31561,2017-03-06,2017-03-15,2017-03-28
eb747298069c,2017-03-26,2017-03-26,2017-03-28
86a2ddd10935,2017-03-12,2017-03-15,2017-03-28
38922cbd28f8,2017-03-28,2017-03-28,2017-03-28
7e4f5ae14536,2017-02-26,2017-03-15,2017-03-28
f77ad6736d12,2017-03-01,2017-03-15,2017-03-28
b4d264b1e137,2017-03-06,2017-03-15,2017-03-28
5c91165e6581,2017-03-23,2017-03-23,2017-03-28
466040007674,2017-03-26,2017-03-26,2017-03-28
ab56ffd89de1,2017-03-05,2017-03-15,2017-03-28
f33620740dcf,2017-02-26,2017-03-15,2017-03-28
68b9d70c5b66,2017-02-22,2017-03-15,2017-03-24
630ced46272b,2017-02-28,2017-03-15,2017-03-28
a5ae0f5b4f1b,2017-02-21,2017-03-15,2017-03-22
ab9344b079c3,2017-02-19,2017-03-15,2017-03-21
681004ede0cc,2017-03-07,2017-03-15,2017-03-28
b0914446d2c3,2017-03-13,2017-03-15,2017-03-28
0e4a141dec7f,2017-02-17,2017-03-15,2017-03-19
5b94af271dac,2017-03-18,2017-03-18,2017-03-28
7fd5d8f81a1f,2017-03-06,2017-03-15,2017-03-28
f5afd9894765,2017-02-21,2017-03-15,2017-03-22
57f34b71d5ce,2017-03-26,2017-03-26,2017-03-28
9f5969433cec,2017-03-22,2017-03-22,2017-03-28
a4dfae4f1f45,2017-02-15,2017-03-15,2017-03-17
b24ed709db4d,2017-03-03,2017-03-15,2017-03-28
0b2a96d4c1f1,2017-02-13,2017-03-15,2017-03-15
b9446d7ac077,2017-03-10,2017-03-15,2017-03-28
99cbf2dbd67b,2017-02-28,2017-03-15,2017-03-28
81ae2a0ddd62,2017-03-27,2017-03-27,2017-03-28
c4336d118b4e,2017-02-24,2017-03-15,2017-03-25
5f3dfd4a8e2b,2017-02-20,2017-03-15,2017-03-22
a3290df2ea6f,2017-02-21,2017-03-15,2017-03-23
d227d32d50e3,2017-03-23,2017-03-23,2017-03-28
ce61dfb396a8,2017-03-08,2017-03-15,2017-03-28
64279569b7d7,2017-03-04,2017-03-15,2017-03-28
dbb669624265,2017-03-09,2017-03-15,2017-03-28
7bd2d4f0f608,2017-03-03,2017-03-15,2017-03-28
6ed35408bbdc,2017-03-02,2017-03-15,2017-03-28
04191d8312dc,2017-03-08,2017-03-15,2017-03-28
a01a2f3a2838,2017-03-02,2017-03-15,2017-03-28
51cf0b25073a,2017-03-10,2017-03-15,2017-03-28
a14f7f7b314f,2017-03-03,2017-03-15,2017-03-28
1da9f83c1fd6,2017-03-19,2017-03-19,2017-03-24
03ce38214d53,2017-03-14,2017-03-15,2017-03-28
66b9f58ba31b,2017-02-22,2017-03-15,2017-03-23
4a88013b511d,2017-02-24,2017-03-15,2017-03-26
e28cdf35f7b0,2017-03-10,2017-03-15,2017-03-28
31e8ef9b1122,2017-03-20,2017-03-20,2017-03-28
2f8fc3fb3255,2017-03-06,2017-03-15,2017-03-28
95e48f07aac9,2017-03-09,2017-03-15,2017-03-28
04556e372566,2017-03-17,2017-03-17,2017-03-28
6290aba4a31f,2017-03-24,2017-03-24,2017-03-28
da8921626690,2017-02-21,2017-03-15,2017-03-23
5a1ea1f9a1ca,2017-03-01,2017-03-15,2017-03-28
9a42b4eb87a0,2017-03-17,2017-03-17,2017-03-28
1a9ac1dcd4c6,2017-03-20,2017-03-20,2017-03-28
a8cdc7380691,2017-02-19,2017-03-15,2017-03-20
fd17c2322cfb,2017-02-27,2017-03-15,2017-03-28
985f290f0ba3,2017-02-28,2017-03-15,2017-03-28
74a8729296e3,2017-03-26,2017-03-26,2017-03-28
f7fb1996f163,2017-03-27,2017-03-27,2017-03-28
4bf004322c90,2017-02-19,2017-03-15,2017-03-20
ed788f5a1ae8,2017-03-01,2017-03-15,2017-03-28
3f1aac51d4ab,2017-02-18,2017-03-15,2017-03-20
669f3b8c1790,2017-03-15,2017-03-15,2017-03-28
601b6a43ba1f,2017-03-12,2017-03-15,2017-03-28
3ab2d090da61,2017-02-16,2017-03-15,2017-03-17
de12ebbd577d,2017-02-17,2017-03-15,2017-03-19
e62526a29fdb,2017-02-14,2017-03-15,2017-03-15
46131ad81d73,2017-03-01,2017-03-15,2017-03-28
487f1b38d60d,2017-03-21,2017-03-21,2017-03-28
ead5f628d54d,2017-03-04,2017-03-15,2017-03-28
ca0a69dbf007,2017-02-28,2017-03-15,2017-03-28
5b6abdc82ca5,2017-02-28,2017-03-15,2017-03-28
3d7502872305,2017-02-23,2017-03-15,2017-03-25
6a76ee844930,2017-02-14,2017-03-15,2017-03-15
1b3104c83dc2,2017-02-20,2017-03-15,2017-03-22
5186668d7389,2017-02-22,2017-03-15,2017-03-23
f7e726d6cb46,2017-03-11,2017-03-15,2017-03-20
0303083b72fd,2017-03-09,2017-03-15,2017-03-28
f92ccac1f0f2,2017-03-08,2017-03-15,2017-03-28
770a9a4d9784,2017-03-06,2017-03-15,2017-03-28
a404f8d0280c,2017-02-24,2017-03-15,2017-03-25
cf069b022afe,2017-03-25,2017-03-25,2017-03-28
98f3c9dfd9b4,2017-02-26,2017-03-15,2017-03-27
118f2b3f0597,2017-02-15,2017-03-15,2017-03-16
f11424eee3d5,2017-03-26,2017-03-26,2017-03-28
495c51e91737,2017-02-21,2017-03-15,2017-03-23
a039b7a64b86,2017-03-23,2017-03-23,2017-03-24
cfcec860ead5,2017-02-19,2017-03-15,2017-03-21
bd8e4be425af,2017-03-06,2017-03-15,2017-03-28
604850853793,2017-03-23,2017-03-23,2017-03-28
353c7c3f83b3,2017-03-10,2017-03-15,2017-03-28
cdb1d06cabe8,2017-03-26,2017-03-26,2017-03-28
1bdf3f36b423,2017-02-24,2017-03-15,2017-03-25
d548bce8ea3f,2017-03-20,2017-03-20,2017-03-28
f7638a6cb225,2017-02-18,2017-03-15,2017-03-19
ce050d32d7bc,2017-03-04,2017-03-15,2017-03-28
79a2e535d1e4,2017-03-23,2017-03-23,2017-03-25
8bcf9ef4e8b2,2017-03-26,2017-03-26,2017-03-28
33afdf9c321c,2017-03-12,2017-03-15,2017-03-28
65c3cb16a849,2017-03-27,2017-03-27,2017-03-28
08cecc6e6b21,2017-02-26,2017-03-15,2017-03-28
276e5fe995e0,2017-02-16,2017-03-15,2017-03-18
8e9686bfe303,2017-03-12,2017-03-15,2017-03-28
f9808fd93607,2017-03-07,2017-03-15,2017-03-28
d9c9cd2ca4da,2017-03-19,2017-03-19,2017-03-28
019cf108ab40,2017-02-17,2017-03-15,2017-03-19
19da86ad2ce4,2017-03-21,2017-03-21,2017-03-28
d54faa7b9bc5,2017-02-23,2017-03-15,2017-03-25
15847974c14f,2017-03-08,2017-03-15,2017-03-28
8b8e1d8364ad,2017-03-09,2017-03-15,2017-03-28
6ef4c91b2958,2017-03-25,2017-03-25,2017-03-28
c09443916959,2017-03-18,2017-03-18,2017-03-28
893a858929b2,2017-03-24,2017-03-24,2017-03-28
d7255a432879,2017-03-05,2017-03-15,2017-03-28
a805e5151c42,2017-02-16,2017-03-15,2017-03-17
74465e456791,2017-03-10,2017-03-15,2017-03-28
cc6bcfe214a1,2017-03-17,2017-03-17,2017-03-28
ca15d0d83668,2017-02-27,2017-03-15,2017-03-28
bb057cafcb16,2017-02-27,2017-03-15,2017-03-28
d58965a04b8f,2017-03-17,2017-03-17,2017-03-28
35faa24e4505,2017-02-13,2017-03-15,2017-03-15
3e9122369853,2017-02-18,2017-03-15,2017-03-20
60495d8aa1e9,2017-02-28,2017-03-15,2017-03-28
57a0fd4ba405,2017-02-23,2017-03-15,2017-03-25
83486edcc86d,2017-03-12,2017-03-15,2017-03-28
23438f896b04,2017-03-25,2017-03-25,2017-03-28
2c75a6c6d06f,2017-03-24,2017-03-24,2017-03-28
309b43fcdaad,2017-02-19,2017-03-15,2017-03-21
1c1fe0ff0213,2017-02-17,2017-03-15,2017-03-19
d7ca25f9ac75,2017-03-15,2017-03-15,2017-03-28
622d31570b7e,2017-03-17,2017-03-17,2017-03-28
4102ad681f00,2017-03-13,2017-03-15,2017-03-28
3a62e96348b4,2017-02-16,2017-03-15,2017-03-18
a614befeabf7,2017-02-14,2017-03-15,2017-03-16
3fcfd24db5ac,2017-03-21,2017-03-21,2017-03-28
ee4d981accfc,2017-02-07,2017-03-15,2017-03-28
be076e84a4d6,2017-02-26,2017-03-15,2017-03-28
da60eae4683e,2017-03-22,2017-03-22,2017-03-28
7a6bcf0b31b5,2017-02-20,2017-03-15,2017-03-22
9b342c25ef49,2017-03-10,2017-03-15,2017-03-28
725f5132db55,2017-03-09,2017-03-15,2017-03-28
3c9956f1c50a,2017-02-15,2017-03-15,2017-03-17
ba26fffb9994,2017-03-22,2017-03-22,2017-03-28
44dee17fe974,2017-03-11,2017-03-15,2017-03-28
e008b06dee76,2017-02-14,2017-03-15,2017-03-15
fe5d2974eb34,2017-03-16,2017-03-16,2017-03-28
87490b88786d,2017-03-19,2017-03-19,2017-03-28
64ba35ca56fd,2017-03-25,2017-03-25,2017-03-28
b2deb3ef09c2,2017-03-03,2017-03-15,2017-03-18
e62050dbca63,2017-03-24,2017-03-24,2017-03-28
bbf2b10248cd,2017-03-10,2017-03-15,2017-03-28
63633327dbb3,2017-02-19,2017-03-15,2017-03-21
08e8422dd86c,2017-03-14,2017-03-15,2017-03-28
3381504b231d,2017-02-16,2017-03-15,2017-03-18
5e3ba00f5d5d,2017-03-09,2017-03-15,2017-03-28
b7f76fa47119,2017-03-03,2017-03-15,2017-03-28
ac785b6ed552,2017-03-14,2017-03-15,2017-03-16
c40347502e06,2017-03-13,2017-03-15,2017-03-28
a40b8a1667f4,2017-03-17,2017-03-17,2017-03-18
fec454cdc08a,2017-03-25,2017-03-25,2017-03-28
c9052074bb0f,2017-03-08,2017-03-15,2017-03-28
4e26e831e46a,2017-02-13,2017-03-15,2017-03-15
2734b80e6d17,2017-03-15,2017-03-15,2017-03-21
42ada785b1a9,2017-03-27,2017-03-27,2017-03-28
c744496073a4,2017-03-20,2017-03-20,2017-03-28
932987ce9738,2017-02-14,2017-03-15,2017-03-15
a40948e55ffb,2017-02-12,2017-03-15,2017-03-19
dfd1b8339718,2017-03-18,2017-03-18,2017-03-28
4eb314c3b04a,2017-03-05,2017-03-15,2017-03-28
83900264e4db,2017-03-25,2017-03-25,2017-03-28
aa4fa3078896,2017-03-28,2017-03-28,2017-03-28
01887addd8ef,2017-03-28,2017-03-28,2017-03-28
1a05ad15d14b,2017-02-22,2017-03-15,2017-03-24
2329e58d0349,2017-03-17,2017-03-17,2017-03-28
2d7df88604d6,2017-02-26,2017-03-15,2017-03-28
b848f62bff07,2017-03-07,2017-03-15,2017-03-28
6d42cb0a469b,2017-03-19,2017-03-19,2017-03-28
f8bfac7a0c42,2017-03-20,2017-03-20,2017-03-28
f6294ddc2f53,2017-02-14,2017-03-15,2017-03-15
a3a5f07aeadd,2017-03-05,2017-03-15,2017-03-28
427d1a8128b6,2017-03-22,2017-03-22,2017-03-28
bed0dd8a7f40,2017-02-25,2017-03-15,2017-03-24
02972069ccca,2017-02-16,2017-03-15,2017-03-17
ca5c1e72225d,2017-03-28,2017-03-28,2017-03-28
997b1b469395,2017-03-09,2017-03-15,2017-03-28
807f57ebef5e,2017-02-14,2017-03-15,2017-03-16
394abde0e986,2017-03-27,2017-03-27,2017-03-28
538917c9d171,2017-03-21,2017-03-21,2017-03-28
4c58eeefd88c,2017-02-22,2017-03-15,2017-03-24
359f5869e742,2017-03-25,2017-03-25,2017-03-28
fd6367b7a667,2017-02-26,2017-03-15,2017-03-27
aa81b7d785d4,2017-02-26,2017-03-15,2017-03-28
0169dce3e183,2017-03-02,2017-03-15,2017-03-28
d71e056655bf,2017-02-17,2017-03-15,2017-03-19
d8a3adce27f8,2017-02-22,2017-03-15,2017-03-23
774543beda3e,2017-03-14,2017-03-15,2017-03-17
1014e054e975,2017-02-16,2017-03-15,2017-03-18
05b18780c95b,2017-02-23,2017-03-15,2017-03-25
b74230f54fed,2017-03-13,2017-03-15,2017-03-28
2319c093a829,2017-03-20,2017-03-20,2017-03-28
2278ae7f1ed8,2017-03-01,2017-03-15,2017-03-28
e26127759bf3,2017-02-22,2017-03-15,2017-03-23
943fed8936fe,2017-03-10,2017-03-15,2017-03-28
7a30ca6408a7,2017-02-18,2017-03-15,2017-03-20
738a9f76550c,2017-03-13,2017-03-15,2017-03-28
1ab93c63bdca,2017-02-16,2017-03-15,2017-03-18
30fce15d60a0,2017-03-14,2017-03-15,2017-03-28
14b6c2870384,2017-03-10,2017-03-15,2017-03-28
f816876579fc,2017-02-16,2017-03-15,2017-03-18
98228a25766c,2017-03-24,2017-03-24,2017-03-28
0a7eb5f9c2ef,2017-03-22,2017-03-22,2017-03-25
bda145b3525f,2017-03-01,2017-03-24,2017-03-28
b811da355124,2017-03-03,2017-03-15,2017-03-28
80423496880d,2017-03-01,2017-03-15,2017-03-28
1e00779de96d,2017-02-15,2017-03-15,2017-03-17
4c2f44a2c57c,2017-02-22,2017-03-15,2017-03-24
068e20cb3f6b,2017-02-17,2017-03-15,2017-03-17
a7cada2fb165,2017-03-11,2017-03-15,2017-03-28
8b3adb3c4c2b,2017-03-01,2017-03-15,2017-03-28
9549fce2e30d,2017-02-18,2017-03-15,2017-03-20
ed299428b76e,2017-03-26,2017-03-26,2017-03-28
593fd9661dd8,2017-03-13,2017-03-15,2017-03-28
00fa404cee94,2017-02-24,2017-03-15,2017-03-26
ef4b3df45c01,2017-02-20,2017-03-15,2017-03-22
b8bfcd95a589,2017-03-21,2017-03-21,2017-03-28
af89614fb7e0,2017-03-16,2017-03-16,2017-03-28
927a891eb75a,2017-03-18,2017-03-18,2017-03-28
d572af25398c,2017-02-27,2017-03-15,2017-03-28
bb4a7cece635,2017-02-27,2017-03-15,2017-03-28
b79d9d2be061,2017-03-21,2017-03-21,2017-03-28
f4dfb35b2ba3,2017-03-20,2017-03-20,2017-03-28
d5ac1fb92ccd,2017-03-03,2017-03-15,2017-03-28
cf2e0b0ff52c,2017-02-21,2017-03-15,2017-03-23
547a2e5f86fd,2017-03-20,2017-03-20,2017-03-28
36c10e82e673,2017-02-26,2017-03-15,2017-03-28
94bfca68a94c,2017-03-15,2017-03-15,2017-03-28
19f5570429ea,2017-02-21,2017-03-15,2017-03-23
e789586fbd11,2017-02-19,2017-03-15,2017-03-21
fbafb55759b2,2017-03-15,2017-03-15,2017-03-28
2757e8409808,2017-02-14,2017-03-15,2017-03-16
30dbd789979b,2017-03-12,2017-03-15,2017-03-28
018a9dd184ed,2017-03-23,2017-03-23,2017-03-28
50134ba5904f,2017-02-26,2017-03-15,2017-03-28
5df3af6dd713,2017-03-28,2017-03-28,2017-03-28
ecc2b4e3678b,2017-03-16,2017-03-16,2017-03-28
f4544e0b74ae,2017-03-06,2017-03-15,2017-03-28
c49e8167ea8f,2017-03-09,2017-03-15,2017-03-28
acb00efd00e1,2017-03-08,2017-03-15,2017-03-16
2cb3982ec6bd,2017-02-28,2017-03-15,2017-03-28
8228de923258,2017-02-27,2017-03-15,2017-03-28
89862a8600a5,2017-02-17,2017-03-15,2017-03-19
2870da513959,2017-03-22,2017-03-22,2017-03-28
35e8a2035a42,2017-03-22,2017-03-22,2017-03-28
a251b4856448,2017-03-05,2017-03-15,2017-03-28
09d78814e9fd,2017-03-21,2017-03-21,2017-03-28
e02fb6293a0f,2017-02-24,2017-03-15,2017-03-26
54dd1bc97ecf,2017-02-24,2017-03-15,2017-03-26
71241b8b1e4f,2017-03-21,2017-03-21,2017-03-22
767dde2658d6,2017-02-15,2017-03-15,2017-03-17
f5f4166c8701,2017-02-16,2017-03-15,2017-03-17
a7f456fca1b4,2017-02-25,2017-03-15,2017-03-27
aa61caef13ec,2017-03-19,2017-03-19,2017-03-28
4ef75608e998,2017-03-21,2017-03-21,2017-03-28
c1afd9094c2c,2017-03-03,2017-03-15,2017-03-28
a36648f8f916,2017-03-28,2017-03-28,2017-03-28
faa3bf5f20e9,2017-03-24,2017-03-24,2017-03-28
470286a19c1a,2017-03-20,2017-03-20,2017-03-28
e1efe0872e8f,2017-03-06,2017-03-15,2017-03-28
46a54b13d4c3,2017-02-23,2017-03-15,2017-03-24
5aa63a4d68e7,2017-03-17,2017-03-17,2017-03-28
fe90a54980b8,2017-02-19,2017-03-15,2017-03-20
c077cab5c780,2017-03-23,2017-03-23,2017-03-28
d9670f0d7ba5,2017-03-27,2017-03-27,2017-03-28
18a6a8fa6e9c,2017-02-14,2017-03-15,2017-03-15
174ca9377dc7,2017-03-18,2017-03-18,2017-03-28
90511eba2a54,2017-02-14,2017-03-15,2017-03-16
5040f75770a0,2017-03-02,2017-03-15,2017-03-28
a9e25b4374ba,2017-03-19,2017-03-19,2017-03-28
2f13c79aff05,2017-02-17,2017-03-15,2017-03-18
689ea9267449,2017-03-09,2017-03-15,2017-03-28
9d272d1f85d6,2017-02-26,2017-03-15,2017-03-28
a520d4e36c68,2017-03-09,2017-03-15,2017-03-28
420e8ae2ecf5,2017-03-09,2017-03-15,2017-03-28
bc95272e58eb,2017-03-28,2017-03-28,2017-03-28
a91db6a7bd21,2017-03-14,2017-03-15,2017-03-28
e6420993e6c1,2017-02-25,2017-03-15,2017-03-27
2e469acacbca,2017-03-05,2017-03-15,2017-03-28
038ea597600c,2017-02-27,2017-03-15,2017-03-28
69047b53aabf,2017-03-05,2017-03-15,2017-03-19
5c6d66b5d36b,2017-02-16,2017-03-15,2017-03-18
a499d2c5199e,2017-03-01,2017-03-15,2017-03-28
411f39d8da81,2017-03-12,2017-03-15,2017-03-28
1bf3d0cb4f30,2017-02-17,2017-03-15,2017-03-19
8389d3aa211e,2017-03-28,2017-03-28,2017-03-28
1b646a833618,2017-03-13,2017-03-15,2017-03-28
f497ce789020,2017-03-27,2017-03-27,2017-03-28
9dc349bb0a92,2017-02-26,2017-03-15,2017-03-28
dbf66760a1bf,2017-03-02,2017-03-15,2017-03-28
873b9459c623,2017-03-17,2017-03-17,2017-03-28
638b14be2232,2017-02-20,2017-03-15,2017-03-21
4ef69d442bb8,2017-02-19,2017-03-15,2017-03-21
c9bfa5f53abd,2017-02-19,2017-03-15,2017-03-21
2162b2959232,2017-02-22,2017-03-15,2017-03-24
8343dc94023b,2017-02-26,2017-03-15,2017-03-28
1df6cc5829c2,2017-02-20,2017-03-15,2017-03-22
eb972aac1b4a,2017-03-14,2017-03-15,2017-03-28
d9f894470c60,2017-03-26,2017-03-26,2017-03-28
1e62930abab6,2017-02-22,2017-03-15,2017-03-24
719145bb728a,2017-02-25,2017-03-15,2017-03-26
06989c771288,2017-02-24,2017-03-15,2017-03-25
7c24181568e0,2017-03-10,2017-03-15,2017-03-28
1d0e1c255ad7,2017-02-24,2017-03-15,2017-03-26
65fd12fe7480,2017-03-18,2017-03-18,2017-03-28
a0a4f12a6ddb,2017-03-14,2017-03-15,2017-03-28
aba2bfd119d3,2017-03-01,2017-03-15,2017-03-28
44a4f2e836f8,2017-02-24,2017-03-15,2017-03-26
16c70091e8f1,2017-02-25,2017-03-15,2017-03-27
746397c94339,2017-03-18,2017-03-18,2017-03-21
d1e8b929dbe6,2017-03-10,2017-03-15,2017-03-28
7ea1d8909e9d,2017-02-23,2017-03-15,2017-03-25
6ae731584247,2017-03-03,2017-03-15,2017-03-28
f093593b6da5,2017-03-22,2017-03-22,2017-03-28
d08b6a533674,2017-02-28,2017-03-15,2017-03-28
593d2cc6f71c,2017-03-05,2017-03-15,2017-03-28
d05199d88c4c,2017-03-24,2017-03-24,2017-03-28
78744db9b798,2017-03-26,2017-03-26,2017-03-28
14cab7bd5fd9,2017-02-21,2017-03-15,2017-03-23
856f2721ca1a,2017-03-10,2017-03-15,2017-03-28
ece090f1db43,2017-02-16,2017-03-15,2017-03-17
27dc1c381e74,2017-03-03,2017-03-15,2017-03-28
4830821bae64,2017-02-27,2017-03-15,2017-03-28
8fe4481a7f8e,2017-03-06,2017-03-15,2017-03-28
1ba73fbd7304,2017-03-12,2017-03-15,2017-03-28
7a5d26feb528,2017-02-20,2017-03-15,2017-03-22
26d67f1b1ce7,2017-03-24,2017-03-24,2017-03-28
c829aca641fa,2017-03-02,2017-03-15,2017-03-28
519a9827ab3d,2017-03-28,2017-03-28,2017-03-28
3ee0bc194d15,2017-02-23,2017-03-15,2017-03-24
546935d5b8bf,2017-03-23,2017-03-23,2017-03-28
e81a06a565ab,2017-02-28,2017-03-15,2017-03-28
42b4736eb04c,2017-03-13,2017-03-15,2017-03-28
44838934968f,2017-03-18,2017-03-18,2017-03-28
8e3ef9c137b8,2017-03-09,2017-03-15,2017-03-28
74b8402bf545,2017-03-28,2017-03-28,2017-03-28
c53903d4b398,2017-02-13,2017-03-15,2017-03-15
0b19306673e5,2017-03-18,2017-03-18,2017-03-28
8bea4d4ec95f,2017-03-06,2017-03-15,2017-03-28
e2ebc9d19fe8,2017-03-10,2017-03-15,2017-03-28
bee5477cc2c0,2017-02-20,2017-03-15,2017-03-22
ce235940929b,2017-03-02,2017-03-15,2017-03-28
4f1d6fcea55b,2017-02-17,2017-03-15,2017-03-19
b76e19b55d97,2017-03-12,2017-03-15,2017-03-28
e9f7d1366d67,2017-03-18,2017-03-18,2017-03-28
64147381b490,2017-03-18,2017-03-18,2017-03-28
41d0908cf8bf,2017-02-15,2017-03-15,2017-03-17
62503cbf9e7b,2017-02-14,2017-03-15,2017-03-16
2878c4246df3,2017-02-25,2017-03-15,2017-03-26
7400b6df9646,2017-02-27,2017-03-15,2017-03-28
ff0a47c535b6,2017-02-21,2017-03-15,2017-03-23
2113404807bf,2017-02-18,2017-03-15,2017-03-20
b8c815600764,2017-03-02,2017-03-15,2017-03-28
4b75f1f17ab8,2017-03-01,2017-03-15,2017-03-28
5c0280862f7a,2017-03-28,2017-03-28,2017-03-28
d1201c8787ce,2017-03-09,2017-03-15,2017-03-28
d4caa68241d7,2017-02-19,2017-03-15,2017-03-21
6cd03df19f00,2017-03-14,2017-03-15,2017-03-28
d82cfaa9aeab,2017-03-19,2017-03-19,2017-03-28
be65bb902440,2017-03-08,2017-03-15,2017-03-28
683b61b55d1b,2017-03-13,2017-03-15,2017-03-28
9f80b16b1b78,2017-03-06,2017-03-15,2017-03-28
3347f5f27ae9,2017-03-27,2017-03-27,2017-03-28
d91830025687,2017-03-12,2017-03-15,2017-03-21
9a4e2ebe1a55,2017-03-07,2017-03-15,2017-03-28
9f73b45fb921,2017-02-17,2017-03-15,2017-03-18
7feba26d3bf3,2017-02-25,2017-03-15,2017-03-26
ecb63be0e747,2017-02-18,2017-03-15,2017-03-20
cf8931c5283e,2017-03-11,2017-03-15,2017-03-28
1b73a9681752,2017-03-27,2017-03-27,2017-03-28
ca15a0eaddce,2017-03-24,2017-03-24,2017-03-28
76166b0e7a9c,2017-02-24,2017-03-15,2017-03-25
fc109ddfcd56,2017-03-15,2017-03-15,2017-03-28
6380ffb2cda9,2017-03-22,2017-03-22,2017-03-28
850c36a20f9e,2017-03-23,2017-03-23,2017-03-28
ad151b969425,2017-02-15,2017-03-15,2017-03-17
ff30b068b3fb,2017-03-20,2017-03-20,2017-03-28
6c7f26a61d83,2017-03-13,2017-03-15,2017-03-28
c0c9e2521354,2017-03-02,2017-03-15,2017-03-17
dda89911dad0,2017-02-21,2017-03-15,2017-03-23
624c22bb4ca7,2017-02-18,2017-03-15,2017-03-19
44d52f9f4b36,2017-03-24,2017-03-24,2017-03-28
99a65b4d0eb2,2017-03-17,2017-03-17,2017-03-28
3366f1718cf5,2017-03-21,2017-03-21,2017-03-28
898bfa21cd9c,2017-02-16,2017-03-15,2017-03-17
56633820a7f7,2017-03-27,2017-03-27,2017-03-28
0cada49e94f7,2017-03-26,2017-03-26,2017-03-26
861993367c5d,2017-02-21,2017-03-15,2017-03-22
665eb9361d78,2017-03-17,2017-03-17,2017-03-28
59832f790406,2017-03-23,2017-03-23,2017-03-28
f1ae9af9c4c5,2017-02-24,2017-03-15,2017-03-26
79939d4a1a53,2017-02-26,2017-03-15,2017-03-27
da646ba7d53a,2017-03-28,2017-03-28,2017-03-28
3b5d3e861260,2017-03-02,2017-03-15,2017-03-28
26a20adf48e9,2017-03-22,2017-03-22,2017-03-28
6f24725734c8,2017-03-13,2017-03-15,2017-03-28
f50e6827fcb8,2017-03-05,2017-03-15,2017-03-28
db6e0f944b4d,2017-03-20,2017-03-20,2017-03-28
7ee7b68c309f,2017-02-25,2017-03-15,2017-03-26
a0bcb63552ef,2017-03-02,2017-03-15,2017-03-28
ac58fdbdaa94,2017-03-13,2017-03-15,2017-03-28
b912cf366d11,2017-03-13,2017-03-15,2017-03-28
b4bcb7be7875,2017-03-05,2017-03-15,2017-03-28
6bff822409de,2017-03-11,2017-03-15,2017-03-28
cd5eb507210d,2017-03-04,2017-03-15,2017-03-28
1f9021165bb6,2017-02-28,2017-03-15,2017-03-28
0352435c1352,2017-03-05,2017-03-15,2017-03-28
c20e276e2c70,2017-03-03,2017-03-15,2017-03-28
833047a83325,2017-03-19,2017-03-19,2017-03-28
1248f2ce75a2,2017-03-27,2017-03-27,2017-03-28
9d82cd90a611,2017-03-26,2017-03-26,2017-03-28
d7b114bf2189,2017-03-13,2017-03-15,2017-03-28
7e6eb9fdfa60,2017-03-15,2017-03-15,2017-03-28
fb72173b9767,2017-03-19,2017-03-19,2017-03-28
791da25163a3,2017-02-23,2017-03-15,2017-03-25
67e4d245ab03,2017-03-20,2017-03-20,2017-03-28
a88db51a6177,2017-03-07,2017-03-15,2017-03-28
a46ae9fb6578,2017-03-20,2017-03-20,2017-03-28
6a9ca7d4c914,2017-03-25,2017-03-25,2017-03-27
5e4d4e8fa0c8,2017-03-09,2017-03-15,2017-03-28
2ce7bb3edf26,2017-03-07,2017-03-15,2017-03-28
dcdb687faf64,2017-03-16,2017-03-16,2017-03-28
2319b435ed4c,2017-03-22,2017-03-22,2017-03-28
3282755e260a,2017-02-19,2017-03-15,2017-03-20
33fab271ade2,2017-03-14,2017-03-15,2017-03-28
38725bf57ac5,2017-03-11,2017-03-15,2017-03-28
54a7f00f1400,2017-03-27,2017-03-27,2017-03-28
4cc222e6f29d,2017-03-14,2017-03-15,2017-03-28
624d954e5652,2017-03-19,2017-03-19,2017-03-28
b2449dbb1ba8,2017-03-25,2017-03-25,2017-03-28
941fc2c0779f,2017-03-24,2017-03-24,2017-03-28
e42437adf5c6,2017-02-24,2017-03-15,2017-03-26
05a9e8e4a93a,2017-02-17,2017-03-15,2017-03-18
867f1178d6f6,2017-03-25,2017-03-25,2017-03-28
c5b292f47e1e,2017-03-14,2017-03-15,2017-03-28
2d257c6f5299,2017-03-10,2017-03-15,2017-03-28
a44d93e7e148,2017-03-12,2017-03-15,2017-03-28
6c575bf4fb5f,2017-03-19,2017-03-19,2017-03-20
7366cdf70cfc,2017-03-20,2017-03-20,2017-03-21
7769848453b1,2017-03-20,2017-03-20,2017-03-28
3f0af85348d9,2017-03-02,2017-03-15,2017-03-20
4c8dee5c4ddb,2017-02-26,2017-03-15,2017-03-28
1a9aea1da5cc,2017-03-19,2017-03-19,2017-03-28
2e661206cc11,2017-03-19,2017-03-19,2017-03-28
9d95a26036cb,2017-02-21,2017-03-15,2017-03-23
3debbcda9bc4,2017-02-21,2017-03-15,2017-03-23
8529db8f292f,2017-03-26,2017-03-26,2017-03-28
f0501b57908e,2017-03-27,2017-03-27,2017-03-28
05397088faf6,2017-02-16,2017-03-15,2017-03-18
92bbfefe6d70,2017-03-07,2017-03-15,2017-03-28
c3db15058a68,2017-03-22,2017-03-22,2017-03-28
79eb8798d8d3,2017-02-15,2017-03-15,2017-03-16
1ce5df9ce111,2017-03-11,2017-03-15,2017-03-24
8f04fd114c35,2017-03-19,2017-03-19,2017-03-28
1ee2dbeacc8c,2017-03-12,2017-03-15,2017-03-28
852ed7deba64,2017-03-10,2017-03-15,2017-03-28
3141106bb7a2,2017-02-27,2017-03-15,2017-03-28
caa22faf4fc1,2017-03-01,2017-03-15,2017-03-28
101bd977eb56,2017-02-22,2017-03-15,2017-03-23
a27a5e5a9b26,2017-03-02,2017-03-15,2017-03-28
94f59c1eed60,2017-03-08,2017-03-15,2017-03-28
9a257b5abba4,2017-02-21,2017-03-15,2017-03-23
b32123d89ad0,2017-02-18,2017-03-15,2017-03-20
f8949fc0fd5a,2017-02-20,2017-03-15,2017-03-22
5dfa94ea36a6,2017-02-19,2017-03-15,2017-03-21
3649c99dcba8,2017-02-19,2017-03-15,2017-03-21
6be6235bab61,2017-03-25,2017-03-25,2017-03-28
54e6f293144f,2017-03-21,2017-03-21,2017-03-28
2fda4f5167de,2017-03-09,2017-03-15,2017-03-28
77a9b1036c3e,2017-03-02,2017-03-15,2017-03-28
6ab24d82e681,2017-02-16,2017-03-15,2017-03-17
a5dc959bf35e,2017-03-06,2017-03-15,2017-03-28
ff79d900f723,2017-03-05,2017-03-15,2017-03-28
e47415a39b64,2017-03-21,2017-03-21,2017-03-28
2985ec66396c,2017-03-27,2017-03-27,2017-03-28
79a6f4c8f808,2017-02-20,2017-03-15,2017-03-22
7be5d14642b5,2017-03-23,2017-03-23,2017-03-28
c82f9925e6e2,2017-02-28,2017-03-15,2017-03-28
0180b6c87c23,2017-03-25,2017-03-25,2017-03-28
c741305c2cec,2017-03-03,2017-03-15,2017-03-28
2cfe806d4a7c,2017-03-22,2017-03-22,2017-03-28
329deb00e05c,2017-02-22,2017-03-15,2017-03-24
98de4f918df7,2017-03-19,2017-03-19,2017-03-28
6416ef7a1d61,2017-03-10,2017-03-15,2017-03-28
3914fc59ebc5,2017-03-12,2017-03-15,2017-03-28
787b6260e54a,2017-03-15,2017-03-15,2017-03-28
87c9f07fb419,2017-03-26,2017-03-26,2017-03-28
9c5245d0e6c5,2017-03-10,2017-03-15,2017-03-28
919344f464c1,2017-02-16,2017-03-15,2017-03-18
a6c81bec8757,2017-03-26,2017-03-26,2017-03-28
a20f8cefb83f,2017-03-15,2017-03-15,2017-03-28
9d11d2a72e00,2017-03-27,2017-03-27,2017-03-28
767eb01a0791,2017-03-25,2017-03-25,2017-03-28
ba33fd8a10de,2017-02-20,2017-03-15,2017-03-22
4963846ba8a0,2017-03-14,2017-03-15,2017-03-28
2cfffc0a06c2,2017-03-20,2017-03-20,2017-03-28
4f71b435ceb5,2017-03-03,2017-03-15,2017-03-28
298ef4200173,2017-03-26,2017-03-26,2017-03-28
f8c7144bb2ba,2017-03-19,2017-03-19,2017-03-22
2635e838b10c,2017-03-15,2017-03-15,2017-03-28
3ddddba80cef,2017-03-13,2017-03-15,2017-03-28
4e5b33e10715,2017-02-16,2017-03-15,2017-03-18
460eb5736129,2017-03-14,2017-03-15,2017-03-28
0e46d4dbb2e1,2017-03-23,2017-03-23,2017-03-28
67e7679502ca,2017-03-04,2017-03-15,2017-03-28
219b04ef3fb5,2017-02-14,2017-03-15,2017-03-16
945a3c53ab8d,2017-02-23,2017-03-15,2017-03-18
888bf9850c42,2017-03-01,2017-03-15,2017-03-28
9c88b3225bf2,2017-03-18,2017-03-18,2017-03-28
5708d1687490,2017-03-06,2017-03-15,2017-03-28
69bf73eb1e1a,2017-03-15,2017-03-15,2017-03-28
20d9141d7f9a,2017-03-06,2017-03-15,2017-03-28
36655a336369,2017-03-05,2017-03-15,2017-03-28
c0e94a320dbd,2017-03-06,2017-03-15,2017-03-28
5592dfc35d52,2017-03-01,2017-03-15,2017-03-28
7a6628214880,2017-03-20,2017-03-20,2017-03-28
3bc4dc6f0d4f,2017-03-02,2017-03-15,2017-03-28
56f095ae61f7,2017-03-21,2017-03-21,2017-03-28
de45fdbf91e5,2017-03-01,2017-03-15,2017-03-28
c765ad8fc976,2017-03-04,2017-03-15,2017-03-28
10af8e2acbd7,2017-02-15,2017-03-15,2017-03-17
e743a71b3d6f,2017-03-10,2017-03-15,2017-03-18
8b923653afe2,2017-02-14,2017-03-15,2017-03-16
5909d0f2c966,2017-03-09,2017-03-15,2017-03-28
96e1e14eea9c,2017-03-12,2017-03-15,2017-03-28
7377cde8c7f7,2017-03-23,2017-03-23,2017-03-28
1c4994c97851,2017-03-13,2017-03-15,2017-03-28
8feb57f307c2,2017-03-13,2017-03-15,2017-03-28
fa57d099b33b,2017-03-01,2017-03-15,2017-03-28
ab6e45005c40,2017-03-10,2017-03-15,2017-03-28
a663d59d3ed2,2017-03-05,2017-03-15,2017-03-28
dc4948e6f007,2017-03-08,2017-03-15,2017-03-17
7ca3d0cd5e00,2017-03-22,2017-03-22,2017-03-28
74d812451f1d,2017-02-23,2017-03-15,2017-03-25
2bd76d44a91d,2017-03-11,2017-03-15,2017-03-28
350042d01f64,2017-02-25,2017-03-15,2017-03-27
8e07b5314d8c,2017-03-06,2017-03-15,2017-03-28
6330573fe715,2017-03-09,2017-03-15,2017-03-28
48cdab452a47,2017-03-20,2017-03-20,2017-03-28
c7ee2f87c3f2,2017-03-23,2017-03-23,2017-03-28
64b56510d134,2017-03-19,2017-03-19,2017-03-28
cb63be42fdb8,2017-03-10,2017-03-15,2017-03-28
88b741317541,2017-03-13,2017-03-15,2017-03-28
9c21c5c4e674,2017-03-01,2017-03-15,2017-03-28
2e5b2eaf4ff7,2017-03-14,2017-03-15,2017-03-28
048dbd1c9b95,2017-03-15,2017-03-15,2017-03-28
5a8ed84fb490,2017-02-20,2017-03-15,2017-03-22
d8876199080f,2017-03-19,2017-03-19,2017-03-28
f9116625e678,2017-03-23,2017-03-23,2017-03-28
b8ea25cef0d9,2017-02-21,2017-03-15,2017-03-23
fbf9d07ec4cf,2017-03-13,2017-03-15,2017-03-28
4e0c180c2818,2017-03-08,2017-03-15,2017-03-28
f4f1112835a0,2017-03-12,2017-03-15,2017-03-28
4f0bc88f6f98,2017-03-14,2017-03-15,2017-03-28
9ef8e95a23c4,2017-03-03,2017-03-15,2017-03-28
1197200e14dc,2017-02-22,2017-03-15,2017-03-24
ddb5ec710569,2017-02-19,2017-03-15,2017-03-20
b3774f56fca3,2017-03-04,2017-03-15,2017-03-28
cfe076f7d055,2017-02-20,2017-03-15,2017-03-22
9d64e624669b,2017-02-24,2017-03-15,2017-03-25
a803c568948a,2017-02-18,2017-03-15,2017-03-19
be9051ff3863,2017-02-23,2017-03-15,2017-03-24
ee6faf9c77f8,2017-03-25,2017-03-25,2017-03-28
f28b949aefd2,2017-02-19,2017-03-15,2017-03-21
9ebbbedd2929,2017-02-16,2017-03-15,2017-03-18
52f9bdb5d850,2017-03-09,2017-03-15,2017-03-28
cdc9dd77fe05,2017-02-14,2017-03-15,2017-03-15
115c5602c012,2017-02-18,2017-03-15,2017-03-20
4716142da8e9,2017-02-17,2017-03-15,2017-03-19
26f4b24c4c7a,2017-03-01,2017-03-15,2017-03-28
f2a8d1c8f7c6,2017-03-15,2017-03-15,2017-03-28
8fcbac77791e,2017-03-26,2017-03-26,2017-03-28
afba6627e03c,2017-03-05,2017-03-15,2017-03-28
45f4fd29591c,2017-03-02,2017-03-15,2017-03-28
309e3437d2bf,2017-03-22,2017-03-22,2017-03-28
58736ddcf76c,2017-02-17,2017-03-15,2017-03-19
9704f1e2cd54,2017-03-23,2017-03-23,2017-03-28
e97616cd2813,2017-03-06,2017-03-15,2017-03-28
a91ca2cd8437,2017-03-19,2017-03-19,2017-03-28
e8573c644370,2017-02-25,2017-03-15,2017-03-26
799ca657b9cb,2017-02-16,2017-03-15,2017-03-17
d062592cf050,2017-02-25,2017-03-15,2017-03-26
63da7be13abf,2017-03-09,2017-03-15,2017-03-28
bd8932b1f377,2017-03-26,2017-03-26,2017-03-28
5f3432e91e87,2017-03-03,2017-03-15,2017-03-28
2e80d4eaed21,2017-03-02,2017-03-15,2017-03-28
c3b760a1fba4,2017-02-24,2017-03-15,2017-03-26
6add50255f50,2017-02-22,2017-03-15,2017-03-23
0444e60e88a3,2017-02-27,2017-03-15,2017-03-28
8b567635df07,2017-02-25,2017-03-15,2017-03-27
b0c4c4554c08,2017-02-27,2017-03-15,2017-03-28
1448da26a92e,2017-03-02,2017-03-15,2017-03-28
c10f3cbd2d5e,2017-03-15,2017-03-15,2017-03-28
6d95224cdf35,2017-03-14,2017-03-15,2017-03-28
f827d0bd4ecc,2017-02-20,2017-03-15,2017-03-21
a7676e8ec6b9,2017-03-06,2017-03-15,2017-03-28
02443abc3f0b,2017-03-03,2017-03-15,2017-03-28
538ab17662b5,2017-03-17,2017-03-17,2017-03-28
6ebbc9a43db2,2017-03-21,2017-03-21,2017-03-28
e684556be490,2017-02-20,2017-03-15,2017-03-22
52c106424093,2017-02-16,2017-03-15,2017-03-18
a5a583392736,2017-03-02,2017-03-15,2017-03-28
c83848dff49e,2017-03-04,2017-03-15,2017-03-28
8e49d2e43d0b,2017-03-23,2017-03-23,2017-03-28
4fbb2cbc5015,2017-03-20,2017-03-20,2017-03-22
620aad6d77f3,2017-03-13,2017-03-15,2017-03-28
7ffc4c207c4a,2017-03-10,2017-03-15,2017-03-28
e41a01b5bba4,2017-03-02,2017-03-15,2017-03-28
0734c1a4c07d,2017-03-20,2017-03-20,2017-03-21
db6eab296cee,2017-03-15,2017-03-15,2017-03-28
a86bcf919001,2017-02-20,2017-03-15,2017-03-22
3c7f1807f310,2017-03-17,2017-03-17,2017-03-28
9298200ce0e9,2017-03-14,2017-03-15,2017-03-28
1647fa794cb0,2017-02-13,2017-03-15,2017-03-15
f02d50b8e2d4,2017-03-21,2017-03-21,2017-03-28
135a8933ed3c,2017-03-08,2017-03-15,2017-03-28
e8713694bf01,2017-03-01,2017-03-15,2017-03-28
000e6daaa93d,2017-03-16,2017-03-16,2017-03-28
604a3df8efd7,2017-02-13,2017-03-15,2017-03-15
a4b55843b2b3,2017-03-25,2017-03-25,2017-03-28
84581d8ba8ac,2017-03-09,2017-03-15,2017-03-28
9ab0286a8977,2017-03-12,2017-03-15,2017-03-28
e7c3e5e416d0,2017-03-06,2017-03-15,2017-03-28
bb9440fb8163,2017-03-23,2017-03-23,2017-03-28
4dd6383f55c9,2017-02-15,2017-03-15,2017-03-17
f15376883b86,2017-02-21,2017-03-15,2017-03-22
f18b4eaba73a,2017-03-02,2017-03-15,2017-03-28
28e4a5e213f5,2017-02-19,2017-03-15,2017-03-20
c982e651249f,2017-03-06,2017-03-15,2017-03-24
cf895fb9d5be,2017-03-09,2017-03-15,2017-03-28
01e81962a4a3,2017-03-24,2017-03-24,2017-03-28
ea2ab1d791ce,2017-02-27,2017-03-15,2017-03-28
c780be4c5e0c,2017-03-21,2017-03-21,2017-03-28
273658319540,2017-03-15,2017-03-15,2017-03-28
429ee08ffe92,2017-03-05,2017-03-15,2017-03-28
538bd2b06061,2017-03-07,2017-03-15,2017-03-28
121e97f993ea,2017-02-24,2017-03-15,2017-03-26
5f9a0fc4c1cf,2017-02-19,2017-03-15,2017-03-21
8ff01fbdac02,2017-03-23,2017-03-23,2017-03-28
a2b53cd233bb,2017-03-06,2017-03-15,2017-03-28
6842f9c132d2,2017-03-21,2017-03-21,2017-03-28
42c0febee4e9,2017-02-26,2017-03-15,2017-03-27
b69147c6b3aa,2017-03-19,2017-03-19,2017-03-28
e5c6fdc53727,2017-03-15,2017-03-15,2017-03-28
3df15a648bbe,2017-03-20,2017-03-20,2017-03-28
f21fbdc6f804,2017-03-22,2017-03-22,2017-03-28
c6fe76991d33,2017-03-11,2017-03-15,2017-03-28
a7a1cefcac9c,2017-03-13,2017-03-15,2017-03-28
e2d9e0d69c7c,2017-02-17,2017-03-15,2017-03-18
c1ea70bd1a6e,2017-03-01,2017-03-15,2017-03-28
3e72d1b39807,2017-03-20,2017-03-20,2017-03-28
e5c92f86bcce,2017-03-06,2017-03-15,2017-03-28
bbbdf6e8fc5f,2017-03-02,2017-03-15,2017-03-28
1ed2011bf0a7,2017-03-18,2017-03-18,2017-03-28
bd0baada4498,2017-03-27,2017-03-27,2017-03-28
53ce4e4d2b5d,2017-03-25,2017-03-25,2017-03-28
062fd432902f,2017-03-11,2017-03-15,2017-03-28
171f27762eae,2017-03-02,2017-03-15,2017-03-28
475b06f806f9,2017-03-27,2017-03-27,2017-03-28
25c2d1bbc6ee,2017-03-24,2017-03-24,2017-03-28
881774234863,2017-02-25,2017-03-15,2017-03-26
875499a68fcf,2017-03-10,2017-03-15,2017-03-28
f37c26bd4858,2017-03-07,2017-03-15,2017-03-28
49e8389b5d7d,2017-02-21,2017-03-15,2017-03-23
a17f3b8647b7,2017-03-25,2017-03-25,2017-03-28
3e5922dd245b,2017-03-27,2017-03-27,2017-03-28
2fc7b1d8229e,2017-03-10,2017-03-15,2017-03-28
f8b90f8f7efb,2017-03-19,2017-03-19,2017-03-28
3cec13782d87,2017-03-20,2017-03-20,2017-03-28
ac368a1b42d3,2017-02-17,2017-03-15,2017-03-18
e4973d6e0550,2017-03-15,2017-03-15,2017-03-28
b83d4a94674e,2017-03-04,2017-03-15,2017-03-28
3c413704cec8,2017-02-27,2017-03-15,2017-03-28
82e466dd9194,2017-03-02,2017-03-15,2017-03-28
cafccf562f17,2017-02-21,2017-03-15,2017-03-23
55f7938635ad,2017-03-18,2017-03-18,2017-03-28
b2255fe5f120,2017-03-04,2017-03-15,2017-03-28
6c266a0b3ba9,2017-03-05,2017-03-15,2017-03-28
c5d37b1d3079,2017-03-24,2017-03-24,2017-03-28
ee431693cfd4,2017-03-09,2017-03-15,2017-03-28
0076270272a5,2017-02-27,2017-03-15,2017-03-28
8f796d17ee82,2017-03-26,2017-03-26,2017-03-28
2d9fe98bc21d,2017-03-12,2017-03-15,2017-03-25
18c98ae22da3,2017-03-24,2017-03-24,2017-03-28
7b4c7f0313cd,2017-03-12,2017-03-15,2017-03-28
75920bc3c7c3,2017-03-14,2017-03-15,2017-03-28
e5b7120177f5,2017-02-16,2017-03-15,2017-03-18
6ee89eca6826,2017-03-14,2017-03-15,2017-03-17
75b6d8fb908a,2017-02-22,2017-03-15,2017-03-24
cc617c47e50a,2017-03-15,2017-03-15,2017-03-28
61b7937e78b1,2017-02-19,2017-03-15,2017-03-20
49331124d2b0,2017-02-22,2017-03-15,2017-03-24
75fc1115a79d,2017-03-07,2017-03-15,2017-03-28
34d0004cfea4,2017-03-11,2017-03-15,2017-03-28
04c5d019c992,2017-02-24,2017-03-15,2017-03-26
a986b2be20d3,2017-03-10,2017-03-15,2017-03-28
97bf9eaf047b,2017-02-15,2017-03-15,2017-03-17
d9ab9a99b42b,2017-02-22,2017-03-15,2017-03-24
5719e8d5e8aa,2017-02-20,2017-03-15,2017-03-22
502e14705ee9,2017-02-21,2017-03-15,2017-03-22
9af49a42f896,2017-02-20,2017-03-15,2017-03-22
e241b05ab705,2017-02-20,2017-03-15,2017-03-22
6e9a655fba03,2017-03-01,2017-03-15,2017-03-28
bb5e0c671b26,2017-03-17,2017-03-17,2017-03-28
bde54bfc4800,2017-03-01,2017-03-15,2017-03-28
25866aca665a,2017-03-15,2017-03-15,2017-03-28
247a84031783,2017-03-02,2017-03-15,2017-03-28
3ed43ca5f0da,2017-03-09,2017-03-15,2017-03-28
e1f72be9cf56,2017-03-15,2017-03-15,2017-03-28
4fba758c1a3b,2017-03-10,2017-03-15,2017-03-28
ebfaa1f9ca15,2017-02-19,2017-03-15,2017-03-21
0841343616c5,2017-03-05,2017-03-15,2017-03-28
27ac36bf298e,2017-02-19,2017-03-15,2017-03-20
fba212d0f0b2,2017-03-21,2017-03-21,2017-03-28
058afe8d8c18,2017-03-21,2017-03-21,2017-03-25
6f599591835a,2017-03-26,2017-03-26,2017-03-28
70f931837733,2017-03-21,2017-03-21,2017-03-28
8ffc9f9a70e2,2017-02-27,2017-03-15,2017-03-28
19ba7492e9b5,2017-02-20,2017-03-15,2017-03-21
bcda7d4cced4,2017-03-07,2017-03-15,2017-03-28
28aed65d93eb,2017-02-17,2017-03-15,2017-03-19
a93ebd4d40f4,2017-03-17,2017-03-17,2017-03-28
8da828876984,2017-03-04,2017-03-15,2017-03-28
3431b209ed09,2017-03-19,2017-03-19,2017-03-28
1a78700fcb8a,2017-03-20,2017-03-20,2017-03-28
0ef6feee720a,2017-03-08,2017-03-15,2017-03-28
68eb717173f9,2017-02-17,2017-03-15,2017-03-19
00de83950054,2017-02-16,2017-03-15,2017-03-18
778632e55ebb,2017-03-01,2017-03-15,2017-03-28
15ae99f1cd63,2017-03-21,2017-03-21,2017-03-28
e215aad83f55,2017-02-26,2017-03-15,2017-03-27
d131a8b40c3e,2017-03-22,2017-03-22,2017-03-28
db7d3a8b6ffb,2017-02-20,2017-03-15,2017-03-22
55b1e8a1bb38,2017-03-21,2017-03-21,2017-03-28
a00ec96f781e,2017-03-05,2017-03-15,2017-03-28
5d923d4958e1,2017-03-07,2017-03-15,2017-03-28
5dd186e5eff0,2017-02-16,2017-03-15,2017-03-17
12a26f417828,2017-03-07,2017-03-15,2017-03-28
0bba8625b24a,2017-03-23,2017-03-23,2017-03-28
6a6674cdef79,2017-03-13,2017-03-15,2017-03-28
d2ba36ecc8a5,2017-03-26,2017-03-26,2017-03-28
af6997652819,2017-02-28,2017-03-15,2017-03-28
990b147d1875,2017-03-04,2017-03-15,2017-03-28
ea28a22c46da,2017-03-28,2017-03-28,2017-03-28
c81bf1fa72d3,2017-02-22,2017-03-15,2017-03-24
1d474cf04b42,2017-03-27,2017-03-27,2017-03-28
0010c10dd298,2017-03-21,2017-03-21,2017-03-28
e7b6ab992658,2017-02-21,2017-03-15,2017-03-23
885cf0c28de2,2017-02-28,2017-03-15,2017-03-28
381892faf6fb,2017-02-23,2017-03-15,2017-03-25
71c5541646d4,2017-02-25,2017-03-15,2017-03-27
cbc6a3d1aaea,2017-02-21,2017-03-15,2017-03-22
792938d17774,2017-02-20,2017-03-15,2017-03-22
75480d0a7419,2017-02-24,2017-03-15,2017-03-26
94a2fba26bfe,2017-02-20,2017-03-15,2017-03-21
c8929a0db13e,2017-02-27,2017-03-15,2017-03-28
9382d7e51de2,2017-02-26,2017-03-15,2017-03-28
2ca1cc45d21c,2017-02-25,2017-03-15,2017-03-27
f7985676d66d,2017-03-16,2017-03-16,2017-03-28
ba1683d98b17,2017-03-17,2017-03-17,2017-03-28
44db21e6aac3,2017-02-22,2017-03-15,2017-03-23
05a79034cebc,2017-03-04,2017-03-15,2017-03-28
8292947e1657,2017-03-01,2017-03-15,2017-03-28
aab1d4ddff11,2017-02-17,2017-03-15,2017-03-19
97e7f2c01593,2017-02-17,2017-03-15,2017-03-18
fad4332497ec,2017-03-23,2017-03-23,2017-03-28
55e3b4d69273,2017-03-15,2017-03-15,2017-03-28
36406ee18411,2017-02-22,2017-03-15,2017-03-24
6aabf28c464c,2017-03-04,2017-03-15,2017-03-28
30c63908cb85,2017-03-14,2017-03-15,2017-03-28
82c9b34d4021,2017-02-21,2017-03-15,2017-03-23
f2fa544bd500,2017-03-14,2017-03-15,2017-03-27
6faa46a87453,2017-03-19,2017-03-19,2017-03-21
a9b6964b097a,2017-03-12,2017-03-15,2017-03-28
35de5575e342,2017-03-24,2017-03-24,2017-03-28
baa1a5684c87,2017-03-08,2017-03-15,2017-03-28
1046a9f1e4ae,2017-03-16,2017-03-16,2017-03-28
66c9c13594ef,2017-03-01,2017-03-15,2017-03-28
c5beed54969f,2017-03-24,2017-03-24,2017-03-28
9eeba4590e39,2017-03-20,2017-03-21,2017-03-28
6b40ad36fa4b,2017-03-24,2017-03-24,2017-03-26
f9f4464cbfb0,2017-02-19,2017-03-15,2017-03-21
2eaa1413e6b5,2017-03-23,2017-03-23,2017-03-28
b4232a105e59,2017-03-16,2017-03-16,2017-03-28
6883389e7bb5,2017-02-18,2017-03-15,2017-03-20
1499c9b2a2aa,2017-03-28,2017-03-28,2017-03-28
6ab4407cbcf0,2017-03-09,2017-03-15,2017-03-28
0ee3ddb74b6a,2017-03-20,2017-03-20,2017-03-28
a57f96c44f5a,2017-03-15,2017-03-15,2017-03-28
7e59f682c3ef,2017-02-26,2017-03-15,2017-03-28
4276df854ccf,2017-03-27,2017-03-27,2017-03-28
5bacd30d7bdb,2017-03-18,2017-03-18,2017-03-28
084c1a48239a,2017-03-01,2017-03-15,2017-03-28
5b89c3422492,2017-03-05,2017-03-15,2017-03-28
c8a99da89b3c,2017-02-19,2017-03-15,2017-03-21
04db5e4fe739,2017-03-12,2017-03-15,2017-03-28
41ad7d3179be,2017-03-22,2017-03-22,2017-03-28
e844ca558fe2,2017-03-12,2017-03-15,2017-03-16
6f6250620704,2017-03-07,2017-03-15,2017-03-28
a41b94cb2930,2017-03-10,2017-03-15,2017-03-28
5a8a296d8f74,2017-02-16,2017-03-15,2017-03-18
7bb26d87685e,2017-02-17,2017-03-15,2017-03-19
7c3fe714a989,2017-03-16,2017-03-16,2017-03-28
bc36af5111d1,2017-03-05,2017-03-15,2017-03-28
d2d0876b03da,2017-03-17,2017-03-17,2017-03-28
5f4155c4b972,2017-02-22,2017-03-15,2017-03-24
d1e7472fa30b,2017-03-13,2017-03-15,2017-03-28
b8055850ff17,2017-02-24,2017-03-15,2017-03-26
75744d576a12,2017-03-08,2017-03-15,2017-03-28
c850b97093d1,2017-03-01,2017-03-15,2017-03-18
411b939b483b,2017-02-28,2017-03-15,2017-03-28
8831f86e00a3,2017-03-10,2017-03-15,2017-03-28
c747ebe32e77,2017-03-15,2017-03-15,2017-03-28
20217b9408d0,2017-02-28,2017-03-15,2017-03-28
9ee10049daa9,2017-02-26,2017-03-15,2017-03-27
16b3005954bc,2017-02-20,2017-03-15,2017-03-22
b3925646726d,2017-02-16,2017-03-15,2017-03-18
4907cefbcfa1,2017-03-04,2017-03-15,2017-03-27
8307706938bb,2017-03-11,2017-03-15,2017-03-28
1622a3fdb06b,2017-02-21,2017-03-15,2017-03-23
4b7ceeaf0093,2017-03-06,2017-03-15,2017-03-28
fc5d1c42752c,2017-03-20,2017-03-20,2017-03-28
197f08e90ce0,2017-03-19,2017-03-19,2017-03-20
93a4ef737299,2017-03-13,2017-03-15,2017-03-24
63f08334a6f4,2017-02-28,2017-03-15,2017-03-28
139e95f57fce,2017-03-09,2017-03-15,2017-03-28
6eedac7835a0,2017-03-13,2017-03-15,2017-03-28
ddae30d58940,2017-03-14,2017-03-15,2017-03-28
4d91adedebf2,2017-03-28,2017-03-28,2017-03-28
88a2766e3cf2,2017-02-26,2017-03-15,2017-03-28
b0483d524a26,2017-03-19,2017-03-19,2017-03-28
5253f07853bb,2017-02-26,2017-03-15,2017-03-27
794110fde71a,2017-03-27,2017-03-27,2017-03-28
03ac08c74d53,2017-03-02,2017-03-15,2017-03-28
985c3f93c70b,2017-03-03,2017-03-15,2017-03-28
d9877fe7fccb,2017-03-13,2017-03-15,2017-03-28
5de5ce7635f6,2017-03-05,2017-03-15,2017-03-28
c332e18573dc,2017-03-22,2017-03-22,2017-03-28
f0b42fe1c045,2017-03-02,2017-03-15,2017-03-28
c1c70146ad8a,2017-02-06,2017-03-15,2017-03-17
0a01aeb916e9,2017-03-14,2017-03-15,2017-03-28
acee768d2177,2017-03-10,2017-03-15,2017-03-28
7671ffdbf451,2017-03-19,2017-03-19,2017-03-28
fd598444b569,2017-02-16,2017-03-15,2017-03-18
8622b102e538,2017-03-05,2017-03-15,2017-03-28
dada19932a30,2017-03-14,2017-03-15,2017-03-28
a64eeb3ba053,2017-02-17,2017-03-15,2017-03-19
49808ed527d5,2017-03-23,2017-03-23,2017-03-26
73b23815cda9,2017-03-22,2017-03-22,2017-03-28
16de9b1752c7,2017-02-17,2017-03-15,2017-03-19
3c632bfe130c,2017-02-18,2017-03-15,2017-03-20
c02c2dae3032,2017-03-09,2017-03-15,2017-03-28
a2c65a50f66f,2017-03-06,2017-03-15,2017-03-28
1282b44da162,2017-03-13,2017-03-15,2017-03-28
121348e664f1,2017-03-06,2017-03-15,2017-03-28
6450c797085f,2017-03-18,2017-03-18,2017-03-28
0865e464437a,2017-03-03,2017-03-15,2017-03-28
68111d61e716,2017-03-03,2017-03-15,2017-03-28
eacd1c6409c2,2017-02-28,2017-03-15,2017-03-28
df31e055e10e,2017-02-15,2017-03-15,2017-03-17
05d59a7ba934,2017-02-14,2017-03-15,2017-03-16
a70a637f41d6,2017-02-28,2017-03-15,2017-03-28
59d2f90b5a93,2017-03-13,2017-03-15,2017-03-28
f50d8dd70511,2017-02-28,2017-03-15,2017-03-28
c82089726370,2017-02-25,2017-03-15,2017-03-26
09863befc370,2017-03-16,2017-03-16,2017-03-28
884e9ab2a97c,2017-03-27,2017-03-27,2017-03-28
06ddf1635b3a,2017-03-13,2017-03-15,2017-03-28
91ac3845559f,2017-03-13,2017-03-15,2017-03-28
8a10183dfd09,2017-03-24,2017-03-24,2017-03-28
d9bccebd82fd,2017-02-20,2017-03-15,2017-03-22
db2aebba4046,2017-03-28,2017-03-28,2017-03-28
b0fe1c67e478,2017-02-26,2017-03-15,2017-03-27
8b8725b0b33e,2017-02-22,2017-03-15,2017-03-24
8f4dbe35d43c,2017-03-09,2017-03-15,2017-03-28
da3a5847db96,2017-03-25,2017-03-25,2017-03-28
48015d6e896c,2017-03-04,2017-03-15,2017-03-28
8ecc40deb1cd,2017-02-16,2017-03-15,2017-03-18
308503d51466,2017-03-03,2017-03-15,2017-03-16
97982b8c479c,2017-03-18,2017-03-18,2017-03-28
6ff057af4626,2017-03-11,2017-03-15,2017-03-28
1d4766b18ea4,2017-03-12,2017-03-15,2017-03-28
87ee676a9c6d,2017-02-26,2017-03-15,2017-03-28
e2e7cb78166a,2017-03-05,2017-03-15,2017-03-28
deaf5b711cc8,2017-03-11,2017-03-15,2017-03-28
0d4b9f868e9a,2017-02-14,2017-03-15,2017-03-15
9f9951776b87,2017-02-20,2017-03-15,2017-03-21
54cafbbb1704,2017-03-21,2017-03-21,2017-03-28
9cab6ab18d1a,2017-03-18,2017-03-18,2017-03-28
e9edbb60e314,2017-02-25,2017-03-15,2017-03-26
7dee2a6ad317,2017-03-16,2017-03-16,2017-03-28
e2d2e004c7fa,2017-03-16,2017-03-16,2017-03-28
68bf6cf9ffae,2017-03-09,2017-03-15,2017-03-28
168fe8985577,2017-02-13,2017-03-15,2017-03-15
0982c2f60800,2017-03-09,2017-03-15,2017-03-28
2583a8aa526f,2017-03-20,2017-03-20,2017-03-28
2ed1717867c6,2017-03-03,2017-03-15,2017-03-28
79ec351a125e,2017-02-15,2017-03-15,2017-03-17
1ff5e43e8a4a,2017-03-08,2017-03-15,2017-03-28
abe0c5f5ace9,2017-03-26,2017-03-26,2017-03-28
4feba43517e5,2017-03-17,2017-03-17,2017-03-28
71aba0895057,2017-03-09,2017-03-15,2017-03-28
7c007bdec134,2017-03-23,2017-03-23,2017-03-28
96e4bd9ad7bd,2017-03-05,2017-03-15,2017-03-23
3a4247a17894,2017-03-06,2017-03-15,2017-03-28
b5a1b6fbd25a,2017-03-24,2017-03-24,2017-03-28
c0f82c34377e,2017-03-06,2017-03-15,2017-03-28
799316369e4f,2017-03-10,2017-03-15,2017-03-28
f37cfd38f742,2017-03-13,2017-03-15,2017-03-28
cc6aa6b32a63,2017-03-23,2017-03-23,2017-03-28
ba1e53b0d29f,2017-02-22,2017-03-15,2017-03-24
530ba2116f04,2017-02-19,2017-03-15,2017-03-21
a4925206e926,2017-02-26,2017-03-15,2017-03-27
f25f455fc999,2017-02-15,2017-03-15,2017-03-17
4d6c21664f42,2017-03-27,2017-03-27,2017-03-28
c99db5de8918,2017-02-20,2017-03-15,2017-03-22
af794fed7627,2017-03-06,2017-03-15,2017-03-28
fffc3951ae2f,2017-02-26,2017-03-15,2017-03-28
92aa5dadfe97,2017-03-04,2017-03-15,2017-03-28
e5ed73178d81,2017-03-02,2017-03-15,2017-03-28
62c6a42bdf71,2017-03-13,2017-03-15,2017-03-28
7b54a30994cc,2017-02-20,2017-03-15,2017-03-21
e9a62665c956,2017-03-01,2017-03-15,2017-03-28
8cfdf6ef4ff1,2017-02-28,2017-03-15,2017-03-28
858e2542a412,2017-03-13,2017-03-15,2017-03-28
46cc69ed1378,2017-02-20,2017-03-15,2017-03-22
68e511e77f8b,2017-03-01,2017-03-15,2017-03-28
c05a86683eeb,2017-02-13,2017-03-15,2017-03-15
2ff2863b405e,2017-03-21,2017-03-21,2017-03-28
66ab9e3d927e,2017-03-06,2017-03-15,2017-03-23
4a428ccb8f00,2017-02-17,2017-03-15,2017-03-19
1f4d704b8698,2017-03-27,2017-03-27,2017-03-28
452515919dfe,2017-03-23,2017-03-23,2017-03-28
664a732eb12b,2017-03-22,2017-03-22,2017-03-28
7a5a5ee2dbf3,2017-03-19,2017-03-19,2017-03-28
f606717f2921,2017-03-19,2017-03-19,2017-03-28
f367d5cd97d3,2017-02-17,2017-03-15,2017-03-19
30e8bad9856b,2017-03-23,2017-03-23,2017-03-28
c829765fcf5a,2017-02-21,2017-03-15,2017-03-24
164e92a699d3,2017-03-15,2017-03-15,2017-03-28
c64b7730efa7,2017-02-21,2017-03-15,2017-03-23
c959510168e3,2017-02-26,2017-03-15,2017-03-28
dcde02ef8b28,2017-02-24,2017-03-15,2017-03-25
698db041d88b,2017-03-16,2017-03-16,2017-03-28
450f825d006a,2017-03-07,2017-03-15,2017-03-28
50dfc93d087e,2017-03-15,2017-03-15,2017-03-28
56fab936df24,2017-03-27,2017-03-27,2017-03-28
9b926b22a285,2017-02-27,2017-03-15,2017-03-28
baad1330a132,2017-03-01,2017-03-15,2017-03-28
92b4f9693cd6,2017-02-17,2017-03-15,2017-03-18
68133b922a00,2017-02-23,2017-03-15,2017-03-25
b3d7706b8a48,2017-03-24,2017-03-24,2017-03-28
e55a1421347e,2017-02-27,2017-03-15,2017-03-28
47914b2c52a9,2017-02-16,2017-03-15,2017-03-18
6750d0de709e,2017-03-10,2017-03-15,2017-03-28
17db3e42b48c,2017-03-14,2017-03-15,2017-03-28
c21e5cb22083,2017-03-03,2017-03-15,2017-03-28
0a6d7d17e19e,2017-02-21,2017-03-15,2017-03-22
5b133552be96,2017-03-12,2017-03-15,2017-03-28
9e865b392f79,2017-02-13,2017-03-15,2017-03-15
81b022dd7d1f,2017-03-23,2017-03-23,2017-03-28
a8a37be4fd2d,2017-03-13,2017-03-15,2017-03-28
8b219dce3a34,2017-02-28,2017-03-15,2017-03-28
9bb86a7467e6,2017-03-24,2017-03-24,2017-03-28
1ceb5a48c058,2017-03-15,2017-03-15,2017-03-28
959702655de3,2017-03-01,2017-03-15,2017-03-28
c366fd9e37ef,2017-03-20,2017-03-20,2017-03-28
21326a013718,2017-02-13,2017-03-15,2017-03-15
6afb9e92f709,2017-03-26,2017-03-26,2017-03-28
a4cd75971587,2017-03-12,2017-03-15,2017-03-28
116b24de9389,2017-02-28,2017-03-15,2017-03-28
2dbdbc95e29f,2017-03-10,2017-03-15,2017-03-28
5e3a8ad6db4a,2017-02-19,2017-03-15,2017-03-21
b2f8dfa72b27,2017-03-08,2017-03-15,2017-03-28
730d927e19a7,2017-02-15,2017-03-15,2017-03-17
931a7790c9b6,2017-02-15,2017-03-15,2017-03-17
93aef25a9edc,2017-03-22,2017-03-22,2017-03-28
a3868a7c9515,2017-02-14,2017-03-15,2017-03-16
cef8593c7f42,2017-02-21,2017-03-15,2017-03-23
553fb7f72641,2017-03-04,2017-03-15,2017-03-21
5d19b1476728,2017-02-20,2017-03-15,2017-03-22
dc176adf61d5,2017-03-21,2017-03-21,2017-03-28
1b633cad3918,2017-03-21,2017-03-21,2017-03-28
46800b218331,2017-03-17,2017-03-17,2017-03-28
db95b61aa9d5,2017-03-26,2017-03-26,2017-03-28
1482c9944b51,2017-03-19,2017-03-19,2017-03-28
8e90d125f28f,2017-02-15,2017-03-15,2017-03-17
7010da108df8,2017-02-26,2017-03-15,2017-03-28
1e188ba848fb,2017-03-04,2017-03-15,2017-03-17
b37269f3baf6,2017-02-18,2017-03-15,2017-03-20
0a9e87a3b329,2017-03-10,2017-03-15,2017-03-28
3f7c6643e57f,2017-03-03,2017-03-15,2017-03-28
e5319caf51db,2017-03-03,2017-03-15,2017-03-28
79e6f0dc89a6,2017-02-24,2017-03-15,2017-03-25
cb649507edbc,2017-02-28,2017-03-15,2017-03-28
f6027f6e1733,2017-03-23,2017-03-23,2017-03-28
ac59089970d2,2017-03-09,2017-03-15,2017-03-28
44cf44780bdd,2017-03-15,2017-03-15,2017-03-28
268064e0631f,2017-03-03,2017-03-15,2017-03-28
207eed0afca0,2017-03-13,2017-03-15,2017-03-28
46732b73e053,2017-03-10,2017-03-15,2017-03-28
15f8d1ffa87c,2017-02-13,2017-03-15,2017-03-15
e547b12dc72d,2017-02-27,2017-03-15,2017-03-28
4cb6421b1197,2017-03-03,2017-03-15,2017-03-28
4cafe4fb94b5,2017-03-21,2017-03-21,2017-03-28
4504a7022afd,2017-03-21,2017-03-21,2017-03-28
3a851d95f533,2017-03-19,2017-03-19,2017-03-28
6b6078e7af18,2017-02-16,2017-03-15,2017-03-18
dfd68ec39d9d,2017-03-10,2017-03-15,2017-03-28
eae5dd59d621,2017-02-14,2017-03-15,2017-03-16
571c7850be0e,2017-03-27,2017-03-27,2017-03-28
562ec8ddefdb,2017-03-18,2017-03-18,2017-03-28
a371ae90c6a6,2017-03-16,2017-03-16,2017-03-28
d737f9829191,2017-02-15,2017-03-15,2017-03-17
0eb885cafcc5,2017-03-10,2017-03-15,2017-03-28
c4d1db4deafe,2017-03-22,2017-03-22,2017-03-28
319becf80d81,2017-03-23,2017-03-23,2017-03-28
b77d07899e1e,2017-03-01,2017-03-15,2017-03-28
cacf61e9a851,2017-03-10,2017-03-15,2017-03-28
d25c866a8d42,2017-02-17,2017-03-15,2017-03-19
f997b07ff6f4,2017-03-01,2017-03-15,2017-03-28
4d538c187d58,2017-02-26,2017-03-15,2017-03-28
d85974b8ebc9,2017-03-09,2017-03-15,2017-03-28
d8d90f3f93a2,2017-03-13,2017-03-15,2017-03-28
e175da6a1fee,2017-03-14,2017-03-15,2017-03-28
ee2ad08ed667,2017-03-23,2017-03-23,2017-03-28
df6523b4e6e6,2017-03-22,2017-03-22,2017-03-28
a366893b0ce1,2017-02-14,2017-03-15,2017-03-16
06ab085ce24b,2017-03-03,2017-03-15,2017-03-28
0ca17186de37,2017-03-18,2017-03-18,2017-03-26
074930615cb9,2017-02-27,2017-03-15,2017-03-28
032f1ad34cd4,2017-02-27,2017-03-15,2017-03-28
37aa5274a9b7,2017-03-20,2017-03-20,2017-03-28
6eb5606c298b,2017-02-13,2017-03-15,2017-03-15
61bcaf3381e3,2017-02-23,2017-03-15,2017-03-25
18647171abf4,2017-02-17,2017-03-15,2017-03-19
6f5f9cc08418,2017-03-20,2017-03-20,2017-03-28
fe0d7a0dbb0d,2017-02-22,2017-03-15,2017-03-23
a8c19c83e72b,2017-03-20,2017-03-20,2017-03-28
cf847491fc88,2017-03-02,2017-03-15,2017-03-28
a2938cb219bd,2017-03-14,2017-03-15,2017-03-28
69c5bcde26ab,2017-03-09,2017-03-15,2017-03-28
591dceb5c332,2017-02-26,2017-03-15,2017-03-28
aa04ba6971ce,2017-02-15,2017-03-15,2017-03-17
dd6fcdde19b6,2017-02-19,2017-03-15,2017-03-21
d01042bf3bc6,2017-02-23,2017-03-15,2017-03-25
e68270c53d61,2017-03-07,2017-03-15,2017-03-28
820939a272b9,2017-02-17,2017-03-15,2017-03-18
e87bf8c8cd68,2017-02-17,2017-03-15,2017-03-19
9fcaa3de80c6,2017-03-12,2017-03-15,2017-03-28
25ce7feef681,2017-03-20,2017-03-20,2017-03-28
d6e00d1633ff,2017-03-01,2017-03-15,2017-03-28
4a3f323bb575,2017-03-23,2017-03-23,2017-03-28
6e8219269529,2017-03-20,2017-03-20,2017-03-28
f8ff4dfe755c,2017-02-21,2017-03-15,2017-03-21
be77231dddf2,2017-02-23,2017-03-15,2017-03-25
148f23289ffd,2017-03-17,2017-03-17,2017-03-28
3894196283f7,2017-03-13,2017-03-15,2017-03-28
2061bd40045c,2017-02-25,2017-03-15,2017-03-27
b96e22fef899,2017-03-08,2017-03-15,2017-03-22
c9a81f959f1b,2017-03-21,2017-03-21,2017-03-28
46505a5c0a22,2017-03-08,2017-03-15,2017-03-28
bd193219003e,2017-03-08,2017-03-15,2017-03-28
a430755fcc7e,2017-03-07,2017-03-15,2017-03-28
04be60fff21b,2017-03-20,2017-03-20,2017-03-28
7f62228c58f1,2017-02-18,2017-03-15,2017-03-20
5dbcf731f034,2017-02-19,2017-03-15,2017-03-21
922206e126fb,2017-03-22,2017-03-22,2017-03-28
9de73ed36f12,2017-03-05,2017-03-15,2017-03-28
7496ac3d1b8e,2017-02-26,2017-03-15,2017-03-28
0fc51c07bacc,2017-03-20,2017-03-20,2017-03-28
d6202b390da7,2017-02-23,2017-03-15,2017-03-25
9754aafcfb4e,2017-03-10,2017-03-15,2017-03-28
913b1045f892,2017-03-20,2017-03-20,2017-03-28
9ef8591e0bd8,2017-03-15,2017-03-15,2017-03-28
0698551335fd,2017-03-20,2017-03-20,2017-03-28
6bd96cfb6ba6,2017-02-27,2017-03-15,2017-03-28
ae1871a298ed,2017-03-22,2017-03-22,2017-03-27
8145d17bd93a,2017-02-17,2017-03-15,2017-03-19
c8c3da36c39e,2017-03-26,2017-03-26,2017-03-28
31571471bf68,2017-03-28,2017-03-28,2017-03-28
17f720ad3d0b,2017-02-19,2017-03-15,2017-03-20
61b34766aff0,2017-02-25,2017-03-15,2017-03-26
f76adb6f5c53,2017-02-16,2017-03-15,2017-03-18
2807d5acb903,2017-02-25,2017-03-15,2017-03-27
073d075a546b,2017-03-03,2017-03-15,2017-03-27
352d7315b44a,2017-03-12,2017-03-15,2017-03-28
e2138d51b2ac,2017-03-01,2017-03-15,2017-03-28
0881d3669ce0,2017-03-13,2017-03-15,2017-03-28
1a4de49c6a68,2017-03-15,2017-03-15,2017-03-28
5fe981d27351,2017-02-23,2017-03-15,2017-03-25
ee5c49fb8e94,2017-03-19,2017-03-19,2017-03-27
808c30e0b629,2017-02-16,2017-03-15,2017-03-18
edd9b0f5972b,2017-02-15,2017-03-15,2017-03-17
d4b1efa318b4,2017-03-03,2017-03-15,2017-03-28
e910252faf7c,2017-03-21,2017-03-21,2017-03-28
26aee82d824b,2017-03-22,2017-03-22,2017-03-28
8fbc2b7a47df,2017-02-18,2017-03-15,2017-03-20
469abd200018,2017-03-23,2017-03-23,2017-03-28
9afbaa634008,2017-02-26,2017-03-15,2017-03-27
111a0988bd0f,2017-02-19,2017-03-15,2017-03-21
a2b160a569f5,2017-03-06,2017-03-15,2017-03-28
85aef18d6849,2017-03-16,2017-03-16,2017-03-28
010fb863c6a0,2017-03-05,2017-03-15,2017-03-28
983bcf21af6f,2017-03-18,2017-03-18,2017-03-28
c3a968e03e4b,2017-02-22,2017-03-15,2017-03-23
68a6d46d6845,2017-03-08,2017-03-15,2017-03-28
5f9d8163af31,2017-03-15,2017-03-15,2017-03-28
3a9c0cef5a2e,2017-02-15,2017-03-15,2017-03-17
6eb63aa2b5ba,2017-02-24,2017-03-15,2017-03-26
bed2bb477eec,2017-03-18,2017-03-18,2017-03-20
fda3603681d1,2017-02-15,2017-03-15,2017-03-17
d10897299f38,2017-03-15,2017-03-15,2017-03-28
5bdf8cf37cc2,2017-02-25,2017-03-15,2017-03-19
241f2d0b713e,2017-03-27,2017-03-27,2017-03-28
7d6fcd4d9f1c,2017-02-24,2017-03-15,2017-03-26
039c0c48e054,2017-03-20,2017-03-20,2017-03-27
afc7580b7d5d,2017-03-18,2017-03-18,2017-03-28
af112c67f800,2017-03-06,2017-03-15,2017-03-28
eafa907e76e0,2017-03-20,2017-03-20,2017-03-28
f42e37a4d11f,2017-03-17,2017-03-17,2017-03-28
cec0aae9fdc4,2017-03-24,2017-03-24,2017-03-28
a07c7bedc04b,2017-03-24,2017-03-24,2017-03-28
192aa84b8a90,2017-03-18,2017-03-18,2017-03-28
d2629f8a6a53,2017-03-21,2017-03-21,2017-03-28
a7617dfb7e08,2017-02-22,2017-03-15,2017-03-23
31db0b522c9c,2017-03-20,2017-03-20,2017-03-28
a36548f06992,2017-03-20,2017-03-20,2017-03-28
483d80fe727b,2017-03-19,2017-03-19,2017-03-28
1c2ecece37f2,2017-03-19,2017-03-19,2017-03-28
53cec58a8808,2017-02-28,2017-03-15,2017-03-28
7cfcb2b7a6ac,2017-02-22,2017-03-15,2017-03-24
764abedbfc34,2017-03-09,2017-03-15,2017-03-28
cab2c5063009,2017-02-28,2017-03-15,2017-03-28
0fd47e835bbf,2017-03-17,2017-03-17,2017-03-28
71923a873144,2017-02-14,2017-03-15,2017-03-16
5ba62733a331,2017-03-12,2017-03-15,2017-03-28
4fcfb1b4d681,2017-03-18,2017-03-18,2017-03-28
437fb17d726c,2017-02-14,2017-03-15,2017-03-15
d499c43dfbb6,2017-02-17,2017-03-15,2017-03-17
91d684daabef,2017-02-21,2017-03-15,2017-03-23
2bbe09af6db4,2017-02-18,2017-03-15,2017-03-21
820015608ac4,2017-02-21,2017-03-15,2017-03-22
6b9f8ac78051,2017-02-14,2017-03-15,2017-03-15
ca46a516db57,2017-03-15,2017-03-15,2017-03-28
400b79e522db,2017-02-15,2017-03-15,2017-03-16
87045624b1ad,2017-03-19,2017-03-19,2017-03-28
3bea2576628c,2017-03-09,2017-03-15,2017-03-28
4089e3eac0b0,2017-03-13,2017-03-15,2017-03-28
850e1f8df77d,2017-02-15,2017-03-15,2017-03-17
aff74999ed4a,2017-02-27,2017-03-15,2017-03-28
15ac79e76c3e,2017-02-22,2017-03-15,2017-03-24
c83c8e28002c,2017-02-24,2017-03-15,2017-03-26
16bef72f9ebe,2017-02-16,2017-03-15,2017-03-18
f4d24f583701,2017-02-26,2017-03-15,2017-03-28
f1ff15fa6747,2017-03-10,2017-03-15,2017-03-28
a9d4ca44879c,2017-02-14,2017-03-15,2017-03-16
2a12c5ca5bc8,2017-02-14,2017-03-15,2017-03-16
483406cf95bd,2017-02-16,2017-03-15,2017-03-18
1703c79fe68c,2017-02-20,2017-03-15,2017-03-22
8a918a02e0be,2017-03-11,2017-03-15,2017-03-28
0efda1b16a75,2017-02-18,2017-03-15,2017-03-20
88dfd83ce9e3,2017-02-14,2017-03-15,2017-03-16
67c7a003a7b6,2017-03-14,2017-03-15,2017-03-28
d63863d8d9c4,2017-03-18,2017-03-18,2017-03-28
59075947d897,2017-03-22,2017-03-22,2017-03-28
e2936219e6b3,2017-02-17,2017-03-15,2017-03-19
46d5247b0a9e,2017-03-21,2017-03-21,2017-03-28
caa021320ff8,2017-02-17,2017-03-15,2017-03-18
67dc8339892f,2017-03-18,2017-03-18,2017-03-19
18ebc394e635,2017-02-26,2017-03-15,2017-03-28
36c0348eabbc,2017-02-28,2017-03-15,2017-03-28
f93eebbe2678,2017-03-14,2017-03-15,2017-03-28
38492342bb1b,2017-03-07,2017-03-15,2017-03-21
be9e1d74fcb0,2017-03-22,2017-03-22,2017-03-28
2e8800d483fc,2017-03-11,2017-03-15,2017-03-28
7bbe591cf875,2017-03-06,2017-03-15,2017-03-28
8befee4c809f,2017-03-02,2017-03-15,2017-03-24
7507b161b04a,2017-03-24,2017-03-24,2017-03-28
dfb0bbb8b8dc,2017-02-24,2017-03-15,2017-03-25
50c9b1a6ae7b,2017-03-23,2017-03-23,2017-03-28
a335f08ed3a9,2017-03-20,2017-03-20,2017-03-28
9b6c36d08fab,2017-03-24,2017-03-24,2017-03-28
5e498d781ba4,2017-03-28,2017-03-28,2017-03-28
791b8d612dc6,2017-03-23,2017-03-23,2017-03-28
b3ce1d98ae0b,2017-02-24,2017-03-15,2017-03-26
55a2ea4f95f7,2017-03-22,2017-03-22,2017-03-28
830198c4bdbb,2017-02-14,2017-03-15,2017-03-15
49b7d01c2cd5,2017-03-25,2017-03-25,2017-03-28
aa73645d0fb3,2017-03-18,2017-03-18,2017-03-28
e2268432f367,2017-02-26,2017-03-15,2017-03-28
203741350dd1,2017-02-17,2017-03-15,2017-03-18
9046b0e52246,2017-03-28,2017-03-28,2017-03-28
98c4a437c1a7,2017-03-04,2017-03-15,2017-03-28
0c0c1265895e,2017-03-18,2017-03-18,2017-03-28
d0dddaa421a7,2017-03-25,2017-03-25,2017-03-28
7a39c5e8bf70,2017-03-01,2017-03-15,2017-03-28
41cc89c6ba98,2017-02-14,2017-03-15,2017-03-16
7989b7ea3076,2017-03-27,2017-03-27,2017-03-28
479e8fd3bc2c,2017-02-17,2017-03-15,2017-03-18
d80bb6a394fc,2017-03-08,2017-03-15,2017-03-28
8333c3629e82,2017-03-06,2017-03-15,2017-03-28
0f2dff4e831d,2017-03-26,2017-03-26,2017-03-28
60ffe742a25f,2017-03-06,2017-03-15,2017-03-28
148957702d89,2017-03-07,2017-03-15,2017-03-28
117350a85d69,2017-03-09,2017-03-15,2017-03-28
6ff1971d8c4d,2017-03-04,2017-03-15,2017-03-28
52fcee745ab2,2017-03-22,2017-03-22,2017-03-28
b7a2243d8c29,2017-03-06,2017-03-15,2017-03-17
c52476cc986a,2017-02-17,2017-03-15,2017-03-19
7d5cefe5da90,2017-03-13,2017-03-15,2017-03-28
fef1d56d7151,2017-03-18,2017-03-18,2017-03-28
15dbd8b65f38,2017-02-22,2017-03-15,2017-03-24
411ade018980,2017-02-16,2017-03-15,2017-03-17
6dfd5d320a6d,2017-03-08,2017-03-26,2017-03-28
3a53b877ecf7,2017-03-20,2017-03-20,2017-03-28
56d258d0f877,2017-02-22,2017-03-15,2017-03-24
b01a02faa2fd,2017-02-25,2017-03-15,2017-03-26
b57f524fde97,2017-02-28,2017-03-15,2017-03-28
fa5a41ab5b40,2017-03-25,2017-03-25,2017-03-28
437cde01862c,2017-03-22,2017-03-22,2017-03-28
6e2082d67076,2017-02-18,2017-03-15,2017-03-20
c3c4c37cd030,2017-03-04,2017-03-15,2017-03-28
3257faa0996d,2017-03-04,2017-03-15,2017-03-28
4cdd59f506b0,2017-02-27,2017-03-15,2017-03-28
e8ac2f19a216,2017-03-22,2017-03-22,2017-03-28
9bae12c1168a,2017-03-15,2017-03-15,2017-03-28
3a38861f047c,2017-03-26,2017-03-26,2017-03-28
8f0f40464e21,2017-03-05,2017-03-15,2017-03-28
d8a99c135591,2017-02-28,2017-03-15,2017-03-20
657b991d02b5,2017-02-14,2017-03-15,2017-03-16
dd890293b612,2017-03-25,2017-03-25,2017-03-28
ad2706cb9559,2017-03-10,2017-03-15,2017-03-17
a8e7fc43362f,2017-03-16,2017-03-16,2017-03-28
0ca56b0cc1d3,2017-02-27,2017-03-15,2017-03-28
6b633d1ea1d6,2017-02-27,2017-03-15,2017-03-28
35a80cc7a06e,2017-03-09,2017-03-15,2017-03-28
0a1900d401d7,2017-03-24,2017-03-24,2017-03-28
8da5d6d7e183,2017-02-18,2017-03-15,2017-03-20
01d693521435,2017-02-16,2017-03-15,2017-03-18
b90ed28b544b,2017-03-23,2017-03-23,2017-03-28
5e0712118243,2017-03-16,2017-03-16,2017-03-28
3bc1e3fed23b,2017-03-17,2017-03-17,2017-03-28
ea046524e94b,2017-03-10,2017-03-15,2017-03-26
3b1f12a9ed98,2017-03-04,2017-03-15,2017-03-28
0661f1a1f063,2017-02-22,2017-03-15,2017-03-23
04881a37bbd8,2017-03-21,2017-03-21,2017-03-28
cf2b990e8d96,2017-03-11,2017-03-15,2017-03-28
b25e3b769dbd,2017-02-22,2017-03-15,2017-03-24
b4a5ceb02398,2017-02-13,2017-03-15,2017-03-15
3dbc722178fa,2017-02-22,2017-03-15,2017-03-23
647df71a8818,2017-02-26,2017-03-15,2017-03-27
4ab7633dbfee,2017-03-20,2017-03-20,2017-03-28
75cfe9d5c71d,2017-02-16,2017-03-15,2017-03-18
6016afd29f31,2017-03-13,2017-03-15,2017-03-28
da509f6e62a0,2017-03-04,2017-03-15,2017-03-28
a9faa5973aad,2017-03-18,2017-03-18,2017-03-28
d48a6f6a0d14,2017-03-12,2017-03-15,2017-03-20
f2aafd689d55,2017-03-09,2017-03-15,2017-03-28
7f943d14728c,2017-03-25,2017-03-25,2017-03-28
e45f9c6459bc,2017-03-08,2017-03-15,2017-03-25
968edb4c986c,2017-03-12,2017-03-15,2017-03-28
31c061ebc1ab,2017-03-12,2017-03-15,2017-03-28
413aef48d81b,2017-03-04,2017-03-15,2017-03-28
44ec651ca42f,2017-03-16,2017-03-16,2017-03-28
ea98b20c577b,2017-02-16,2017-03-15,2017-03-17
a60991e6af9e,2017-03-25,2017-03-25,2017-03-28
f68d5c9ba84c,2017-02-25,2017-03-15,2017-03-27
a017a336ea92,2017-03-10,2017-03-15,2017-03-28
de3dfbc8edd6,2017-02-16,2017-03-15,2017-03-18
1f0ec9b9b42f,2017-03-23,2017-03-23,2017-03-28
38635ba7401a,2017-03-18,2017-03-18,2017-03-28
7a99db65ce22,2017-03-26,2017-03-26,2017-03-28
0e615a994a95,2017-03-01,2017-03-15,2017-03-28
e14e30935dd0,2017-03-03,2017-03-15,2017-03-28
09ac006f5720,2017-02-19,2017-03-15,2017-03-20
cd8933c252b8,2017-02-19,2017-03-15,2017-03-21
0b547a74538b,2017-03-14,2017-03-15,2017-03-28
3d0fc802ef30,2017-03-01,2017-03-15,2017-03-28
db9200ff97c8,2017-03-06,2017-03-15,2017-03-28
d07cc5ec5411,2017-03-24,2017-03-24,2017-03-28
e9eab8670f64,2017-03-08,2017-03-15,2017-03-28
b6e03e58cb77,2017-02-16,2017-03-15,2017-03-17
9ffbd711183f,2017-02-18,2017-03-15,2017-03-20
7ad17e0db0fe,2017-03-12,2017-03-15,2017-03-28
96683bfac2f2,2017-02-25,2017-03-15,2017-03-26
f76d7858e84a,2017-03-15,2017-03-15,2017-03-28
4b1097431997,2017-02-28,2017-03-15,2017-03-15
99fe7ddd4481,2017-02-21,2017-03-15,2017-03-22
03e323e8a487,2017-03-10,2017-03-15,2017-03-28
506819d951bd,2017-03-14,2017-03-15,2017-03-28
fc64e2642a64,2017-03-18,2017-03-18,2017-03-28
efc82511eb0c,2017-03-11,2017-03-15,2017-03-28
3cb1adb2e645,2017-03-23,2017-03-23,2017-03-28
13ee6f268bec,2017-03-12,2017-03-15,2017-03-28
3dd54faaafa5,2017-03-19,2017-03-20,2017-03-28
edf6eb7c0f96,2017-03-17,2017-03-17,2017-03-28
477896766232,2017-02-17,2017-03-15,2017-03-19
8b6a786ec654,2017-03-11,2017-03-15,2017-03-28
380a7883bd16,2017-02-27,2017-03-15,2017-03-28
660b0c35cab6,2017-02-27,2017-03-15,2017-03-28
fa01d345a391,2017-03-20,2017-03-20,2017-03-28
feb986fff936,2017-03-21,2017-03-21,2017-03-28
c0b78e0a8360,2017-02-13,2017-03-15,2017-03-15
e8c61b4a5c74,2017-03-27,2017-03-27,2017-03-28
ca7f4541c8c4,2017-03-05,2017-03-15,2017-03-28
4468b35cfc79,2017-03-27,2017-03-27,2017-03-28
f5012992fad3,2017-02-25,2017-03-15,2017-03-27
8f229ded1d76,2017-03-13,2017-03-15,2017-03-28
2f3aedea78da,2017-03-09,2017-03-15,2017-03-28
1310bd3fa18b,2017-02-21,2017-03-15,2017-03-23
0cfeb19b365c,2017-03-03,2017-03-15,2017-03-28
9c2f59ddce5e,2017-02-19,2017-03-15,2017-03-21
52d3110cf29a,2017-02-26,2017-03-15,2017-03-27
58dddbda7849,2017-03-01,2017-03-15,2017-03-28
80bd6c0690d5,2017-03-20,2017-03-20,2017-03-28
26342a0233fb,2017-03-09,2017-03-15,2017-03-28
af2f7edfd4c0,2017-03-16,2017-03-16,2017-03-28
94d3086714d2,2017-03-07,2017-03-15,2017-03-28
735a82ceebcf,2017-03-23,2017-03-23,2017-03-28
429ec69aa8ba,2017-03-22,2017-03-22,2017-03-28
213a8e5817ef,2017-03-17,2017-03-17,2017-03-28
b286d8210d41,2017-03-16,2017-03-16,2017-03-28
b57b6f2b0b8f,2017-03-10,2017-03-15,2017-03-28
01ad695e0efb,2017-03-13,2017-03-15,2017-03-27
b68cc7895eae,2017-03-12,2017-03-15,2017-03-28
cf7ff6a9ebe0,2017-03-03,2017-03-15,2017-03-28
bc2dcd25c8da,2017-03-02,2017-03-15,2017-03-28
02b790f99b07,2017-03-20,2017-03-20,2017-03-28
7cb8155d452d,2017-03-09,2017-03-15,2017-03-28
2492a78c14b0,2017-03-15,2017-03-15,2017-03-28
1881e63588a7,2017-03-03,2017-03-15,2017-03-28
3f14d410abc4,2017-02-22,2017-03-15,2017-03-23
45fa23ff28dd,2017-03-05,2017-03-15,2017-03-28
7ca15212ca43,2017-03-12,2017-03-15,2017-03-28
7f1f35dda035,2017-02-23,2017-03-15,2017-03-24
c5f608de6616,2017-02-24,2017-03-15,2017-03-26
09a9ef8e7f95,2017-03-04,2017-03-15,2017-03-28
e8979179ff3f,2017-03-13,2017-03-15,2017-03-28
c39d59ee7485,2017-03-22,2017-03-22,2017-03-28
01d7c6f67eac,2017-02-18,2017-03-15,2017-03-20
cf71efee49b9,2017-02-18,2017-03-15,2017-03-20
7627e154864e,2017-03-13,2017-03-15,2017-03-19
4a5405e22e5e,2017-02-28,2017-03-15,2017-03-28
6b838548b0d1,2017-02-15,2017-03-15,2017-03-17
f5ce3013f08e,2017-02-13,2017-03-15,2017-03-15
4475a4a7f122,2017-03-03,2017-03-15,2017-03-23
cb7bc5e5282d,2017-03-08,2017-03-15,2017-03-28
864c0f08e7c0,2017-02-22,2017-03-15,2017-03-23
121d71636006,2017-03-27,2017-03-27,2017-03-28
bfa0d6c31e12,2017-02-26,2017-03-15,2017-03-28
3d9a395a22c1,2017-03-21,2017-03-21,2017-03-28
277ec626170c,2017-02-15,2017-03-15,2017-03-17
d1cd52590a43,2017-02-18,2017-03-15,2017-03-20
ac946e964173,2017-03-10,2017-03-15,2017-03-28
05670f59fc8e,2017-03-05,2017-03-15,2017-03-28
ea6fe838e001,2017-03-24,2017-03-24,2017-03-28
4ac079f9f8b8,2017-03-27,2017-03-27,2017-03-28
bccf1b358251,2017-02-25,2017-03-15,2017-03-27
c50fd01014cd,2017-02-25,2017-03-15,2017-03-26
77d240083e7a,2017-02-25,2017-03-15,2017-03-27
611e0fa8c00e,2017-03-28,2017-03-28,2017-03-28
6c1bb8395f41,2017-02-13,2017-03-15,2017-03-15
3e29d928c2ab,2017-03-22,2017-03-22,2017-03-28
b0a3333e44d7,2017-03-13,2017-03-15,2017-03-28
4ddd57fa2e3c,2017-02-22,2017-03-15,2017-03-23
d466da44ce1a,2017-03-22,2017-03-22,2017-03-28
44c939f89cc2,2017-02-22,2017-03-15,2017-03-24
beaa402667dd,2017-02-15,2017-03-15,2017-03-16
b9d222bc4358,2017-02-24,2017-03-15,2017-03-26
f8af08961d6c,2017-03-23,2017-03-23,2017-03-28
e85f6477faac,2017-03-11,2017-03-15,2017-03-28
a3e13c9f731f,2017-03-27,2017-03-27,2017-03-28
c5d38515ec60,2017-03-16,2017-03-16,2017-03-28
5efe93f28298,2017-03-16,2017-03-16,2017-03-28
5c6812ed97dc,2017-03-07,2017-03-15,2017-03-28
29e62f7d7752,2017-03-05,2017-03-15,2017-03-28
690eec2794e3,2017-02-25,2017-03-15,2017-03-27
5f385806cd0c,2017-03-19,2017-03-19,2017-03-28
fdff7cac8d22,2017-03-03,2017-03-15,2017-03-28
9d76f669b09a,2017-03-04,2017-03-15,2017-03-28
19455760125c,2017-02-24,2017-03-15,2017-03-19
2b0a752b3f52,2017-02-26,2017-03-15,2017-03-28
001353737bf6,2017-03-23,2017-03-23,2017-03-28
7cedbdf8f4fc,2017-03-10,2017-03-15,2017-03-28
dc8f3829c18d,2017-03-11,2017-03-15,2017-03-28
21a2ce87791e,2017-03-25,2017-03-25,2017-03-28
c3d19cb5ccff,2017-02-22,2017-03-15,2017-03-24
c0c1431fd685,2017-02-25,2017-03-15,2017-03-27
73850ee3eb81,2017-03-07,2017-03-15,2017-03-28
ec9355d37c19,2017-03-04,2017-03-15,2017-03-28
a06e3cc460d0,2017-03-21,2017-03-22,2017-03-28
4f51e53395ea,2017-03-22,2017-03-22,2017-03-25
21a25d608f93,2017-02-25,2017-03-15,2017-03-27
f1001dfea6d7,2017-03-15,2017-03-15,2017-03-28
82c507b780f0,2017-03-13,2017-03-15,2017-03-28
dc95a7cd7214,2017-02-28,2017-03-15,2017-03-28
2e2bc280c701,2017-02-19,2017-03-15,2017-03-21
150d0d88abb5,2017-03-27,2017-03-27,2017-03-28
1db5c9a81312,2017-02-15,2017-03-15,2017-03-17
e99ba292f4b0,2017-03-09,2017-03-15,2017-03-28
e3005c042616,2017-03-02,2017-03-15,2017-03-28
db85a2a14bd8,2017-03-25,2017-03-25,2017-03-28
2c79a63d4fe3,2017-03-04,2017-03-15,2017-03-28
b9a8f0f77596,2017-02-19,2017-03-15,2017-03-21
1eaa7941fc28,2017-02-19,2017-03-15,2017-03-21
9a88bb8413ed,2017-03-04,2017-03-15,2017-03-28
1a9c0eda4818,2017-03-17,2017-03-17,2017-03-28
fd46b6f114c2,2017-03-21,2017-03-22,2017-03-28
4467c15579da,2017-02-18,2017-03-15,2017-03-20
51c56197a056,2017-02-15,2017-03-15,2017-03-16
0531a0916571,2017-02-17,2017-03-15,2017-03-19
28870759f35d,2017-03-12,2017-03-15,2017-03-28
b2a6240a4740,2017-03-05,2017-03-15,2017-03-28
f035a5ba9bd5,2017-03-04,2017-03-15,2017-03-28
bfadcdc0eca1,2017-02-20,2017-03-15,2017-03-22
5251e0402426,2017-03-14,2017-03-15,2017-03-16
80737dfbb569,2017-03-21,2017-03-22,2017-03-28
69fce3f00d5c,2017-03-27,2017-03-27,2017-03-28
d811c9423b05,2017-03-22,2017-03-22,2017-03-28
b97cedde63b0,2017-03-01,2017-03-15,2017-03-28
5ea0ddb19a7b,2017-03-11,2017-03-15,2017-03-28
2000b8615b59,2017-02-26,2017-03-15,2017-03-28
7abba9633fb8,2017-03-02,2017-03-15,2017-03-28
9fdda057e509,2017-03-03,2017-03-15,2017-03-28
307daaeb0f1d,2017-02-23,2017-03-15,2017-03-19
576286c5d744,2017-03-04,2017-03-15,2017-03-28
84daa0168d23,2017-03-25,2017-03-25,2017-03-28
eb7bc6edb95b,2017-03-08,2017-03-15,2017-03-28
41ee122c5566,2017-03-22,2017-03-22,2017-03-28
a0229b2dbeee,2017-03-25,2017-03-25,2017-03-28
add5a801826f,2017-02-22,2017-03-15,2017-03-24
d9aaeb73cee3,2017-03-08,2017-03-15,2017-03-28
5362d71e4560,2017-02-24,2017-03-15,2017-03-26
2b9b6e69b58d,2017-02-25,2017-03-15,2017-03-26
14319ba07b92,2017-03-12,2017-03-15,2017-03-28
57d0db3f62d6,2017-03-02,2017-03-15,2017-03-28
cd6b0e64faa6,2017-03-20,2017-03-20,2017-03-28
c81fd5379f7d,2017-02-23,2017-03-15,2017-03-25
3144250d0771,2017-02-17,2017-03-15,2017-03-19
d229339cc50a,2017-02-25,2017-03-15,2017-03-26
8d0d90558902,2017-02-20,2017-03-15,2017-03-21
22e78292795f,2017-03-05,2017-03-15,2017-03-28
b5abfa7efa52,2017-03-12,2017-03-15,2017-03-28
700cc96fbabc,2017-02-18,2017-03-15,2017-03-19
467935af86a6,2017-02-28,2017-03-15,2017-03-28
dab4a51731b2,2017-03-04,2017-03-15,2017-03-28
e7c430afbad3,2017-03-25,2017-03-25,2017-03-28
ff6b5ab40fc2,2017-02-22,2017-03-15,2017-03-21
1d8dcc5087f1,2017-02-17,2017-03-15,2017-03-19
22a78e6d40eb,2017-03-15,2017-03-15,2017-03-28
a44f7d9a63dd,2017-03-20,2017-03-21,2017-03-28
d84a2d156c29,2017-03-10,2017-03-15,2017-03-28
99f7ef372717,2017-02-13,2017-03-15,2017-03-15
1a2d6a76063a,2017-02-15,2017-03-15,2017-03-16
7b77234a284e,2017-03-02,2017-03-15,2017-03-28
4c596afc3eb3,2017-03-03,2017-03-15,2017-03-28
118fce91dea1,2017-03-10,2017-03-15,2017-03-28
8c10a718278c,2017-02-14,2017-03-15,2017-03-16
beb91fee599a,2017-02-17,2017-03-15,2017-03-18
023b26db67de,2017-03-26,2017-03-26,2017-03-28
092fa2349590,2017-02-23,2017-03-15,2017-03-25
2ed93bf32162,2017-03-03,2017-03-15,2017-03-28
9dd611fa9261,2017-03-22,2017-03-22,2017-03-28
32990bfb43b7,2017-03-24,2017-03-24,2017-03-28
d8442310d619,2017-02-17,2017-03-15,2017-03-20
f9c20b57b95f,2017-03-25,2017-03-25,2017-03-28
48365f26b22d,2017-03-10,2017-03-15,2017-03-28
490aa8f977b6,2017-03-05,2017-03-15,2017-03-28
63ef2945a820,2017-03-27,2017-03-27,2017-03-28
7f85ea2b6d77,2017-03-28,2017-03-28,2017-03-28
1bbff2fd8b56,2017-03-01,2017-03-15,2017-03-28
1dbc2785048c,2017-03-03,2017-03-15,2017-03-28
0cd3a50e1396,2017-02-15,2017-03-15,2017-03-17
d53f7cb258be,2017-03-21,2017-03-21,2017-03-28
fb35e727a748,2017-03-06,2017-03-15,2017-03-28
44f54434f8c4,2017-03-17,2017-03-17,2017-03-28
7db6c9bc56e9,2017-02-16,2017-03-15,2017-03-18
001c6adc7df4,2017-03-20,2017-03-20,2017-03-28
f81fb40be0a5,2017-02-20,2017-03-15,2017-03-21
b4ccbcb03957,2017-03-18,2017-03-18,2017-03-28
ed62b0fe905e,2017-03-06,2017-03-15,2017-03-28
a569b0b46231,2017-02-15,2017-03-15,2017-03-17
7f9b48a8a84c,2017-03-01,2017-03-15,2017-03-28
fa1b55db66fe,2017-02-17,2017-03-15,2017-03-19
d07eb0c33e66,2017-02-22,2017-03-15,2017-03-24
4ad90b148eb3,2017-03-18,2017-03-18,2017-03-28
877906489214,2017-02-26,2017-03-15,2017-03-28
11dd75749711,2017-02-27,2017-03-15,2017-03-17
2c6eea7e0730,2017-03-10,2017-03-15,2017-03-28
90b7f66f7531,2017-02-16,2017-03-15,2017-03-18
d58db3db2dcd,2017-03-28,2017-03-28,2017-03-28
20e4499070b1,2017-02-23,2017-03-15,2017-03-25
fda3c8f0e37d,2017-03-27,2017-03-27,2017-03-28
abe1f4c4d2b5,2017-02-23,2017-03-15,2017-03-16
eff491c67762,2017-03-21,2017-03-21,2017-03-28
52755cabbeab,2017-03-14,2017-03-15,2017-03-28
c7b54cd53690,2017-02-20,2017-03-15,2017-03-22
375631161948,2017-03-21,2017-03-21,2017-03-28
53d58391e43f,2017-03-13,2017-03-15,2017-03-28
a63bd739053a,2017-02-14,2017-03-15,2017-03-16
e7b0c002bcc5,2017-02-28,2017-03-15,2017-03-28
fdb0cc568736,2017-03-26,2017-03-26,2017-03-28
a0cbbd610242,2017-03-17,2017-03-17,2017-03-28
33c0c6d277b9,2017-02-16,2017-03-15,2017-03-17
676d56f8051f,2017-03-03,2017-03-15,2017-03-28
3f583c8ee2c3,2017-03-13,2017-03-15,2017-03-28
9943369626bf,2017-03-23,2017-03-23,2017-03-28
5a75bfd23eaa,2017-03-02,2017-03-15,2017-03-28
e19b62184d6f,2017-03-07,2017-03-15,2017-03-28
d5956fe25dd7,2017-03-24,2017-03-24,2017-03-28
832c09d84bb0,2017-02-28,2017-03-15,2017-03-28
170050ab8c8a,2017-02-20,2017-03-15,2017-03-21
7210eb6e7fd9,2017-03-04,2017-03-15,2017-03-28
735f0620047f,2017-02-27,2017-03-15,2017-03-28
3671771ee4fb,2017-03-13,2017-03-15,2017-03-22
a3ad183a589c,2017-02-19,2017-03-15,2017-03-20
bac8d1434731,2017-02-16,2017-03-15,2017-03-18
3e8f9b4bcd8c,2017-03-27,2017-03-27,2017-03-28
941b05e5636e,2017-03-14,2017-03-15,2017-03-16
26584325ca9b,2017-03-08,2017-03-15,2017-03-28
244f16592a60,2017-02-21,2017-03-15,2017-03-22
5877b4a7e591,2017-03-22,2017-03-22,2017-03-28
ce0a4296107d,2017-03-07,2017-03-15,2017-03-28
684ee8ddef97,2017-03-23,2017-03-23,2017-03-28
70759ee0c9fd,2017-02-27,2017-03-15,2017-03-22
c7f5c49d158d,2017-02-26,2017-03-15,2017-03-27
db2426eed1f2,2017-03-19,2017-03-19,2017-03-28
d0ec03ef7fe5,2017-02-21,2017-03-15,2017-03-23
922308e4961d,2017-03-22,2017-03-23,2017-03-28
412613a639f9,2017-02-27,2017-03-15,2017-03-28
c4206f1d30a1,2017-02-23,2017-03-15,2017-03-24
117b4327e2c9,2017-03-26,2017-03-26,2017-03-28
f42c915175cf,2017-03-03,2017-03-15,2017-03-28
b1622a302498,2017-03-13,2017-03-15,2017-03-28
0248c26151fe,2017-02-14,2017-03-15,2017-03-16
cfc6bea380c1,2017-03-10,2017-03-15,2017-03-21
d285f18b84a2,2017-02-27,2017-03-15,2017-03-28
e6376be46e07,2017-03-17,2017-03-17,2017-03-28
2b4ca30994f3,2017-03-15,2017-03-15,2017-03-28
1f89b70f1179,2017-03-17,2017-03-17,2017-03-28
291d05316b76,2017-03-09,2017-03-15,2017-03-25
796270d5d49a,2017-03-16,2017-03-16,2017-03-28
5352a16affbb,2017-03-06,2017-03-15,2017-03-28
be0601dd16db,2017-03-13,2017-03-15,2017-03-28
0b2498ba8338,2017-03-23,2017-03-23,2017-03-28
591cb0e07643,2017-02-14,2017-03-15,2017-03-16
14b0666e6677,2017-02-26,2017-03-15,2017-03-27
ebe3ee504c1f,2017-03-07,2017-03-15,2017-03-28
dbdb59ac826f,2017-03-01,2017-03-15,2017-03-28
72996b308214,2017-02-28,2017-03-15,2017-03-28
ac1470291629,2017-03-15,2017-03-15,2017-03-28
9213a0ecfaad,2017-03-21,2017-03-21,2017-03-28
2fcb087ce6d9,2017-03-23,2017-03-23,2017-03-28
447496c0ce6b,2017-03-11,2017-03-15,2017-03-28
61600485bfe6,2017-02-23,2017-03-15,2017-03-25
a868dc12df09,2017-02-15,2017-03-15,2017-03-17
063d7820861d,2017-03-05,2017-03-15,2017-03-28
a6c85abc7bc7,2017-03-07,2017-03-15,2017-03-28
051f9517b10b,2017-02-15,2017-03-15,2017-03-16
c0a77f5d85ef,2017-03-18,2017-03-18,2017-03-28
504e4a654707,2017-02-18,2017-03-15,2017-03-20
27e48ba68993,2017-02-26,2017-03-15,2017-03-28
a3b1ac352ff9,2017-03-13,2017-03-15,2017-03-28
8c3f6edd8c74,2017-03-02,2017-03-15,2017-03-28
4b6afc70ea8d,2017-03-14,2017-03-15,2017-03-28
0db66070de26,2017-03-23,2017-03-23,2017-03-28
eba53aeaca6e,2017-03-28,2017-03-28,2017-03-28
7bfa99c1237c,2017-03-15,2017-03-15,2017-03-28
771b174cc302,2017-02-20,2017-03-15,2017-03-22
fde170abec36,2017-03-02,2017-03-15,2017-03-28
209486ef4d2b,2017-02-27,2017-03-15,2017-03-28
0e09b41f60df,2017-03-13,2017-03-15,2017-03-28
acd264a377ac,2017-03-03,2017-03-15,2017-03-28
c698651ad7f5,2017-02-20,2017-03-15,2017-03-22
72dc7984466b,2017-03-07,2017-03-15,2017-03-28
a0cde7c1ffe9,2017-02-26,2017-03-15,2017-03-28
a6b748c1e601,2017-02-21,2017-03-15,2017-03-23
08492f36695e,2017-03-08,2017-03-15,2017-03-26
6c8c6682efce,2017-02-20,2017-03-15,2017-03-21
e875a84c912c,2017-02-26,2017-03-15,2017-03-27
3cf70a39bf00,2017-03-16,2017-03-16,2017-03-28
0f3ec8002f96,2017-03-09,2017-03-15,2017-03-25
1061b5158001,2017-03-18,2017-03-18,2017-03-28
4c1d6ef47cc1,2017-03-15,2017-03-15,2017-03-28
7ac8ade69ad3,2017-03-17,2017-03-17,2017-03-28
a2b96e0d209d,2017-03-21,2017-03-21,2017-03-28
300ee6898860,2017-03-26,2017-03-26,2017-03-28
e42873fadc6e,2017-02-18,2017-03-15,2017-03-19
310bdc28401d,2017-03-09,2017-03-15,2017-03-28
9ddd239e01f5,2017-02-15,2017-03-15,2017-03-17
99d8fa04b8e5,2017-02-22,2017-03-15,2017-03-23
e56c76e42f7b,2017-02-16,2017-03-15,2017-03-18
619053229406,2017-03-22,2017-03-22,2017-03-28
7ef55ac3aa74,2017-03-23,2017-03-23,2017-03-28
6555d445d647,2017-03-02,2017-03-15,2017-03-28
df764610aa1a,2017-02-23,2017-03-15,2017-03-24
9c830a542a3a,2017-02-20,2017-03-15,2017-03-21
7a25ad741c8c,2017-03-06,2017-03-15,2017-03-28
1c083c80554e,2017-02-17,2017-03-15,2017-03-19
061e2cedf707,2017-02-18,2017-03-15,2017-03-19
32a59f7af74b,2017-03-15,2017-03-15,2017-03-28
91ae34f59af1,2017-02-18,2017-03-18,2017-03-19
cafaee99e30c,2017-03-26,2017-03-26,2017-03-28
673aa91c362f,2017-03-13,2017-03-15,2017-03-28
18f0fea3d5e3,2017-03-26,2017-03-26,2017-03-28
b47420cdd5e9,2017-02-20,2017-03-15,2017-03-21
545ca8ed2262,2017-03-13,2017-03-15,2017-03-28
a922fdcc6e45,2017-03-25,2017-03-25,2017-03-28
cee6cd9e5cc4,2017-03-17,2017-03-17,2017-03-28
28b0285a99ac,2017-03-16,2017-03-17,2017-03-28
bcb1422266f0,2017-03-09,2017-03-15,2017-03-28
2f2a122349c4,2017-02-20,2017-03-15,2017-03-22
feb2f9eae890,2017-03-17,2017-03-17,2017-03-28
790da7576d60,2017-03-25,2017-03-25,2017-03-28
9c023edea026,2017-03-02,2017-03-15,2017-03-28
ffe5de6cedb1,2017-03-01,2017-03-15,2017-03-28
ace95b2faf2d,2017-03-24,2017-03-24,2017-03-28
a984363d72df,2017-02-24,2017-03-15,2017-03-26
ee429a1a4215,2017-02-15,2017-03-15,2017-03-17
b63966ae827d,2017-03-03,2017-03-15,2017-03-28
7c7ff23c8e02,2017-02-18,2017-03-15,2017-03-20
8e536c3e079f,2017-02-21,2017-03-15,2017-03-23
291a231a6685,2017-03-16,2017-03-16,2017-03-28
d0b51403698a,2017-03-13,2017-03-15,2017-03-28
a96c3f894253,2017-03-02,2017-03-15,2017-03-28
0a9bad66d9ea,2017-03-01,2017-03-15,2017-03-28
f6a3dfc30064,2017-02-14,2017-03-15,2017-03-16
8bcd2698a4da,2017-03-17,2017-03-17,2017-03-28
60c45599d5ab,2017-03-05,2017-03-15,2017-03-28
e05d4444a7c4,2017-02-17,2017-03-15,2017-03-19
abcb05f44abd,2017-03-01,2017-03-15,2017-03-28
29ad645a3791,2017-02-17,2017-03-15,2017-03-19
936b08fdac3e,2017-03-24,2017-03-24,2017-03-28
b897089ac990,2017-03-20,2017-03-20,2017-03-28
680326924cc3,2017-03-05,2017-03-15,2017-03-28
a875530b7253,2017-03-19,2017-03-19,2017-03-28
3ef49b9e0893,2017-03-25,2017-03-25,2017-03-28
4057215d7dc1,2017-02-21,2017-03-15,2017-03-23
e956417372e9,2017-02-14,2017-03-15,2017-03-16
c1e5aa843974,2017-02-18,2017-03-15,2017-03-20
7fef46977f6e,2017-03-24,2017-03-24,2017-03-28
1498d36f632f,2017-03-27,2017-03-27,2017-03-28
b6366b48b4c9,2017-03-10,2017-03-15,2017-03-28
e768debcc82e,2017-02-26,2017-03-15,2017-03-28
e1c28242858a,2017-03-26,2017-03-26,2017-03-28
4bad440187a1,2017-03-05,2017-03-15,2017-03-28
ca502b821960,2017-03-22,2017-03-22,2017-03-28
81a8969bf039,2017-02-15,2017-03-15,2017-03-17
d6271e0e6a64,2017-03-07,2017-03-15,2017-03-28
0fc2c1a44052,2017-02-27,2017-03-15,2017-03-28
c66da5a6abad,2017-02-27,2017-03-15,2017-03-28
fd73ec9891c4,2017-02-22,2017-03-15,2017-03-24
4f2cf4493183,2017-03-25,2017-03-25,2017-03-28
34e3b4688992,2017-02-17,2017-03-15,2017-03-19
372b2e329bee,2017-03-11,2017-03-15,2017-03-28
f84f1d5c68f9,2017-02-14,2017-03-15,2017-03-15
9238b886ab6c,2017-02-23,2017-03-15,2017-03-25
cfdf2d171084,2017-03-03,2017-03-15,2017-03-28
22702fb5c93f,2017-03-18,2017-03-18,2017-03-28
b0e9d74cd53e,2017-03-11,2017-03-15,2017-03-28
e4d258749fd8,2017-03-27,2017-03-27,2017-03-28
86013a679d95,2017-03-05,2017-03-15,2017-03-28
d5ae9332cebf,2017-02-25,2017-03-15,2017-03-27
1b941087e748,2017-03-24,2017-03-24,2017-03-28
071035ed8867,2017-02-14,2017-03-15,2017-03-16
6e4b2e15702f,2017-03-05,2017-03-15,2017-03-28
d8d5e1eb5394,2017-03-21,2017-03-21,2017-03-28
0b409a95c65c,2017-03-26,2017-03-26,2017-03-28
42d368a3d8bd,2017-02-14,2017-03-15,2017-03-16
44a2a55bf95e,2017-03-20,2017-03-20,2017-03-28
ba728b231a75,2017-03-03,2017-03-15,2017-03-28
466f761f70b9,2017-03-28,2017-03-28,2017-03-28
107b1c134119,2017-03-23,2017-03-23,2017-03-28
6beb3e006660,2017-02-15,2017-03-15,2017-03-17
67cdfeabba0a,2017-02-27,2017-03-15,2017-03-28
d6ba16f19ec8,2017-02-16,2017-03-15,2017-03-18
3e36249b4cfb,2017-03-06,2017-03-15,2017-03-28
3977d16e8bce,2017-03-24,2017-03-24,2017-03-28
184392f1526b,2017-03-15,2017-03-15,2017-03-28
01d904cf1719,2017-03-05,2017-03-15,2017-03-28
4e276fc04cd3,2017-03-23,2017-03-23,2017-03-28
aaa5f275d471,2017-02-26,2017-03-15,2017-03-27
187bf5a25282,2017-03-04,2017-03-15,2017-03-28
ef56ba93180b,2017-03-08,2017-03-15,2017-03-28
d1033bc530fd,2017-03-28,2017-03-28,2017-03-28
b15635c2cebe,2017-02-20,2017-03-15,2017-03-22
8474cdf42bb9,2017-03-02,2017-03-15,2017-03-28
d1b4c7b2b2d6,2017-02-28,2017-03-15,2017-03-28
513ba2753288,2017-02-22,2017-03-15,2017-03-24
56d263c5bb52,2017-03-02,2017-03-15,2017-03-28
c3fb107cbf90,2017-03-16,2017-03-16,2017-03-28
7037d678f991,2017-03-17,2017-03-17,2017-03-28
6c2270c26b73,2017-03-08,2017-03-15,2017-03-28
0c01aa8508c3,2017-02-24,2017-03-15,2017-03-25
cf3e1e4311b5,2017-03-12,2017-03-15,2017-03-28
3bd6462c5723,2017-03-02,2017-03-15,2017-03-28
867dae32b789,2017-02-13,2017-03-15,2017-03-15
b7c0a7b6f2f2,2017-03-23,2017-03-23,2017-03-28
5ef41a052555,2017-03-09,2017-03-15,2017-03-28
d0cac83f5aef,2017-03-22,2017-03-22,2017-03-28
2b190b2b6888,2017-03-17,2017-03-17,2017-03-28
c90ecb23782e,2017-02-21,2017-03-15,2017-03-23
57f1fec357e0,2017-02-27,2017-03-15,2017-03-28
59289e5b21a0,2017-02-25,2017-03-15,2017-03-27
9054d008071d,2017-03-24,2017-03-24,2017-03-28
8ae13fe349b5,2017-03-07,2017-03-15,2017-03-28
9414ff6d359b,2017-03-06,2017-03-15,2017-03-28
fee75eff0ef8,2017-03-05,2017-03-15,2017-03-28
9b86497c457a,2017-02-18,2017-03-15,2017-03-20
ff4802c0595c,2017-03-13,2017-03-15,2017-03-28
7dfd5cd298cc,2017-02-24,2017-03-15,2017-03-25
0a4024f75175,2017-03-04,2017-03-15,2017-03-28
303e4c28216b,2017-03-05,2017-03-15,2017-03-28
4f4ee3f03c58,2017-02-14,2017-03-15,2017-03-15
275867cebdb8,2017-02-20,2017-03-15,2017-03-21
3246737c4cef,2017-02-21,2017-03-15,2017-03-23
b122360eea61,2017-02-15,2017-03-15,2017-03-17
350631bfa751,2017-03-24,2017-03-24,2017-03-28
54136f037ebe,2017-03-21,2017-03-21,2017-03-28
0ceeb570e16c,2017-03-12,2017-03-15,2017-03-28
74c764176549,2017-03-23,2017-03-23,2017-03-28
0dc2190a9411,2017-03-09,2017-03-15,2017-03-28
111d4cae0c29,2017-03-14,2017-03-15,2017-03-28
f9f5c2e13532,2017-03-22,2017-03-22,2017-03-28
1ff2c7d85b0d,2017-03-27,2017-03-27,2017-03-28
91e6e6987ba4,2017-02-25,2017-03-15,2017-03-28
51942091b513,2017-03-04,2017-03-15,2017-03-28
c11448fc6852,2017-03-09,2017-03-15,2017-03-28
704f7b2f03ac,2017-03-25,2017-03-25,2017-03-28
3422005bb540,2017-03-24,2017-03-24,2017-03-28
4d8cb3fa2644,2017-02-15,2017-03-15,2017-03-17
a5eb385dfb77,2017-03-24,2017-03-24,2017-03-28
016a1143a275,2017-03-18,2017-03-18,2017-03-28
2e3257cf452f,2017-03-17,2017-03-17,2017-03-28
565d83a824df,2017-02-26,2017-03-15,2017-03-28
e8e53b9fd606,2017-02-27,2017-03-15,2017-03-28
5ed92ab9a37d,2017-03-13,2017-03-15,2017-03-28
29bff1d600d0,2017-03-01,2017-03-15,2017-03-28
11fb04215260,2017-03-24,2017-03-25,2017-03-28
22d3aee700f0,2017-03-06,2017-03-15,2017-03-28
ffdbc2e70acb,2017-02-25,2017-03-15,2017-03-27
2f82abec0166,2017-02-23,2017-03-15,2017-03-25
f4916995abb1,2017-03-21,2017-03-21,2017-03-28
bd0a1a0bead0,2017-03-10,2017-03-15,2017-03-28
c48795dcae89,2017-02-25,2017-03-15,2017-03-27
324d7852eebb,2017-02-17,2017-03-15,2017-03-19
b885058f21a6,2017-03-26,2017-03-26,2017-03-28
d5a787d91c70,2017-03-10,2017-03-15,2017-03-28
88477cce988c,2017-03-23,2017-03-23,2017-03-28
6b4df83c5e54,2017-02-27,2017-03-15,2017-03-28
d99147d9ab62,2017-03-17,2017-03-17,2017-03-20
6459fce40c28,2017-02-28,2017-03-15,2017-03-28
fdc7eb572c51,2017-02-24,2017-03-15,2017-03-25
396567eb5b14,2017-02-16,2017-03-15,2017-03-17
006259df30ea,2017-03-14,2017-03-15,2017-03-28
a53646cc8063,2017-03-14,2017-03-15,2017-03-28
addc952716eb,2017-03-19,2017-03-19,2017-03-28
95429f9b408e,2017-03-10,2017-03-15,2017-03-28
e15e1075c2c4,2017-03-18,2017-03-18,2017-03-28
78e118f6aeab,2017-03-27,2017-03-27,2017-03-28
d3088be28b1c,2017-02-28,2017-03-15,2017-03-28
a4fe326ec909,2017-03-07,2017-03-15,2017-03-28
e73a329e0479,2017-02-19,2017-03-15,2017-03-21
98ec80151a78,2017-03-20,2017-03-20,2017-03-28
54017dca7bfc,2017-03-27,2017-03-27,2017-03-28
e35decdc0d8f,2017-02-28,2017-03-15,2017-03-28
367a19948d7a,2017-03-06,2017-03-15,2017-03-28
6da25f160ec3,2017-03-06,2017-03-15,2017-03-28
0496e39186c9,2017-03-19,2017-03-19,2017-03-28
597a73ff8534,2017-02-25,2017-03-15,2017-03-27
a2fb17573c70,2017-02-27,2017-03-15,2017-03-28
6da5a9350907,2017-03-16,2017-03-16,2017-03-28
71826844e1b2,2017-02-15,2017-03-15,2017-03-17
6953bd228c76,2017-02-17,2017-03-15,2017-03-19
39a694017d07,2017-02-22,2017-03-15,2017-03-23
c23422741c91,2017-02-27,2017-03-15,2017-03-28
fe6918c2f5d8,2017-03-06,2017-03-15,2017-03-28
cdf944f3ef86,2017-03-22,2017-03-22,2017-03-28
cf86087c4734,2017-02-15,2017-03-15,2017-03-17
5e96c9922d16,2017-03-23,2017-03-23,2017-03-24
ce1a593f0e4b,2017-03-21,2017-03-21,2017-03-28
468fd773330b,2017-02-19,2017-03-15,2017-03-21
cb11ee996ddf,2017-03-22,2017-03-22,2017-03-28
8809a181203d,2017-03-19,2017-03-19,2017-03-28
5216947d0bcf,2017-03-05,2017-03-15,2017-03-28
db273fc42882,2017-03-20,2017-03-20,2017-03-28
833a5a3d7c16,2017-02-19,2017-03-15,2017-03-16
d6948da8d780,2017-03-14,2017-03-15,2017-03-28
de6e6bbc28fc,2017-03-09,2017-03-15,2017-03-28
a7663d8f47c3,2017-03-19,2017-03-19,2017-03-28
6a9643005b39,2017-02-14,2017-03-15,2017-03-16
1e8c40e91cc8,2017-03-27,2017-03-27,2017-03-28
471385c9e3d0,2017-03-09,2017-03-15,2017-03-28
5444aa43390c,2017-02-27,2017-03-15,2017-03-28
f8fb68302115,2017-02-28,2017-03-15,2017-03-28
39c1415f16bc,2017-03-19,2017-03-19,2017-03-20
399669d62825,2017-03-17,2017-03-17,2017-03-28
1b8357eb425a,2017-02-19,2017-03-15,2017-03-21
67e670c9d792,2017-03-13,2017-03-15,2017-03-19
a6b2baad896a,2017-03-13,2017-03-15,2017-03-28
8618c7b4ecc4,2017-02-20,2017-03-15,2017-03-22
7c4aac7c64a0,2017-03-07,2017-03-15,2017-03-28
bfb3898cd992,2017-03-15,2017-03-15,2017-03-28
c0f6503204d7,2017-03-06,2017-03-15,2017-03-28
ebcad3f5443f,2017-03-15,2017-03-15,2017-03-28
a89ef9aaf902,2017-03-21,2017-03-21,2017-03-28
21990a6f0076,2017-03-14,2017-03-15,2017-03-28
8e5995b98aa5,2017-03-01,2017-03-15,2017-03-28
ae61038c43d2,2017-03-07,2017-03-15,2017-03-27
45fab3f6cb28,2017-03-06,2017-03-15,2017-03-28
b4a8f4a7f578,2017-03-25,2017-03-25,2017-03-28
1b9aea9d5680,2017-03-03,2017-03-15,2017-03-28
4c6c5c2f03ca,2017-03-10,2017-03-15,2017-03-28
dcfe4777c894,2017-02-25,2017-03-15,2017-03-27
025c5544a0e7,2017-03-09,2017-03-15,2017-03-28
3671af214229,2017-03-04,2017-03-15,2017-03-28
2f5c2a8f3c8e,2017-03-19,2017-03-19,2017-03-28
4362a4110025,2017-02-24,2017-03-15,2017-03-26
9cb70f69c863,2017-03-16,2017-03-16,2017-03-28
2a54594493ac,2017-02-16,2017-03-15,2017-03-18
10065d1601a8,2017-02-13,2017-03-15,2017-03-26
aa45e6c8f99d,2017-03-07,2017-03-15,2017-03-28
c3a1ac3b2253,2017-03-19,2017-03-19,2017-03-28
abe3e2632694,2017-03-11,2017-03-15,2017-03-28
02420b3d0cdb,2017-02-21,2017-03-15,2017-03-23
b5fcdab19f61,2017-03-13,2017-03-15,2017-03-28
290d4496dcde,2017-03-28,2017-03-28,2017-03-28
0312f3bc4d06,2017-03-20,2017-03-20,2017-03-28
37633fa42aa2,2017-02-14,2017-03-15,2017-03-15
d12ef7740cb8,2017-02-16,2017-03-15,2017-03-18
2aebcb99ab94,2017-03-17,2017-03-17,2017-03-28
100314b6da0d,2017-03-22,2017-03-22,2017-03-28
502aa818fee5,2017-03-25,2017-03-25,2017-03-28
e917a73a4fbb,2017-02-26,2017-03-15,2017-03-28
61e6982b174b,2017-03-22,2017-03-22,2017-03-28
b522d3351d55,2017-03-01,2017-03-15,2017-03-28
d6d688c95dbe,2017-02-27,2017-03-15,2017-03-28
fb775deef76e,2017-02-16,2017-03-15,2017-03-18
3da5e8b2e1da,2017-02-23,2017-03-15,2017-03-25
3c7ecdf6cc9f,2017-02-25,2017-03-15,2017-03-27
50cc13524667,2017-03-07,2017-03-15,2017-03-26
00f4af4162db,2017-03-07,2017-03-15,2017-03-28
be0c5e7f162e,2017-03-01,2017-03-15,2017-03-28
2c9c5e7ecd6a,2017-02-22,2017-03-15,2017-03-24
35a395a2f1fd,2017-03-03,2017-03-15,2017-03-27
729f7ad09115,2017-03-13,2017-03-15,2017-03-28
ef0d173bca0f,2017-02-16,2017-03-15,2017-03-15
f9d0c35cfac6,2017-03-06,2017-03-15,2017-03-28
e5942d30c894,2017-02-24,2017-03-15,2017-03-26
ba920575b495,2017-02-17,2017-03-15,2017-03-19
50c7d69754a8,2017-03-10,2017-03-15,2017-03-18
b774ce80d0a3,2017-03-07,2017-03-15,2017-03-28
c4586f411245,2017-03-22,2017-03-22,2017-03-28
459f7e8c57c8,2017-03-12,2017-03-15,2017-03-28
a60156ba6851,2017-03-09,2017-03-15,2017-03-28
ee4b093b2823,2017-03-11,2017-03-15,2017-03-28
df477b137198,2017-03-09,2017-03-15,2017-03-16
afab799cfa9d,2017-03-13,2017-03-15,2017-03-28
4b828125e747,2017-03-22,2017-03-22,2017-03-28
d025feca8b1f,2017-03-25,2017-03-25,2017-03-28
01e9f92f4f39,2017-03-22,2017-03-22,2017-03-28
c55ad801e066,2017-03-01,2017-03-15,2017-03-28
fda2ef1b78cb,2017-02-16,2017-03-15,2017-03-18
7e48df5e4ce4,2017-03-23,2017-03-23,2017-03-28
72677936b149,2017-03-11,2017-03-15,2017-03-28
53666ae057ff,2017-02-19,2017-03-15,2017-03-21
979fea4684c2,2017-02-22,2017-03-15,2017-03-23
debcc6d05c2b,2017-02-15,2017-03-15,2017-03-17
b0c03311b248,2017-02-15,2017-03-15,2017-03-17
a06bc160ea2c,2017-03-23,2017-03-23,2017-03-28
c1438d413058,2017-03-08,2017-03-15,2017-03-26
49bd679c590f,2017-03-09,2017-03-15,2017-03-28
9615de412228,2017-03-11,2017-03-15,2017-03-28
4a8537b1cdb3,2017-02-19,2017-03-15,2017-03-21
dc1568b93d64,2017-02-21,2017-03-15,2017-03-23
ab2bf41ca5de,2017-03-09,2017-03-15,2017-03-28
f02b3a4df17c,2017-02-16,2017-03-15,2017-03-18
bcc56e99523d,2017-03-04,2017-03-15,2017-03-27
9efc32b3c803,2017-02-25,2017-03-15,2017-03-22
29ec41a6f465,2017-03-10,2017-03-15,2017-03-28
e1b1c71cc8d9,2017-02-16,2017-03-15,2017-03-18
61a5ab081320,2017-03-03,2017-03-15,2017-03-28
1bddb177e98b,2017-03-13,2017-03-15,2017-03-28
3b45568d3578,2017-02-25,2017-03-15,2017-03-27
47a6737819b2,2017-03-02,2017-03-15,2017-03-28
067023f2a532,2017-03-27,2017-03-27,2017-03-28
b5ee744fe139,2017-03-02,2017-03-15,2017-03-28
472dfe9755f8,2017-03-14,2017-03-15,2017-03-28
be831f0cfec1,2017-02-21,2017-03-15,2017-03-23
b0e8f0208db2,2017-03-11,2017-03-15,2017-03-28
97fe7fd6cfaa,2017-03-19,2017-03-19,2017-03-28
b3213bf106e3,2017-03-10,2017-03-15,2017-03-28
1f4466ca21db,2017-03-12,2017-03-15,2017-03-28
7990fd0052be,2017-03-19,2017-03-19,2017-03-28
796b501e8e79,2017-03-03,2017-03-15,2017-03-28
019e5e916cea,2017-03-02,2017-03-15,2017-03-28
f55a7374f52b,2017-03-03,2017-03-15,2017-03-28
0b7915a07fa0,2017-02-15,2017-03-15,2017-03-16
ef21c640c1e0,2017-03-22,2017-03-22,2017-03-28
3197a1b70c0b,2017-03-16,2017-03-16,2017-03-28
2604fa8c00e3,2017-02-14,2017-03-15,2017-03-16
08ed3333c234,2017-02-15,2017-03-15,2017-03-17
5b5f93e7747d,2017-02-27,2017-03-15,2017-03-28
994b0e325379,2017-03-25,2017-03-25,2017-03-28
a1f48d25f276,2017-03-09,2017-03-15,2017-03-28
00b2f20c78ce,2017-02-23,2017-03-15,2017-03-25
7c267cd16770,2017-03-17,2017-03-17,2017-03-28
f9030c99bbae,2017-03-13,2017-03-15,2017-03-28
4b14bc99aca3,2017-02-23,2017-03-15,2017-03-25
413f311568ef,2017-03-28,2017-03-28,2017-03-28
80d8493910e1,2017-03-01,2017-03-15,2017-03-28
a30da9e414b5,2017-02-14,2017-03-15,2017-03-16
324bfdee2296,2017-02-27,2017-03-15,2017-03-28
3d7a1f3b23b9,2017-02-24,2017-03-15,2017-03-26
7a7f319a0598,2017-03-04,2017-03-15,2017-03-28
2487c0322863,2017-02-16,2017-03-15,2017-03-18
794e48ed0115,2017-02-25,2017-03-15,2017-03-26
5bf067845653,2017-02-22,2017-03-15,2017-03-24
50693d8c2a0d,2017-02-26,2017-03-15,2017-03-27
e1b48489303d,2017-02-25,2017-03-15,2017-03-27
9d91b6c63a8f,2017-03-09,2017-03-15,2017-03-28
7a8af6ef8127,2017-03-18,2017-03-18,2017-03-28
8b5ee512c148,2017-02-23,2017-03-15,2017-03-25
23fac44e6e5c,2017-03-26,2017-03-26,2017-03-28
07119280a86e,2017-03-06,2017-03-15,2017-03-28
2e9ff45ce023,2017-03-11,2017-03-15,2017-03-28
8b1e7266d6d8,2017-03-09,2017-03-15,2017-03-28
14c16d5a87d9,2017-03-16,2017-03-16,2017-03-28
c3bdc596e684,2017-02-16,2017-03-15,2017-03-17
9920424c3beb,2017-03-22,2017-03-22,2017-03-28
1db47c6445ac,2017-03-21,2017-03-21,2017-03-28
46670dd16226,2017-03-03,2017-03-15,2017-03-28
a5ade78c46f0,2017-03-11,2017-03-15,2017-03-28
8bc4e6396d5d,2017-03-24,2017-03-24,2017-03-28
1e608485db3b,2017-02-15,2017-03-15,2017-03-17
e51f841fb8fe,2017-03-06,2017-03-15,2017-03-28
ffeae3969355,2017-03-21,2017-03-21,2017-03-28
00313f43ccb9,2017-02-17,2017-03-15,2017-03-18
179b8d16f958,2017-02-27,2017-03-15,2017-03-28
a0d53fc33a92,2017-02-27,2017-03-15,2017-03-28
881297d21df4,2017-03-22,2017-03-22,2017-03-28
4e9ed85c323f,2017-03-11,2017-03-15,2017-03-28
f7b379a4ee03,2017-02-26,2017-03-15,2017-03-28
9432c4f417cb,2017-02-19,2017-03-15,2017-03-21
60e45def23db,2017-03-09,2017-03-15,2017-03-28
d420d23d747c,2017-02-15,2017-03-15,2017-03-17
a51e53dc8faa,2017-03-28,2017-03-28,2017-03-28
39c303039982,2017-02-23,2017-03-15,2017-03-25
e22a3237233c,2017-03-07,2017-03-15,2017-03-28
33a5c7b0f7c8,2017-03-27,2017-03-27,2017-03-28
3f036af6d012,2017-02-26,2017-03-15,2017-03-27
2a7521b67578,2017-03-28,2017-03-28,2017-03-28
172dbfc9cca9,2017-02-14,2017-03-15,2017-03-16
4e1ee4442225,2017-03-12,2017-03-15,2017-03-28
1fa5923ecf4f,2017-03-01,2017-03-15,2017-03-28
39e2e22f6b3f,2017-03-16,2017-03-16,2017-03-28
1d050c2c1ca0,2017-03-14,2017-03-15,2017-03-28
cae65bd06552,2017-03-27,2017-03-27,2017-03-28
e7597f004129,2017-03-10,2017-03-15,2017-03-28
23b851c4321a,2017-03-08,2017-03-15,2017-03-28
70527b7edcc4,2017-03-21,2017-03-21,2017-03-28
66bc64f20fe7,2017-03-07,2017-03-15,2017-03-28
34be7a29fc22,2017-02-28,2017-03-15,2017-03-28
032d05838f09,2017-02-28,2017-03-15,2017-03-28
54b91ad1a66b,2017-03-22,2017-03-22,2017-03-28
ae916fa5a687,2017-03-09,2017-03-15,2017-03-28
9026d12a3585,2017-03-25,2017-03-25,2017-03-26
f984e46d7d82,2017-02-16,2017-03-15,2017-03-18
cd17560c8ee0,2017-02-18,2017-03-15,2017-03-20
0445c3ff4c5a,2017-03-22,2017-03-22,2017-03-28
8f0c1c5bb49b,2017-03-27,2017-03-27,2017-03-28
a05ad43ded39,2017-02-26,2017-03-15,2017-03-28
ccd831321289,2017-03-08,2017-03-15,2017-03-28
98451bd1c42d,2017-02-20,2017-03-15,2017-03-22
166afae951be,2017-03-16,2017-03-16,2017-03-28
83046beccb35,2017-03-10,2017-03-15,2017-03-28
b2aa3968075a,2017-03-02,2017-03-15,2017-03-28
31203161aedb,2017-03-13,2017-03-15,2017-03-28
cae23997dd75,2017-02-24,2017-03-15,2017-03-25
eb87ef6ad686,2017-03-15,2017-03-15,2017-03-28
1b8fabdef7a7,2017-03-26,2017-03-26,2017-03-28
a398ce9c7d48,2017-02-28,2017-03-15,2017-03-28
213fd6dd2b76,2017-02-27,2017-03-15,2017-03-28
f2d2fcdb7c69,2017-02-13,2017-03-15,2017-03-15
9c05f81a088a,2017-03-24,2017-03-24,2017-03-28
c7f9526e86cb,2017-02-13,2017-03-15,2017-03-15
2ec96168889f,2017-03-19,2017-03-19,2017-03-28
1d0020e323ca,2017-02-17,2017-03-15,2017-03-19
57972a0693ea,2017-02-14,2017-03-15,2017-03-16
dfad5c09ede6,2017-02-22,2017-03-15,2017-03-23
707da4e39c6a,2017-02-22,2017-03-15,2017-03-24
0de8493324ad,2017-03-01,2017-03-15,2017-03-28
95203b8786b2,2017-03-14,2017-03-15,2017-03-28
3980be185448,2017-02-28,2017-03-15,2017-03-28
860bd8fd6524,2017-03-17,2017-03-17,2017-03-28
02aef331d396,2017-03-15,2017-03-15,2017-03-16
a91ed3c5a406,2017-02-19,2017-03-15,2017-03-21
960228cff073,2017-02-18,2017-03-15,2017-03-20
c447f7b3a50e,2017-02-28,2017-03-15,2017-03-28
d40b0bd43aa8,2017-02-14,2017-03-15,2017-03-16
6fde02770457,2017-02-28,2017-03-15,2017-03-28
604a425326a9,2017-03-15,2017-03-15,2017-03-28
6872a74dfd7d,2017-03-02,2017-03-15,2017-03-28
14c6cfbc17a6,2017-03-07,2017-03-15,2017-03-28
d84379c44fe4,2017-02-27,2017-03-15,2017-03-28
14a756a0cc97,2017-03-23,2017-03-23,2017-03-28
5001cf3ed111,2017-03-02,2017-03-15,2017-03-28
9b653776b16e,2017-03-26,2017-03-26,2017-03-28
de174016facf,2017-02-25,2017-03-15,2017-03-26
7fc77cd3e5ed,2017-03-07,2017-03-15,2017-03-28
9511792fcbab,2017-03-20,2017-03-20,2017-03-28
9ce05a3e7331,2017-02-18,2017-03-15,2017-03-20
1fb5901326fe,2017-03-06,2017-03-15,2017-03-28
04e3040f1ac8,2017-02-20,2017-03-15,2017-03-22
c7a8cdbcf237,2017-03-19,2017-03-19,2017-03-28
42da1db69411,2017-03-15,2017-03-15,2017-03-28
d0d6c3d054da,2017-02-26,2017-03-15,2017-03-28
ed14ddac6e01,2017-03-25,2017-03-25,2017-03-28
f1de0cd11ce9,2017-02-19,2017-03-15,2017-03-21
9d2b71c77ac9,2017-03-17,2017-03-17,2017-03-28
745b863ea994,2017-03-14,2017-03-15,2017-03-26
1f36644d420f,2017-03-12,2017-03-15,2017-03-16
1a087165cd91,2017-03-13,2017-03-15,2017-03-28
5a1787aca2d7,2017-02-19,2017-03-15,2017-03-21
bcd9467450b9,2017-02-28,2017-03-15,2017-03-28
f82c5a786fb7,2017-02-21,2017-03-15,2017-03-22
c0c530e42219,2017-03-06,2017-03-15,2017-03-19
eeb4d7753fb7,2017-03-10,2017-03-15,2017-03-28
99c9952614d1,2017-03-19,2017-03-19,2017-03-28
df45d0fea575,2017-03-10,2017-03-15,2017-03-28
edc41c4f5152,2017-02-28,2017-03-15,2017-03-28
49aae8132fb4,2017-03-24,2017-03-24,2017-03-28
5ac996348a9c,2017-03-15,2017-03-15,2017-03-28
c67ac0ebaeac,2017-03-13,2017-03-15,2017-03-28
5c79d0f42b25,2017-03-06,2017-03-15,2017-03-28
cb8da9909270,2017-03-10,2017-03-15,2017-03-28
5fc9ff23e49a,2017-03-04,2017-03-15,2017-03-28
56b839d8e0ae,2017-03-21,2017-03-21,2017-03-28
465f2d9ea404,2017-03-15,2017-03-15,2017-03-28
59404f58efd9,2017-02-15,2017-03-15,2017-03-16
a2bc99c779bf,2017-03-07,2017-03-15,2017-03-28
d00fe9e0038b,2017-03-21,2017-03-21,2017-03-28
6f89a6ce5058,2017-03-18,2017-03-18,2017-03-28
d45a5eb29fd5,2017-03-06,2017-03-15,2017-03-28
2af14cf7ebe4,2017-03-11,2017-03-15,2017-03-28
bc3ffc702f3a,2017-03-02,2017-03-15,2017-03-28
f389dd81757c,2017-02-17,2017-03-15,2017-03-19
4c2f822de91f,2017-02-25,2017-03-15,2017-03-27
09a39a8cff48,2017-02-16,2017-03-15,2017-03-18
ea0bcbc15653,2017-03-27,2017-03-27,2017-03-28
024fef14ddf5,2017-03-01,2017-03-15,2017-03-28
1a36c402063a,2017-03-05,2017-03-15,2017-03-28
458d3af5d457,2017-02-25,2017-03-15,2017-03-27
62da8ff30fbd,2017-02-22,2017-03-15,2017-03-24
5270f7a037cc,2017-03-23,2017-03-23,2017-03-28
054ef40e6fc7,2017-03-17,2017-03-17,2017-03-28
258fd2296ac6,2017-02-19,2017-03-15,2017-03-21
ec0721129d34,2017-03-26,2017-03-26,2017-03-28
9876f9c34a9c,2017-03-02,2017-03-15,2017-03-28
5da818773f3c,2017-03-25,2017-03-25,2017-03-28
f11c6da0bb55,2017-02-14,2017-03-15,2017-03-16
e774bb2e18d3,2017-03-18,2017-03-18,2017-03-18
dff3e582153e,2017-03-15,2017-03-15,2017-03-28
5b9a20ae2369,2017-03-19,2017-03-19,2017-03-28
643252cbcd9e,2017-03-13,2017-03-15,2017-03-28
e1eaf0e3e6b0,2017-03-13,2017-03-15,2017-03-28
2319c8c21ec7,2017-03-19,2017-03-19,2017-03-28
c95551cea5bc,2017-03-04,2017-03-15,2017-03-28
bbbbfb1658a9,2017-03-27,2017-03-27,2017-03-28
d87e166c24e4,2017-03-13,2017-03-15,2017-03-28
f9b204aafa82,2017-02-25,2017-03-15,2017-03-27
431f5e710ba3,2017-03-16,2017-03-16,2017-03-28
37b8cb395ae5,2017-03-03,2017-03-15,2017-03-16
1b228904b26d,2017-03-12,2017-03-15,2017-03-28
1fbe5fbb17af,2017-03-20,2017-03-20,2017-03-28
38e9fc4e3ad6,2017-03-12,2017-03-15,2017-03-28
a8e553537932,2017-03-06,2017-03-15,2017-03-28
5d7ef5e434bf,2017-02-14,2017-03-15,2017-03-16
0a33ff236d01,2017-02-18,2017-03-15,2017-03-20
aef22cc5c612,2017-03-13,2017-03-15,2017-03-28
3eb61fc205b7,2017-02-24,2017-03-15,2017-03-26
c3a8f41d4668,2017-03-13,2017-03-15,2017-03-28
be83e3e677fd,2017-03-28,2017-03-28,2017-03-28
0644276fe07e,2017-03-01,2017-03-15,2017-03-28
95d1696cdb66,2017-03-13,2017-03-15,2017-03-28
28796340994c,2017-02-27,2017-03-15,2017-03-28
99b649371c56,2017-03-06,2017-03-15,2017-03-28
8c8ffe93c8a8,2017-03-17,2017-03-17,2017-03-28
7739747f2a38,2017-03-04,2017-03-15,2017-03-28
587620c75192,2017-02-21,2017-03-15,2017-03-22
01d3e6c03b3e,2017-03-10,2017-03-15,2017-03-28
66024b4464c5,2017-03-23,2017-03-23,2017-03-28
b99aa6e3ee3a,2017-03-18,2017-03-18,2017-03-28
67925e3187f3,2017-03-14,2017-03-15,2017-03-28
8f2e2a1145e8,2017-02-27,2017-03-15,2017-03-28
807ef9437e9d,2017-02-20,2017-03-15,2017-03-22
f48bd0d44396,2017-03-05,2017-03-15,2017-03-28
e1626e3e081a,2017-03-15,2017-03-15,2017-03-20
16592d5fdb80,2017-03-18,2017-03-18,2017-03-28
9fbef674e0ea,2017-03-21,2017-03-21,2017-03-28
5629143b2085,2017-03-15,2017-03-15,2017-03-28
f80c6c72246d,2017-03-01,2017-03-15,2017-03-28
41da69ff2cba,2017-02-22,2017-03-15,2017-03-24
0149d0d3c62b,2017-03-21,2017-03-21,2017-03-28
e0a51cc518a3,2017-02-18,2017-03-15,2017-03-20
709c2c861788,2017-02-19,2017-03-15,2017-03-21
fd5f0c636130,2017-03-23,2017-03-23,2017-03-28
93fcc9e1b559,2017-02-24,2017-03-15,2017-03-26
493ed3d49eba,2017-03-07,2017-03-15,2017-03-28
8f93409b7642,2017-02-17,2017-03-15,2017-03-18
3361272d8f3c,2017-03-12,2017-03-15,2017-03-28
002102cda7bf,2017-02-19,2017-03-15,2017-03-21
d85aaaa0d889,2017-03-12,2017-03-15,2017-03-28
25f7ff3996d7,2017-03-08,2017-03-15,2017-03-28
a43ca276f049,2017-03-13,2017-03-15,2017-03-28
1762c15edb87,2017-03-24,2017-03-24,2017-03-28
e942805f2e40,2017-03-19,2017-03-19,2017-03-28
ea4af372a6d6,2017-03-07,2017-03-15,2017-03-28
558a75d075c9,2017-03-05,2017-03-15,2017-03-28
a5f821175c19,2017-03-03,2017-03-15,2017-03-28
97693ffd4b0d,2017-03-11,2017-03-15,2017-03-28
4fb10839e25d,2017-03-03,2017-03-15,2017-03-28
671190776e79,2017-03-06,2017-03-15,2017-03-28
7b21044b0857,2017-03-28,2017-03-28,2017-03-28
111dfbc42ad7,2017-03-06,2017-03-15,2017-03-28
44a8809965dd,2017-03-04,2017-03-15,2017-03-28
7718db775bb7,2017-02-26,2017-03-15,2017-03-28
cef6e3ba6744,2017-03-11,2017-03-15,2017-03-28
01869df000e5,2017-03-12,2017-03-15,2017-03-28
677ab224bb97,2017-03-23,2017-03-23,2017-03-28
14f7cc37da30,2017-02-26,2017-03-15,2017-03-28
24f9c0ab9475,2017-03-04,2017-03-15,2017-03-28
403381735a80,2017-03-13,2017-03-15,2017-03-28
adc8966d19a0,2017-03-04,2017-03-15,2017-03-28
ccad5821c18f,2017-03-16,2017-03-16,2017-03-28
af49e24dbb6b,2017-03-22,2017-03-22,2017-03-28
23eca9be6bdb,2017-02-26,2017-03-15,2017-03-28
1150f29ba89f,2017-03-27,2017-03-27,2017-03-28
ae3f437bf7a3,2017-02-17,2017-03-15,2017-03-19
0c8149883384,2017-02-18,2017-03-15,2017-03-20
b0a2d9077b1f,2017-03-16,2017-03-16,2017-03-28
e2e1bab7d470,2017-03-02,2017-03-15,2017-03-17
2025e6421ef0,2017-02-25,2017-03-15,2017-03-27
28a667953b30,2017-02-15,2017-03-15,2017-03-16
ce9653daaa3e,2017-03-03,2017-03-15,2017-03-28
5ec69cb973d4,2017-03-04,2017-03-15,2017-03-28
4cfdbd26f74f,2017-02-26,2017-03-15,2017-03-28
ee56b74ba9bc,2017-03-26,2017-03-26,2017-03-28
5e72cf8b5655,2017-03-11,2017-03-15,2017-03-28
ad82f4b282e8,2017-02-19,2017-03-15,2017-03-21
e50ba9937386,2017-03-02,2017-03-15,2017-03-28
4637ae859c35,2017-02-15,2017-03-15,2017-03-17
5374c419b6b5,2017-02-28,2017-03-15,2017-03-28
0e23746c89ba,2017-03-07,2017-03-15,2017-03-28
63492066db26,2017-03-20,2017-03-20,2017-03-28
66402a600392,2017-03-09,2017-03-15,2017-03-28
57f49349990f,2017-03-22,2017-03-22,2017-03-28
a5348804b9ae,2017-03-01,2017-03-15,2017-03-28
660c33ac4323,2017-03-02,2017-03-15,2017-03-28
b0bf4f1e4df1,2017-03-12,2017-03-15,2017-03-28
57555056b322,2017-02-18,2017-03-15,2017-03-20
d39a16bd9d9a,2017-03-27,2017-03-27,2017-03-28
49edd2bdc24f,2017-03-15,2017-03-15,2017-03-28
da325984bcdb,2017-03-22,2017-03-22,2017-03-25
8aa51e4e87aa,2017-03-16,2017-03-16,2017-03-28
6433aa59ab2a,2017-02-17,2017-03-15,2017-03-18
f413aaa10158,2017-03-01,2017-03-15,2017-03-28
a60fd5c87dc8,2017-03-01,2017-03-15,2017-03-28
5bf68e0c6d4f,2017-03-07,2017-03-15,2017-03-28
07c58eb5a916,2017-03-11,2017-03-15,2017-03-28
c6ec927cc6fb,2017-02-28,2017-03-15,2017-03-28
0119a1e426e7,2017-03-11,2017-03-15,2017-03-28
535431f92262,2017-03-23,2017-03-23,2017-03-28
a4412b951dae,2017-03-03,2017-03-15,2017-03-28
b147c8311683,2017-02-14,2017-03-15,2017-03-16
22d626c2138d,2017-03-05,2017-03-15,2017-03-28
3812287c6869,2017-03-25,2017-03-25,2017-03-28
e749b3e738c7,2017-03-05,2017-03-15,2017-03-28
3655f963c9af,2017-03-06,2017-03-15,2017-03-28
4346f23b4b0b,2017-02-25,2017-03-15,2017-03-27
d2653469ef29,2017-02-26,2017-03-15,2017-03-27
6bb004ded2cd,2017-03-28,2017-03-28,2017-03-28
90f59e798f6e,2017-03-26,2017-03-26,2017-03-28
3ee3d0b3a179,2017-03-10,2017-03-15,2017-03-28
0ce2b2bdd4c1,2017-03-17,2017-03-17,2017-03-28
fcb774d3f447,2017-03-16,2017-03-16,2017-03-17
4746d503bd1f,2017-03-14,2017-03-15,2017-03-28
6152c323d63f,2017-03-08,2017-03-15,2017-03-28
b3aeb59d1ab3,2017-03-02,2017-03-15,2017-03-28
3710f838633c,2017-03-22,2017-03-22,2017-03-28
66161beb37f1,2017-02-17,2017-03-15,2017-03-19
199c4e8bcb69,2017-02-15,2017-03-15,2017-03-17
87ba39038272,2017-03-19,2017-03-19,2017-03-28
d26b7135c3e9,2017-03-11,2017-03-15,2017-03-28
807ae055c9ca,2017-02-25,2017-03-15,2017-03-25
0a828beef5ea,2017-02-25,2017-03-15,2017-03-27
78f92cd03621,2017-02-26,2017-03-15,2017-03-28
4c5385179279,2017-03-12,2017-03-15,2017-03-28
46e888353272,2017-03-07,2017-03-15,2017-03-28
9a7e3e963c1e,2017-02-24,2017-03-15,2017-03-26
cf93ec4e3fc5,2017-03-01,2017-03-15,2017-03-16
30d68ffed2ba,2017-03-08,2017-03-15,2017-03-28
37425454ad2f,2017-02-27,2017-03-15,2017-03-28
946f5f0b5b46,2017-03-15,2017-03-15,2017-03-28
4fa160c5d00b,2017-03-28,2017-03-28,2017-03-28
69d7c7cdc9f9,2017-03-06,2017-03-15,2017-03-23
d7f62708283f,2017-02-27,2017-03-15,2017-03-28
04893fe643b7,2017-03-19,2017-03-19,2017-03-28
5609da52ced6,2017-03-22,2017-03-22,2017-03-28
8e7b246b2b55,2017-03-20,2017-03-20,2017-03-28
e26456e9ca9c,2017-03-15,2017-03-15,2017-03-28
e0f7a5e68892,2017-03-04,2017-03-15,2017-03-28
63c774778542,2017-03-09,2017-03-15,2017-03-28
0ab0337fe5f7,2017-02-25,2017-03-15,2017-03-27
1b6b0799887f,2017-03-22,2017-03-22,2017-03-28
e45f157678af,2017-02-18,2017-03-15,2017-03-20
f05c25e16dc4,2017-03-21,2017-03-21,2017-03-28
72452aca3b36,2017-02-16,2017-03-15,2017-03-18
487c55ec5423,2017-03-21,2017-03-21,2017-03-24
c8defabe042a,2017-03-10,2017-03-15,2017-03-23
a2340bd1c377,2017-02-16,2017-03-15,2017-03-17
9920e27196c2,2017-03-01,2017-03-15,2017-03-28
409c52cf2137,2017-02-15,2017-03-15,2017-03-17
49937743ce06,2017-03-21,2017-03-21,2017-03-28
6f45855fd040,2017-03-20,2017-03-20,2017-03-28
40186de4e173,2017-02-21,2017-03-15,2017-03-22
68a9e2dd0bbe,2017-03-07,2017-03-15,2017-03-28
c0570497ce9e,2017-02-25,2017-03-15,2017-03-27
868b101b66e3,2017-03-20,2017-03-20,2017-03-28
d1d4cd916644,2017-03-18,2017-03-18,2017-03-28
a872397418c6,2017-02-26,2017-03-15,2017-03-27
0a6d0c6f8227,2017-02-15,2017-03-15,2017-03-16
e890d312a4b1,2017-03-12,2017-03-15,2017-03-28
bbedde2402bf,2017-03-24,2017-03-24,2017-03-28
cbc0d6b7dc6c,2017-03-11,2017-03-15,2017-03-28
bd9044e18bd4,2017-03-15,2017-03-15,2017-03-28
1411d71b0e3c,2017-02-27,2017-03-15,2017-03-28
ea4b0bb6ef1a,2017-03-23,2017-03-23,2017-03-28
95a3209bd2fd,2017-03-21,2017-03-21,2017-03-28
f3faee677552,2017-02-13,2017-03-15,2017-03-15
b8aa324316f4,2017-03-03,2017-03-15,2017-03-28
2a6921b77ba4,2017-03-08,2017-03-15,2017-03-28
366d32ce8bec,2017-03-27,2017-03-27,2017-03-28
94db0e4fcd31,2017-03-23,2017-03-23,2017-03-27
1a21288a41d4,2017-02-15,2017-03-15,2017-03-17
09efacecfb89,2017-02-22,2017-03-15,2017-03-24
64a34b3ab7e4,2017-03-16,2017-03-16,2017-03-28
d9d2c1be1c24,2017-03-11,2017-03-15,2017-03-28
a2109b86214b,2017-03-11,2017-03-15,2017-03-28
b55136717091,2017-03-26,2017-03-26,2017-03-27
a614620d4051,2017-02-27,2017-03-15,2017-03-28
dd80dac4f682,2017-03-21,2017-03-21,2017-03-28
f26ef044361e,2017-03-18,2017-03-18,2017-03-28
496a49f2253b,2017-02-17,2017-03-15,2017-03-18
5caf8545cbfd,2017-03-22,2017-03-22,2017-03-28
299ac933f478,2017-03-07,2017-03-15,2017-03-28
a5152ee7f3b7,2017-03-06,2017-03-15,2017-03-28
dc87d912b56a,2017-03-23,2017-03-23,2017-03-28
06b251d9ec04,2017-03-06,2017-03-15,2017-03-28
86f0adf5b3eb,2017-02-23,2017-03-15,2017-03-25
1e2ab7cc532f,2017-03-25,2017-03-25,2017-03-28
4d8408d8063b,2017-03-21,2017-03-21,2017-03-28
06ce791e6afc,2017-02-27,2017-03-15,2017-03-28
e840dbad65c0,2017-03-08,2017-03-15,2017-03-28
ec8f0bc02814,2017-02-15,2017-03-15,2017-03-16
1fde069da40b,2017-03-08,2017-03-15,2017-03-28
70c8285c10e6,2017-03-06,2017-03-15,2017-03-28
c207af745444,2017-03-05,2017-03-15,2017-03-28
e420778693eb,2017-03-14,2017-03-15,2017-03-28
3a2e0875ed06,2017-03-01,2017-03-15,2017-03-28
403e77cacca1,2017-02-21,2017-03-15,2017-03-23
8addb99297e0,2017-02-20,2017-03-15,2017-03-22
f1a824c129c7,2017-03-27,2017-03-27,2017-03-28
0f4ba7d6ef28,2017-02-25,2017-03-15,2017-03-26
c0f8a3cc07f1,2017-03-10,2017-03-15,2017-03-28
5123c3884c33,2017-03-15,2017-03-15,2017-03-22
12c9c0e2da9a,2017-03-26,2017-03-26,2017-03-28
7a8ceb62ef0a,2017-03-11,2017-03-15,2017-03-28
46c94691a82d,2017-02-16,2017-03-15,2017-03-18
b8c6479a1ba1,2017-03-25,2017-03-25,2017-03-28
0ec40d5ce686,2017-02-18,2017-03-15,2017-03-19
4ed8fcca1a43,2017-03-05,2017-03-15,2017-03-20
a310b71d4bcc,2017-02-20,2017-03-15,2017-03-22
efff2b5e2a7e,2017-02-27,2017-03-15,2017-03-28
4e33aae0b241,2017-03-02,2017-03-15,2017-03-28
8b463ee8a231,2017-03-13,2017-03-15,2017-03-28
c1df3f89bc9b,2017-02-18,2017-03-15,2017-03-20
c5c668924e92,2017-02-14,2017-03-15,2017-03-16
2e95351dd894,2017-03-23,2017-03-23,2017-03-28
b610ba49b097,2017-02-17,2017-03-15,2017-03-19
ecbdd2680c3b,2017-03-26,2017-03-26,2017-03-28
1ef4d4714f42,2017-03-09,2017-03-15,2017-03-28
aa6e243fa1a9,2017-03-18,2017-03-18,2017-03-28
29ae1e079a94,2017-03-23,2017-03-24,2017-03-28
58bc2bb1202f,2017-03-05,2017-03-15,2017-03-28
37aa2b3faece,2017-03-09,2017-03-15,2017-03-26
a128078821f0,2017-03-27,2017-03-27,2017-03-28
359c1a90566b,2017-03-28,2017-03-28,2017-03-28
9b79bffe3bed,2017-03-06,2017-03-15,2017-03-28
a18cba5917a6,2017-02-19,2017-03-15,2017-03-21
fe0b34a28be1,2017-02-16,2017-03-15,2017-03-18
d1a285f612c5,2017-02-14,2017-03-15,2017-03-16
2122ed96939e,2017-02-16,2017-03-15,2017-03-18
00fa4a5d272d,2017-03-17,2017-03-17,2017-03-28
170db6bc2243,2017-03-02,2017-03-15,2017-03-28
a62b95b86575,2017-03-06,2017-03-15,2017-03-28
7b003a247844,2017-03-08,2017-03-15,2017-03-28
49a2e4b22d0a,2017-02-18,2017-03-15,2017-03-19
8d7320b92128,2017-02-27,2017-03-15,2017-03-16
7690a8412f64,2017-03-26,2017-03-26,2017-03-28
d1232107fbae,2017-03-05,2017-03-15,2017-03-28
b89d9b463894,2017-03-14,2017-03-15,2017-03-28
e11006ec8dcb,2017-02-22,2017-03-15,2017-03-24
4cb5fd90ef21,2017-03-13,2017-03-15,2017-03-28
891eb2b903fd,2017-02-17,2017-03-15,2017-03-18
e829d213ac05,2017-03-26,2017-03-26,2017-03-28
7e20e697c88f,2017-02-20,2017-03-15,2017-03-21
8ea083de65fe,2017-03-01,2017-03-15,2017-03-28
7a3c4ae61994,2017-02-15,2017-03-15,2017-03-17
0cbe89cf42b9,2017-02-14,2017-03-15,2017-03-16
55970c70960b,2017-03-07,2017-03-15,2017-03-21
44cfebfa20e3,2017-03-17,2017-03-17,2017-03-28
a0f86105253c,2017-03-18,2017-03-18,2017-03-28
476aa95b427b,2017-03-26,2017-03-26,2017-03-28
60aa06715508,2017-02-15,2017-03-15,2017-03-17
bbb0a831a76f,2017-03-17,2017-03-17,2017-03-28
7c38f70fceb1,2017-02-20,2017-03-15,2017-03-22
7bb3176a84ee,2017-03-19,2017-03-19,2017-03-28
c4755c625427,2017-03-26,2017-03-26,2017-03-28
cc7e9dc3c507,2017-02-28,2017-03-15,2017-03-28
1ce8f7979040,2017-02-21,2017-03-15,2017-03-23
a437b0c7dd4a,2017-03-24,2017-03-24,2017-03-28
4c70e2168a00,2017-03-02,2017-03-15,2017-03-28
f9375e0f25f6,2017-03-07,2017-03-15,2017-03-28
be8fd4add3f7,2017-03-12,2017-03-15,2017-03-28
84231c64c121,2017-03-17,2017-03-17,2017-03-28
ba443459ef76,2017-03-06,2017-03-15,2017-03-28
2d651b14131e,2017-03-10,2017-03-15,2017-03-28
41dedb87ec86,2017-03-21,2017-03-21,2017-03-28
dc3a43517345,2017-02-18,2017-03-15,2017-03-20
d2c6c77867e4,2017-03-26,2017-03-26,2017-03-27
ec92eedf2248,2017-02-23,2017-03-15,2017-03-25
4c52b37d74ab,2017-02-19,2017-03-15,2017-03-21
51c58941faed,2017-03-20,2017-03-20,2017-03-28
d9a07da8c07c,2017-02-23,2017-03-15,2017-03-24
ae97d7303b89,2017-03-23,2017-03-23,2017-03-28
64d4f965b933,2017-03-09,2017-03-15,2017-03-28
cb408125aad7,2017-03-07,2017-03-26,2017-03-28
d3b55a575937,2017-03-09,2017-03-15,2017-03-28
e9f62fd83a46,2017-02-24,2017-03-15,2017-03-25
e2ca791a7045,2017-03-13,2017-03-15,2017-03-28
0ceef8fdf7cd,2017-03-09,2017-03-15,2017-03-20
3e347bc81f51,2017-02-27,2017-03-15,2017-03-28
6340a0e1849e,2017-02-19,2017-03-15,2017-03-21
d5b730b5c65d,2017-03-24,2017-03-24,2017-03-28
4c54374fd770,2017-02-27,2017-03-15,2017-03-28
5212e68ab308,2017-03-23,2017-03-23,2017-03-28
54cea2c342f0,2017-03-10,2017-03-15,2017-03-28
6c97d557860c,2017-03-18,2017-03-18,2017-03-18
e32acbd2ed63,2017-02-18,2017-03-15,2017-03-20
b464a910f254,2017-02-13,2017-03-15,2017-03-15
1d9708c4d3e9,2017-02-20,2017-03-15,2017-03-22
9a132b85833f,,2017-03-20,2017-03-20
989a0616601f,2017-03-18,2017-03-18,2017-03-28
2aae1f7bda07,2017-03-14,2017-03-15,2017-03-28
f9f5369a4959,2017-03-16,2017-03-16,2017-03-28
8f3aebcf274c,2017-03-09,2017-03-15,2017-03-28
86ace9d5b81b,2017-02-26,2017-03-15,2017-03-28
fb301384d50e,2017-03-20,2017-03-20,2017-03-28
349dab8b0ab7,2017-03-18,2017-03-18,2017-03-28
86486e514163,2017-03-15,2017-03-15,2017-03-28
79cf3e9d7bc4,2017-02-20,2017-03-15,2017-03-22
821380a91fb0,2017-03-20,2017-03-20,2017-03-28
a3fa515ec234,2017-03-07,2017-03-15,2017-03-28
42c256938bf1,2017-03-06,2017-03-15,2017-03-28
ba7f6b246b68,2017-03-12,2017-03-15,2017-03-28
691783bd76a0,2017-02-16,2017-03-15,2017-03-18
a854f4b4f64f,2017-02-21,2017-03-15,2017-03-23
d90820fae004,2017-03-25,2017-03-25,2017-03-28
23c957be2f76,2017-03-10,2017-03-15,2017-03-21
28eeff52781e,2017-03-24,2017-03-24,2017-03-28
9e170ac090f5,2017-02-21,2017-03-15,2017-03-22
daa11ce5dccf,2017-02-24,2017-03-15,2017-03-26
d23aaf780f9b,2017-03-14,2017-03-15,2017-03-22
8ab9613bf166,2017-02-21,2017-03-15,2017-03-23
67ad8f2852a8,2017-03-09,2017-03-15,2017-03-28
4135d89e47ac,2017-02-26,2017-03-15,2017-03-28
6136f5643b9e,2017-03-14,2017-03-15,2017-03-28
8e0db7186ae1,2017-03-25,2017-03-25,2017-03-28
84ce0523c470,2017-03-04,2017-03-15,2017-03-28
e21d0cba8e8c,2017-02-23,2017-03-15,2017-03-25
3d6056a86abe,2017-03-14,2017-03-15,2017-03-28
b693a4c37497,2017-03-09,2017-03-15,2017-03-28
086c5746ce2f,2017-03-09,2017-03-15,2017-03-28
9f7a559e500a,2017-03-10,2017-03-15,2017-03-28
3ea156889b7e,2017-02-17,2017-03-15,2017-03-19
445afa0cbdc7,2017-03-10,2017-03-15,2017-03-28
ae430ed1dd50,2017-03-23,2017-03-23,2017-03-28
f64db07d03a9,2017-03-06,2017-03-15,2017-03-28
707ac9083c6f,2017-03-15,2017-03-15,2017-03-28
2339f7195b95,2017-03-14,2017-03-15,2017-03-28
0e30ee624cbd,2017-02-17,2017-03-15,2017-03-19
9f52941e2779,2017-03-11,2017-03-15,2017-03-28
d133325988c9,2017-02-28,2017-03-15,2017-03-28
289ceb78e393,2017-03-20,2017-03-20,2017-03-28
a6659b952bf3,2017-02-22,2017-03-15,2017-03-24
1fdc7154bfa3,2017-02-27,2017-03-15,2017-03-28
fef68f712f20,2017-02-19,2017-03-15,2017-03-21
4880ebd741aa,2017-03-15,2017-03-15,2017-03-28
b13146fa137a,2017-03-24,2017-03-24,2017-03-28
97e43590e42b,2017-02-19,2017-03-15,2017-03-21
686945f112e6,2017-02-16,2017-03-15,2017-03-18
54a401841321,2017-03-01,2017-03-15,2017-03-21
8b564dd9e2a2,2017-02-23,2017-03-15,2017-03-25
d9ae86f4a281,2017-03-28,2017-03-28,2017-03-28
a32cfef91c86,2017-02-26,2017-03-15,2017-03-27
7814cb9def0c,2017-03-09,2017-03-15,2017-03-28
3777a7c6316e,2017-03-19,2017-03-19,2017-03-28
f8cae9d0e918,2017-03-23,2017-03-23,2017-03-28
4db77e62f159,2017-03-13,2017-03-15,2017-03-28
dc9f903897e3,2017-03-26,2017-03-26,2017-03-26
603cfd3fd852,2017-03-26,2017-03-26,2017-03-28
a64ec0548d65,2017-03-13,2017-03-15,2017-03-28
025de40e0ffc,2017-03-23,2017-03-23,2017-03-28
e336417034bc,2017-03-20,2017-03-20,2017-03-28
770193c43665,2017-03-08,2017-03-15,2017-03-28
5740e35a41de,2017-03-19,2017-03-19,2017-03-28
ff10de0cbd89,2017-02-24,2017-03-15,2017-03-25
73a2d507ad1d,2017-03-27,2017-03-27,2017-03-28
5b479deb2af1,2017-02-27,2017-03-15,2017-03-28
8ea86577bdc3,2017-03-15,2017-03-15,2017-03-28
e4ea97c29aa1,2017-03-01,2017-03-15,2017-03-28
df583e16b734,2017-02-25,2017-03-15,2017-03-27
810ee5a40b96,2017-03-26,2017-03-26,2017-03-28
959eb6a65f40,2017-02-21,2017-03-15,2017-03-23
ef2307174bf9,2017-03-25,2017-03-25,2017-03-28
e62a8f0fdc61,2017-03-19,2017-03-19,2017-03-28
3c0505e78eca,2017-03-13,2017-03-15,2017-03-28
d7e9495098ed,2017-03-22,2017-03-22,2017-03-28
39b73e16a68f,2017-02-24,2017-03-15,2017-03-26
3fba32513783,2017-02-28,2017-03-15,2017-03-28
e8d8ef9fdf52,2017-02-20,2017-03-15,2017-03-22
3e5196611aa3,2017-03-04,2017-03-15,2017-03-28
cdf11b1d1a6f,2017-02-15,2017-03-15,2017-03-17
d947cfbf6f54,2017-03-01,2017-03-15,2017-03-28
3f5c481e5677,2017-02-17,2017-03-15,2017-03-19
ff63fafb1988,2017-03-14,2017-03-15,2017-03-28
6dad82feb26d,2017-02-26,2017-03-15,2017-03-28
dd4048d3091e,2017-03-08,2017-03-15,2017-03-28
4c24d07a7e82,2017-02-16,2017-03-15,2017-03-17
7c2238744ee2,2017-03-18,2017-03-18,2017-03-28
3d3b10e534fa,2017-03-14,2017-03-15,2017-03-28
83a7cfaf0877,2017-02-27,2017-03-15,2017-03-28
a137df0c250c,2017-02-15,2017-03-15,2017-03-17
4850935d9d25,2017-02-24,2017-03-15,2017-03-26
c0890524f14a,2017-02-22,2017-03-15,2017-03-24
abafc5d0f9ae,2017-03-03,2017-03-15,2017-03-28
2ac6b7159d36,2017-02-22,2017-03-15,2017-03-24
609566ad4759,2017-03-28,2017-03-28,2017-03-28
fe5e42d409d2,2017-03-23,2017-03-23,2017-03-28
f1f9821c0d34,2017-03-18,2017-03-18,2017-03-28
7ea525ff2062,2017-03-10,2017-03-15,2017-03-25
8f6799d12249,2017-03-04,2017-03-15,2017-03-28
268cf153c114,2017-03-21,2017-03-21,2017-03-28
d1aaf13f3404,2017-03-14,2017-03-15,2017-03-28
8ef9c882379a,2017-02-25,2017-03-15,2017-03-26
30ea537d8081,2017-03-04,2017-03-15,2017-03-28
4282b8dbe219,2017-03-22,2017-03-22,2017-03-28
589dc5d8e762,2017-03-22,2017-03-22,2017-03-28
e486845f0300,2017-03-26,2017-03-26,2017-03-28
a9bb3e2e1b7e,2017-02-27,2017-03-15,2017-03-28
5223dacfffd2,2017-02-26,2017-03-15,2017-03-28
2eb803db7a7f,2017-03-22,2017-03-22,2017-03-28
b861865408dc,2017-02-18,2017-03-15,2017-03-20
ece2bf2724a0,2017-03-19,2017-03-19,2017-03-28
45ff07ec8bc2,2017-02-28,2017-03-15,2017-03-28
3cf7c6f8e801,2017-03-20,2017-03-20,2017-03-28
5d184a99d6cb,2017-02-14,2017-03-15,2017-03-16
ebc4d17b1b0d,2017-03-26,2017-03-26,2017-03-28
da0028f1e2db,2017-02-15,2017-03-15,2017-03-17
dc6cb104afca,2017-02-28,2017-03-15,2017-03-28
d749b251c860,2017-03-04,2017-03-15,2017-03-28
2c5575e50ffc,2017-03-12,2017-03-15,2017-03-28
dd8f5931a04d,2017-03-02,2017-03-15,2017-03-28
72d2634ec062,2017-03-04,2017-03-15,2017-03-28
62c48ca7968f,2017-02-28,2017-03-15,2017-03-28
139728c6976d,2017-02-18,2017-03-15,2017-03-19
401148bd5edb,2017-02-17,2017-03-15,2017-03-19
d630b7aecea5,2017-03-18,2017-03-18,2017-03-28
e8df06e43e86,2017-03-21,2017-03-21,2017-03-28
26009695cf55,2017-03-03,2017-03-15,2017-03-28
8389e5146271,2017-02-28,2017-03-15,2017-03-28
8cdd998be80f,2017-02-23,2017-03-15,2017-03-24
2f5cc95508b0,2017-03-21,2017-03-21,2017-03-28
3466cb4f4d87,2017-03-09,2017-03-15,2017-03-28
61255ea31550,2017-02-21,2017-03-15,2017-03-23
44f163f93bb4,2017-03-06,2017-03-15,2017-03-28
fc32bc09b5d0,2017-03-17,2017-03-17,2017-03-28
86127bf09244,2017-02-21,2017-03-15,2017-03-23
de88c00125e6,2017-03-08,2017-03-15,2017-03-28
df572338bc14,2017-03-20,2017-03-20,2017-03-28
7a45f84b2de2,2017-03-11,2017-03-15,2017-03-28
dbe8aa8c8962,2017-03-16,2017-03-16,2017-03-20
87fa242c7164,2017-03-17,2017-03-17,2017-03-28
bd429d4ff083,2017-03-21,2017-03-21,2017-03-28
6400542488db,2017-03-09,2017-03-15,2017-03-28
4f0c4025dde2,2017-02-20,2017-03-15,2017-03-21
f5c551d72113,2017-02-20,2017-03-15,2017-03-22
21cb650a4ab8,2017-03-08,2017-03-15,2017-03-28
54216e99d27e,2017-03-15,2017-03-15,2017-03-28
a27761e476d1,2017-03-09,2017-03-15,2017-03-28
7b543f320dc1,2017-03-22,2017-03-22,2017-03-28
d1fa25d0c2f4,2017-03-03,2017-03-15,2017-03-28
5a344e23dd0d,2017-03-22,2017-03-22,2017-03-28
1cf9f388e725,2017-03-09,2017-03-15,2017-03-28
43a859dcb1fa,2017-03-16,2017-03-16,2017-03-28
2a517b729924,2017-03-07,2017-03-15,2017-03-28
250cfbc51557,2017-03-06,2017-03-15,2017-03-28
716b32624e59,2017-03-26,2017-03-26,2017-03-28
055569ddb0b4,2017-02-28,2017-03-15,2017-03-28
ace4715089c1,2017-02-25,2017-03-15,2017-03-27
9615b46ad948,2017-03-01,2017-03-15,2017-03-28
7ae3f8287890,2017-02-28,2017-03-15,2017-03-28
c8ac4408dee8,2017-03-06,2017-03-15,2017-03-28
231fc87d1bfa,2017-03-12,2017-03-15,2017-03-28
d4c769adf21d,2017-03-08,2017-03-15,2017-03-28
be5a762a6cf2,2017-03-27,2017-03-27,2017-03-28
2bd072bfc3b4,2017-03-13,2017-03-15,2017-03-28
427a15b6c708,2017-02-13,2017-03-15,2017-03-19
801b02630a72,2017-03-05,2017-03-15,2017-03-28
51d830970a5b,2017-03-16,2017-03-16,2017-03-28
136510fd5516,2017-03-01,2017-03-15,2017-03-28
fc589e17ff34,2017-03-02,2017-03-15,2017-03-28
6a54710470d1,2017-02-22,2017-03-15,2017-03-23
fa61839fe190,2017-03-10,2017-03-15,2017-03-28
bf1d0a01cef5,2017-02-27,2017-03-15,2017-03-28
2bf1567a1231,2017-03-01,2017-03-15,2017-03-28
c8ba3eaa323c,2017-02-24,2017-03-15,2017-03-26
7fbb6d687703,2017-03-01,2017-03-15,2017-03-28
9fb1b468fcf4,2017-02-16,2017-03-15,2017-03-18
a9035fed8d0b,2017-02-14,2017-03-15,2017-03-15
7a44e3c77ded,2017-03-02,2017-03-15,2017-03-28
3b88ea1a5257,2017-03-14,2017-03-15,2017-03-28
48d37dc8bae1,2017-03-07,2017-03-15,2017-03-28
e741434d4f54,2017-03-16,2017-03-16,2017-03-28
15b74be69c4a,2017-02-21,2017-03-15,2017-03-23
aa200addb0f7,2017-03-28,2017-03-28,2017-03-28
ec7296a7701a,2017-02-21,2017-03-15,2017-03-22
a352c5484bbe,2017-03-22,2017-03-22,2017-03-28
dff442def63b,2017-03-03,2017-03-15,2017-03-28
c00acacfa421,2017-03-20,2017-03-20,2017-03-28
67fae2f6de70,2017-03-03,2017-03-15,2017-03-28
77da6c940708,2017-03-02,2017-03-15,2017-03-28
74d16a36eb39,2017-02-23,2017-03-15,2017-03-25
17806b5a86ee,2017-02-24,2017-03-15,2017-03-25
a7e01b6318d8,2017-03-21,2017-03-21,2017-03-28
d8076295fbe3,2017-03-21,2017-03-21,2017-03-28
5a6de116b297,2017-03-20,2017-03-20,2017-03-28
6dec6c3cd299,2017-03-04,2017-03-15,2017-03-28
b405199daf2d,2017-02-16,2017-03-15,2017-03-18
de4ad6c72c04,2017-03-18,2017-03-18,2017-03-28
66ea324baff6,2017-03-20,2017-03-20,2017-03-28
23750f63cb1b,2017-02-21,2017-03-15,2017-03-23
8155922021d1,2017-02-28,2017-03-15,2017-03-28
9ad0619f8ef1,2017-02-26,2017-03-15,2017-03-28
417d4fa24055,2017-02-15,2017-03-15,2017-03-16
14a0d6b07a56,2017-03-02,2017-03-15,2017-03-28
9c3d6df3a80c,2017-02-20,2017-03-15,2017-03-21
59978c4faf35,2017-02-28,2017-03-15,2017-03-28
7f796cd46e28,2017-02-14,2017-03-15,2017-03-16
dea4a3c966f3,2017-03-04,2017-03-15,2017-03-28
4bafd0dfe48c,2017-02-26,2017-03-15,2017-03-27
92817df36d12,2017-03-10,2017-03-15,2017-03-28
356b23a36aed,2017-03-10,2017-03-15,2017-03-28
cd3fff9fcd71,2017-03-17,2017-03-17,2017-03-28
481869b95554,2017-03-06,2017-03-15,2017-03-28
b36c63fccec4,2017-02-24,2017-03-15,2017-03-26
24236b12af26,2017-03-14,2017-03-15,2017-03-28
982c5076696d,2017-02-19,2017-03-15,2017-03-21
d308f7d4b468,2017-03-13,2017-03-15,2017-03-28
86cb4fe5f000,2017-03-13,2017-03-15,2017-03-28
70ae9733c2b7,2017-02-15,2017-03-15,2017-03-17
2649707a5748,2017-03-25,2017-03-25,2017-03-28
966a8a40017d,2017-03-26,2017-03-26,2017-03-28
edb16a914aff,2017-03-17,2017-03-17,2017-03-28
7b5de0189337,2017-02-22,2017-03-15,2017-03-24
83eab14048e5,2017-02-13,2017-03-15,2017-03-15
21079ee790d4,2017-02-19,2017-03-15,2017-03-21
5f8bca7ae4e2,2017-02-20,2017-03-15,2017-03-21
034031ed8361,2017-03-21,2017-03-21,2017-03-28
0983445c3029,2017-02-22,2017-03-15,2017-03-23
90b587e2507d,2017-02-28,2017-03-15,2017-03-28
b9000b516694,2017-02-24,2017-03-15,2017-03-26
46a7a1466377,2017-03-09,2017-03-15,2017-03-28
93df62aaf527,2017-03-16,2017-03-16,2017-03-26
ab1660b81766,2017-03-22,2017-03-22,2017-03-28
73441e83e3d7,2017-03-11,2017-03-15,2017-03-28
28e7a0ba281d,2017-03-17,2017-03-17,2017-03-28
da41c948cceb,2017-02-17,2017-03-15,2017-03-19
ba3f5a787b87,2017-02-27,2017-03-15,2017-03-28
7cf0a5b7b87f,2017-03-06,2017-03-15,2017-03-28
6576301b2602,2017-02-22,2017-03-15,2017-03-24
a41aa72950bd,2017-03-20,2017-03-20,2017-03-28
038b76a5328a,2017-03-12,2017-03-15,2017-03-28
5ab9b3648ac2,2017-03-14,2017-03-15,2017-03-28
b2f6fcf2b300,2017-02-26,2017-03-15,2017-03-27
e22c250bce2e,2017-03-06,2017-03-15,2017-03-28
df26db474d15,2017-03-21,2017-03-21,2017-03-28
d1298642bf7a,2017-02-26,2017-03-15,2017-03-27
352ef2a648e2,2017-02-28,2017-03-15,2017-03-28
6fcee3aca665,2017-02-25,2017-03-15,2017-03-27
3120cf9d3cc5,2017-02-14,2017-03-15,2017-03-16
046fb5cf116f,2017-02-21,2017-03-15,2017-03-23
90e6f48d582d,2017-03-25,2017-03-25,2017-03-28
0d3414911b11,2017-02-21,2017-03-15,2017-03-22
503f58ec0b37,2017-03-16,2017-03-16,2017-03-28
89c79a16da52,2017-03-20,2017-03-20,2017-03-28
ee66d52e47b0,2017-03-02,2017-03-15,2017-03-26
0611ae13dc44,2017-03-25,2017-03-25,2017-03-28
2daa66a7b389,2017-03-04,2017-03-15,2017-03-28
8ce8201a420a,2017-03-04,2017-03-15,2017-03-28
39c45a8236c6,2017-03-03,2017-03-15,2017-03-28
717df81fbefe,2017-02-22,2017-03-15,2017-03-24
090fd7665708,2017-03-15,2017-03-15,2017-03-28
76ce10572523,2017-03-16,2017-03-16,2017-03-28
6bf73c16076e,2017-02-21,2017-03-15,2017-03-23
65ec79ecea3f,2017-03-18,2017-03-18,2017-03-28
be68830381ab,2017-03-24,2017-03-24,2017-03-28
c2d73f5f581c,2017-03-09,2017-03-15,2017-03-28
1929faf1b295,2017-02-25,2017-03-15,2017-03-27
70810ce5db3e,2017-03-24,2017-03-24,2017-03-28
9cb56fa9f926,2017-03-17,2017-03-17,2017-03-28
2a46ece2bf5b,2017-03-13,2017-03-15,2017-03-28
3f43312e1830,2017-02-24,2017-03-15,2017-03-26
2a5ad5a5779a,2017-02-27,2017-03-15,2017-03-17
fd800b1d2372,2017-03-02,2017-03-15,2017-03-28
bf0099a9b688,2017-03-19,2017-03-19,2017-03-28
c37edd71c7d1,2017-03-11,2017-03-15,2017-03-28
a3b32dfa22d1,2017-03-07,2017-03-15,2017-03-28
6b0ecf2caab8,2017-02-28,2017-03-15,2017-03-28
5a686cef1ee2,2017-02-24,2017-03-15,2017-03-26
d92ec4715442,2017-02-17,2017-03-15,2017-03-19
008d7abbe9f7,2017-03-11,2017-03-15,2017-03-22
b1c40362c085,2017-02-14,2017-03-15,2017-03-16
da4af7d06635,2017-02-25,2017-03-15,2017-03-27
ea00bbe59d04,2017-03-13,2017-03-15,2017-03-28
3476a0437d1e,2017-02-25,2017-03-15,2017-03-27
6a0258d4f828,2017-03-18,2017-03-18,2017-03-28
0ae3c6a17b78,2017-03-19,2017-03-19,2017-03-28
565c95189617,2017-03-27,2017-03-27,2017-03-28
2f7f0001cb89,2017-03-22,2017-03-22,2017-03-28
59e2a71b5b0d,2017-03-19,2017-03-19,2017-03-28
c03916894422,2017-03-09,2017-03-15,2017-03-28
5a13e6bcf198,2017-02-26,2017-03-15,2017-03-27
8982a7216f41,2017-03-25,2017-03-25,2017-03-28
0590c5a4aa34,2017-03-27,2017-03-27,2017-03-28
aef7c10c6dfe,2017-03-10,2017-03-15,2017-03-16
32821f6f629f,2017-03-18,2017-03-18,2017-03-28
0cfc00322f41,2017-03-03,2017-03-15,2017-03-24
a825194a2425,2017-03-11,2017-03-15,2017-03-28
e17419306007,2017-03-11,2017-03-15,2017-03-28
19d4b63f671b,2017-02-23,2017-03-15,2017-03-25
c1b684f3f874,2017-03-08,2017-03-15,2017-03-28
a20b356f3081,2017-02-21,2017-03-15,2017-03-23
524a8a8c9ce2,2017-02-26,2017-03-15,2017-03-27
21eede14b69b,2017-02-21,2017-03-15,2017-03-23
e4b0e6af44f9,2017-03-06,2017-03-15,2017-03-28
d59f8461a1f1,2017-03-23,2017-03-23,2017-03-28
ef817018c153,2017-02-21,2017-03-15,2017-03-23
e92a1ac61558,2017-03-14,2017-03-15,2017-03-28
66e158857805,2017-03-23,2017-03-23,2017-03-28
839b1a704e3b,2017-03-01,2017-03-15,2017-03-28
e0095a49d700,2017-02-27,2017-03-15,2017-03-28
07a96e3fa405,2017-03-05,2017-03-15,2017-03-28
e97436138ec0,2017-03-27,2017-03-27,2017-03-28
8ebf678cbfb0,2017-02-16,2017-03-15,2017-03-18
41f22fa64afc,2017-02-16,2017-03-15,2017-03-18
c63fac5226d0,2017-03-10,2017-03-15,2017-03-28
54c93e1f485e,2017-03-15,2017-03-15,2017-03-28
ef9d7fb519f5,2017-03-14,2017-03-15,2017-03-28
adb5b1098fe8,2017-02-24,2017-03-15,2017-03-26
08b9b08ca840,2017-02-20,2017-03-15,2017-03-22
04684e15cfb1,2017-03-12,2017-03-15,2017-03-17
7c0d9124b4ce,2017-03-20,2017-03-20,2017-03-28
98c27e81ab97,2017-03-17,2017-03-17,2017-03-28
26eddb970152,2017-02-19,2017-03-15,2017-03-21
70a3787b9de3,2017-03-12,2017-03-15,2017-03-28
bfbf061afe18,2017-02-20,2017-03-15,2017-03-22
3b6deb5f9ab3,2017-03-19,2017-03-19,2017-03-28
d23d9697fd71,2017-03-08,2017-03-15,2017-03-28
5339797630b0,2017-03-14,2017-03-15,2017-03-28
7858eb4a3121,2017-02-13,2017-03-15,2017-03-15
c1711c64baf9,2017-03-16,2017-03-16,2017-03-28
11eee94e7c6c,2017-03-26,2017-03-26,2017-03-28
67bba5f29767,2017-02-23,2017-03-15,2017-03-25
d8b3598e7396,2017-03-17,2017-03-17,2017-03-28
b2ecf91e3644,2017-03-27,2017-03-27,2017-03-28
6c62b8c89022,2017-02-14,2017-03-15,2017-03-16
cd09e3d92a8b,2017-03-01,2017-03-15,2017-03-28
1d0290eb4a09,2017-03-20,2017-03-20,2017-03-28
361109883f0a,2017-03-28,2017-03-28,2017-03-28
221b515f42bf,2017-03-26,2017-03-26,2017-03-28
3053d8f668d7,2017-03-19,2017-03-19,2017-03-28
77c2dafb620b,2017-02-25,2017-03-15,2017-03-27
2b4c2d652598,2017-02-17,2017-03-15,2017-03-19
02d88185d5da,2017-03-04,2017-03-15,2017-03-28
053ed97b6ae9,2017-03-14,2017-03-15,2017-03-28
34be0ef4c3ac,2017-03-22,2017-03-22,2017-03-28
10251c7706f5,2017-02-21,2017-03-15,2017-03-23
6aae7f563f71,2017-03-01,2017-03-15,2017-03-18
a4407aa2dd4f,2017-03-27,2017-03-27,2017-03-28
e90371709e3f,2017-03-22,2017-03-22,2017-03-28
776657413ef2,2017-03-18,2017-03-18,2017-03-28
8f82f5676e69,2017-02-17,2017-03-15,2017-03-19
b75b262af8e6,2017-03-10,2017-03-15,2017-03-28
7f5445841e87,2017-02-16,2017-03-15,2017-03-17
afdd5d704b82,2017-03-01,2017-03-15,2017-03-28
f7648e57f4a0,2017-03-07,2017-03-15,2017-03-28
5c5bf2986b5d,2017-03-13,2017-03-15,2017-03-28
d80bd2e75314,2017-02-25,2017-03-15,2017-03-27
6b52c07af8de,2017-02-21,2017-03-15,2017-03-23
d4321d5ea9a5,2017-03-08,2017-03-15,2017-03-28
aa95819af3e4,2017-03-10,2017-03-15,2017-03-28
d38de19c8c5f,2017-03-11,2017-03-15,2017-03-28
aef3e33af9fc,2017-03-05,2017-03-15,2017-03-28
cf2c73417d62,2017-02-15,2017-03-15,2017-03-17
93312bbfaf94,2017-02-19,2017-03-15,2017-03-21
1f5df4a76f08,2017-03-01,2017-03-15,2017-03-28
8e71ccfd4570,2017-02-17,2017-03-15,2017-03-19
39ce111eed95,2017-03-20,2017-03-20,2017-03-21
bd31c4c28a93,2017-03-12,2017-03-15,2017-03-28
2b0ebca3e73e,2017-03-09,2017-03-15,2017-03-28
421cc9a6e966,2017-03-14,2017-03-15,2017-03-28
698e70a11a49,2017-02-21,2017-03-15,2017-03-22
3da8ddadedaf,2017-03-22,2017-03-22,2017-03-28
2f83fc4f7875,2017-03-10,2017-03-15,2017-03-28
99b10e488f67,2017-03-14,2017-03-15,2017-03-28
f15083eae882,2017-03-01,2017-03-15,2017-03-28
ea33641d1f3d,2017-02-20,2017-03-15,2017-03-22
447ed7e3090f,2017-03-19,2017-03-19,2017-03-28
276625d6e79e,2017-03-10,2017-03-15,2017-03-28
22892d9c3eca,2017-03-14,2017-03-15,2017-03-28
24a657552ac5,2017-02-19,2017-03-15,2017-03-21
1f0a7057d68c,2017-02-16,2017-03-15,2017-03-18
8de66ef9c63a,2017-02-26,2017-03-15,2017-03-28
c360bee61971,2017-02-23,2017-03-15,2017-03-25
ebf85d43bfd3,2017-03-26,2017-03-26,2017-03-28
d8935266c50d,2017-02-27,2017-03-15,2017-03-28
a76394472350,2017-02-20,2017-03-15,2017-03-22
e29b8edb02b1,2017-03-16,2017-03-16,2017-03-28
35d0c92956a9,2017-02-25,2017-03-15,2017-03-27
4ced1baee8ce,2017-02-19,2017-03-15,2017-03-20
735ded875af9,2017-03-19,2017-03-19,2017-03-28
6185f186e77f,2017-03-24,2017-03-24,2017-03-28
d26f4d5435c9,2017-03-06,2017-03-15,2017-03-28
00c53b4b6b0a,2017-02-20,2017-03-15,2017-03-22
be419e84cb13,2017-03-04,2017-03-15,2017-03-28
722941821f62,2017-03-16,2017-03-16,2017-03-28
b25de0b0e62f,2017-02-27,2017-03-15,2017-03-28
a35a27cc5f5d,2017-03-08,2017-03-15,2017-03-28
0af944fa4b78,2017-03-20,2017-03-20,2017-03-28
fb85f6704e18,2017-02-28,2017-03-15,2017-03-28
31a259d2b1bb,2017-03-26,2017-03-26,2017-03-28
06284d4aeef0,2017-02-17,2017-03-15,2017-03-18
9da9b22c2b82,2017-03-26,2017-03-26,2017-03-28
b034ebed0be3,2017-03-28,2017-03-28,2017-03-28
b6058ed327dc,2017-03-13,2017-03-15,2017-03-28
ed87cea34138,2017-03-08,2017-03-15,2017-03-28
8a9ede63c451,2017-03-10,2017-03-15,2017-03-28
a17657021c1f,2017-02-14,2017-03-15,2017-03-15
3476a88f4177,2017-03-24,2017-03-24,2017-03-28
8194082f8584,2017-02-18,2017-03-15,2017-03-20
87869632aa18,2017-03-27,2017-03-27,2017-03-28
3a0beda550bd,2017-03-23,2017-03-23,2017-03-28
ef3303057f73,2017-03-20,2017-03-20,2017-03-28
85668c608cda,2017-03-24,2017-03-25,2017-03-28
98bc6964a73a,2017-02-16,2017-03-15,2017-03-18
02328834eeff,2017-03-13,2017-03-15,2017-03-28
85cd0b56b28b,2017-02-14,2017-03-15,2017-03-16
6713a530de2a,2017-03-12,2017-03-15,2017-03-28
648acce9f903,2017-03-22,2017-03-22,2017-03-28
533c2b3fc841,2017-03-15,2017-03-15,2017-03-28
b12dcec4ea3d,2017-03-12,2017-03-15,2017-03-28
b56d0bb17752,2017-03-06,2017-03-15,2017-03-28
2043f6215426,2017-03-25,2017-03-25,2017-03-28
1dd91c67bcb8,2017-02-19,2017-03-15,2017-03-21
9feca60f93f3,2017-03-13,2017-03-15,2017-03-28
5e0f4f952c9d,2017-03-25,2017-03-25,2017-03-28
badc5a38499f,2017-02-28,2017-03-15,2017-03-28
bf6ae57ca6f9,2017-03-07,2017-03-15,2017-03-28
e49a285ee74b,2017-03-09,2017-03-15,2017-03-28
bafcebdd71d2,2017-02-25,2017-03-15,2017-03-26
12bbd8686090,2017-03-14,2017-03-15,2017-03-28
3ab922f88c47,2017-02-25,2017-03-15,2017-03-27
ccc22149a3bd,2017-03-01,2017-03-15,2017-03-28
edd55ab4db2f,2017-03-11,2017-03-15,2017-03-28
58ca2f409719,2017-03-27,2017-03-27,2017-03-28
88aade5a406d,2017-03-01,2017-03-15,2017-03-28
3b798b540b72,2017-03-20,2017-03-20,2017-03-28
4f862c526954,2017-03-20,2017-03-20,2017-03-28
55117f5eeb2b,2017-03-23,2017-03-23,2017-03-28
54481099d0f3,2017-02-20,2017-03-15,2017-03-22
8815fb919e8e,2017-02-16,2017-03-15,2017-03-18
ad5d2c116152,2017-02-25,2017-03-15,2017-03-26
1c18b6921690,2017-02-13,2017-03-15,2017-03-15
aac01c1def60,2017-02-23,2017-03-15,2017-03-25
3dded48b28ae,2017-03-16,2017-03-16,2017-03-28
1ee2d0547897,2017-03-05,2017-03-15,2017-03-28
13724047f99c,2017-03-24,2017-03-24,2017-03-28
37121529b06c,2017-02-14,2017-03-15,2017-03-15
cb692334dc3a,2017-02-17,2017-03-15,2017-03-19
f94206a3333e,2017-02-26,2017-03-15,2017-03-28
e6dcd1dbd05e,2017-03-10,2017-03-15,2017-03-28
87484cd8098e,2017-03-16,2017-03-16,2017-03-28
300f56004fc9,2017-03-17,2017-03-17,2017-03-28
ace8aa5d3a61,2017-02-26,2017-03-15,2017-03-28
5a60816243e6,2017-03-03,2017-03-15,2017-03-28
0dd95202350c,2017-03-19,2017-03-19,2017-03-28
580fc6b37de6,2017-02-12,2017-03-15,2017-03-15
59d8d0d493ea,2017-03-08,2017-03-15,2017-03-28
8e7ebf81f32d,2017-03-22,2017-03-22,2017-03-28
c0bcd8be9106,2017-03-27,2017-03-27,2017-03-28
d3a7c507e1d0,2017-03-04,2017-03-15,2017-03-28
ff1c76aa6484,2017-03-28,2017-03-28,2017-03-28
b325ef33276e,2017-03-18,2017-03-18,2017-03-28
dae3d156a9f2,2017-02-19,2017-03-15,2017-03-21
955cda11ab9e,2017-02-27,2017-03-15,2017-03-28
473cd37afd26,2017-03-20,2017-03-20,2017-03-28
f8847a398c73,2017-03-13,2017-03-15,2017-03-28
1fe0268ddd00,2017-03-01,2017-03-15,2017-03-28
d0e21d048315,2017-02-17,2017-03-15,2017-03-19
a615436b5e4e,2017-03-13,2017-03-15,2017-03-28
8e788ce1cfb7,2017-03-25,2017-03-25,2017-03-28
14fc474dbea5,2017-03-05,2017-03-15,2017-03-28
788d019e7ef7,2017-03-13,2017-03-15,2017-03-28
dfd57f32df48,2017-02-25,2017-03-15,2017-03-18
801157bbf311,2017-02-28,2017-03-15,2017-03-28
8a5e9cce99a9,2017-03-16,2017-03-16,2017-03-28
7cfe916530a2,2017-02-26,2017-03-15,2017-03-28
1d893df74ffa,2017-02-15,2017-03-15,2017-03-17
29b7999bbadb,2017-03-13,2017-03-15,2017-03-28
aceb2ed83eaa,2017-03-23,2017-03-23,2017-03-28
9b1e70948d81,2017-03-21,2017-03-21,2017-03-22
d6ffc5ae168b,2017-03-23,2017-03-23,2017-03-28
f36aec5b1096,2017-03-05,2017-03-15,2017-03-28
28b8994a2dd5,2017-02-27,2017-03-15,2017-03-28
112812720c75,2017-03-22,2017-03-22,2017-03-28
bb7d9052c50b,2017-02-17,2017-03-15,2017-03-18
251b93fcd2bf,2017-03-20,2017-03-20,2017-03-28
c91e05d95d7c,2017-03-23,2017-03-23,2017-03-28
bedffda0072c,2017-03-23,2017-03-23,2017-03-28
2e530947f7be,2017-03-16,2017-03-16,2017-03-28
8e20f9a9feb6,2017-02-16,2017-03-15,2017-03-17
069e46279290,2017-03-27,2017-03-28,2017-03-28
915b21eeb1e4,2017-03-12,2017-03-15,2017-03-28
dafe1b96aebb,2017-03-24,2017-03-24,2017-03-28
dbab1b9ba0de,2017-03-09,2017-03-15,2017-03-28
7cfab021ecf6,2017-03-02,2017-03-15,2017-03-28
80a40744daba,2017-03-09,2017-03-15,2017-03-28
b4c63bcde187,2017-03-14,2017-03-15,2017-03-28
f60e7eecbcf5,2017-03-22,2017-03-22,2017-03-28
9e37ce6d7bae,2017-02-15,2017-03-15,2017-03-17
4cb3e41c74ca,2017-02-15,2017-03-15,2017-03-17
02cdda4b06e9,2017-03-27,2017-03-27,2017-03-28
736a79dcd0f8,2017-03-10,2017-03-15,2017-03-28
e1bb39345121,2017-02-25,2017-03-15,2017-03-27
f9bdbf2078e6,2017-03-13,2017-03-15,2017-03-28
74665748c9a4,2017-03-24,2017-03-24,2017-03-28
29bd2b75ad46,2017-03-20,2017-03-20,2017-03-28
ab7008a15fd7,2017-03-03,2017-03-15,2017-03-28
887d0ac3c84f,2017-03-14,2017-03-15,2017-03-28
53bd2985b25f,2017-03-05,2017-03-15,2017-03-28
4825bd8d0281,2017-03-23,2017-03-23,2017-03-28
e2f2fbf3cf50,2017-03-11,2017-03-15,2017-03-28
e7a1840e2791,2017-02-27,2017-03-15,2017-03-28
195fd68db9de,2017-03-02,2017-03-15,2017-03-28
6d19f4e961c2,2017-02-16,2017-03-15,2017-03-18
d62f753fe90e,2017-02-16,2017-03-15,2017-03-18
6fb8f62cf67d,2017-03-24,2017-03-24,2017-03-28
edc5095244a7,2017-02-18,2017-03-15,2017-03-20
e38afd3484ea,2017-02-21,2017-03-15,2017-03-22
4d0ae3e39ff6,2017-03-10,2017-03-15,2017-03-28
37411af0c3f2,2017-02-25,2017-03-15,2017-03-27
6f0e470b4dc0,2017-03-05,2017-03-15,2017-03-28
04cdbb4fe591,2017-03-01,2017-03-15,2017-03-28
47a546cdf8ff,2017-03-21,2017-03-21,2017-03-28
fb2ea5ed2896,2017-03-21,2017-03-21,2017-03-28
570a6932a771,2017-03-22,2017-03-22,2017-03-28
4b96f156b32b,2017-02-28,2017-03-15,2017-03-28
3ac8e02a5750,2017-02-26,2017-03-15,2017-03-27
9b44478bb750,2017-02-19,2017-03-15,2017-03-20
f279e5368fee,2017-03-18,2017-03-18,2017-03-28
03f366630a38,2017-03-16,2017-03-16,2017-03-28
a2c4722e6535,2017-02-26,2017-03-15,2017-03-28
75203d060ab8,2017-03-12,2017-03-15,2017-03-28
e0e5d22c5bfc,2017-03-24,2017-03-24,2017-03-28
8876dd5c7123,2017-02-14,2017-03-15,2017-03-15
6553c4b5301e,2017-02-27,2017-03-15,2017-03-28
932cb33e1263,2017-03-11,2017-03-15,2017-03-28
600d35831c4d,2017-02-20,2017-03-15,2017-03-22
a4f62223439e,2017-03-09,2017-03-15,2017-03-28
028b168b8795,2017-03-19,2017-03-19,2017-03-28
4baf64943366,2017-03-17,2017-03-17,2017-03-28
44a920266b3a,2017-02-15,2017-03-15,2017-03-16
30a85bfbc963,2017-03-07,2017-03-15,2017-03-28
f3b1d9a072ea,2017-02-28,2017-03-15,2017-03-28
138d38fec936,2017-03-13,2017-03-15,2017-03-28
da12decda6f5,2017-03-14,2017-03-15,2017-03-28
bb2aa8cc2f05,2017-02-27,2017-03-15,2017-03-28
85f685183651,2017-03-22,2017-03-22,2017-03-28
6c8025fa8bdd,2017-02-19,2017-03-15,2017-03-21
0262eb7d0d57,2017-02-21,2017-03-15,2017-03-22
c52d14f4716c,2017-03-25,2017-03-25,2017-03-28
da04eb524790,2017-02-14,2017-03-15,2017-03-16
1ded4153c267,2017-03-19,2017-03-19,2017-03-28
b464046b4c37,2017-03-21,2017-03-21,2017-03-28
10098778a58d,2017-03-12,2017-03-15,2017-03-28
42845fc80537,2017-02-16,2017-03-15,2017-03-18
53dc7fd638d6,2017-02-28,2017-03-15,2017-03-28
f67e2523155a,2017-02-21,2017-03-15,2017-03-23
dfd94e4a0fe6,2017-03-28,2017-03-28,2017-03-28
92197e023212,2017-03-01,2017-03-15,2017-03-28
d71416bf58f5,2017-03-20,2017-03-20,2017-03-28
ad3cd7b89c82,2017-03-02,2017-03-15,2017-03-28
55d6c5e5a4f9,2017-02-25,2017-03-15,2017-03-27
bcd88ee46fd3,2017-02-16,2017-03-15,2017-03-18
67b92ddb4c48,2017-03-27,2017-03-27,2017-03-28
2c88e35858a4,2017-02-15,2017-03-15,2017-03-17
5177dd0420ab,2017-03-27,2017-03-27,2017-03-28
30b3b846ba3c,2017-02-27,2017-03-15,2017-03-28
05e055f337bd,2017-03-02,2017-03-15,2017-03-28
b3146ce46a01,2017-03-17,2017-03-17,2017-03-28
a0e9f265bd7d,2017-02-16,2017-03-15,2017-03-18
39bfb2914c28,2017-02-28,2017-03-15,2017-03-28
ee26a8182402,2017-03-18,2017-03-18,2017-03-28
ddcb48e94e2c,2017-03-13,2017-03-15,2017-03-28
e0468185ba94,2017-03-21,2017-03-21,2017-03-28
ef25ac555486,2017-03-17,2017-03-17,2017-03-28
3d56435c6b99,2017-03-09,2017-03-15,2017-03-28
a35c5d1bd2f8,2017-03-16,2017-03-16,2017-03-28
edba3f4262e1,2017-02-28,2017-03-15,2017-03-28
ee6dc70d1aa8,2017-02-27,2017-03-15,2017-03-28
7f44a275e91b,2017-03-12,2017-03-15,2017-03-28
0ce2233bd2c3,2017-02-24,2017-03-15,2017-03-26
c1cf400ab7e3,2017-02-22,2017-03-15,2017-03-24
5e7f03c2a6e4,2017-03-26,2017-03-26,2017-03-28
947eba7b8ee8,2017-03-05,2017-03-15,2017-03-28
a8dc80be3f67,2017-03-06,2017-03-15,2017-03-28
03c34e6badc0,2017-03-09,2017-03-15,2017-03-28
276e44cfaee8,2017-02-25,2017-03-15,2017-03-26
5fdf71655864,2017-03-04,2017-03-15,2017-03-28
c45e962e94ea,2017-03-12,2017-03-15,2017-03-20
169fa57a6737,2017-02-24,2017-03-15,2017-03-25
a29ccacf0116,2017-03-16,2017-03-16,2017-03-28
adcdaa6d4979,2017-03-24,2017-03-24,2017-03-28
9319a453df31,2017-03-02,2017-03-15,2017-03-28
066b47fa1f0c,2017-02-16,2017-03-15,2017-03-18
aa2c77ece9b5,2017-03-19,2017-03-19,2017-03-28
0aa4f420e2a6,2017-03-04,2017-03-15,2017-03-28
4fe806c58d49,2017-02-21,2017-03-15,2017-03-23
0e26e6c76915,2017-03-06,2017-03-15,2017-03-28
3ae14afa0da0,2017-03-21,2017-03-21,2017-03-28
8052e50ccc38,2017-02-25,2017-03-15,2017-03-27
1edc31a4730a,2017-03-14,2017-03-15,2017-03-28
e7532f2da5bd,2017-03-24,2017-03-24,2017-03-24
dc1714a8735a,2017-03-07,2017-03-15,2017-03-28
5dbbd1828631,2017-03-24,2017-03-24,2017-03-28
d67c465182ad,2017-03-08,2017-03-15,2017-03-28
2aa409ea7f5e,2017-02-22,2017-03-15,2017-03-24
48229e87a289,2017-03-02,2017-03-15,2017-03-28
2fede727a4e5,2017-02-15,2017-03-15,2017-03-17
1a131e449b4f,2017-02-25,2017-03-15,2017-03-27
f0278c0d207d,2017-03-22,2017-03-22,2017-03-28
6abbd21400d8,2017-03-18,2017-03-18,2017-03-28
3de428a1477a,2017-02-28,2017-03-15,2017-03-28
babbe61404d8,2017-03-19,2017-03-19,2017-03-28
823f1b0362b2,2017-03-10,2017-03-15,2017-03-18
06edbfb0c795,2017-03-25,2017-03-25,2017-03-28
f3d368a58c28,2017-03-15,2017-03-15,2017-03-28
390d0730766d,2017-03-09,2017-03-15,2017-03-28
bc7448d04320,2017-02-28,2017-03-15,2017-03-28
a7c6a033c0be,2017-02-15,2017-03-15,2017-03-17
06698ec317c3,2017-03-15,2017-03-15,2017-03-28
c49944737556,2017-03-05,2017-03-15,2017-03-28
2718d79cc0a1,2017-02-21,2017-03-15,2017-03-23
85b06030e273,2017-03-12,2017-03-15,2017-03-28
0a91e1005153,2017-02-20,2017-03-15,2017-03-22
d3041f9b0124,2017-03-14,2017-03-15,2017-03-28
b48ca4f0be73,2017-03-12,2017-03-15,2017-03-16
327b39cdaaa0,2017-03-27,2017-03-27,2017-03-28
99d47c3aa509,2017-02-28,2017-03-15,2017-03-28
b9d2cacdb9f0,2017-03-07,2017-03-15,2017-03-28
9e1ce0e7599e,2017-03-10,2017-03-15,2017-03-28
93a01b3c4106,2017-03-03,2017-03-15,2017-03-28
35cf2402e114,2017-02-14,2017-03-15,2017-03-16
df53105fb821,2017-03-25,2017-03-25,2017-03-28
aa1f449a1328,2017-03-12,2017-03-15,2017-03-28
77b3ce074cba,2017-03-24,2017-03-24,2017-03-28
2c52fb0c4bfc,2017-03-28,2017-03-28,2017-03-28
d17228e09a00,2017-02-18,2017-03-15,2017-03-19
28b39376a797,2017-03-02,2017-03-15,2017-03-28
8cc63aafb90d,2017-02-28,2017-03-15,2017-03-28
336de733833e,2017-03-06,2017-03-15,2017-03-28
cb1cfee1c364,2017-02-19,2017-03-15,2017-03-21
32634c4e742d,2017-02-22,2017-03-15,2017-03-24
924d6a0d7799,2017-02-14,2017-03-15,2017-03-15
4e8ec4ae124f,2017-03-04,2017-03-15,2017-03-28
d20335578493,2017-03-23,2017-03-23,2017-03-28
49a7d5b795ef,2017-02-25,2017-03-15,2017-03-26
5f3a8cd5f041,2017-03-26,2017-03-26,2017-03-28
9dd1f1abe8be,2017-03-05,2017-03-15,2017-03-28
305c6bc89c4f,2017-03-15,2017-03-15,2017-03-28
186fc817da59,2017-02-26,2017-03-15,2017-03-28
50b77ec5ec63,2017-03-03,2017-03-15,2017-03-28
e19dc346f887,2017-02-20,2017-03-15,2017-03-22
8fb5fe34c88a,2017-03-23,2017-03-23,2017-03-28
60cf93aa1a96,2017-03-02,2017-03-15,2017-03-28
fe250c153a6d,2017-03-06,2017-03-15,2017-03-28
373b662d8b87,2017-03-03,2017-03-15,2017-03-28
7e7e108da3c8,2017-02-18,2017-03-15,2017-03-19
61c770ea1ef3,2017-02-28,2017-03-15,2017-03-28
4eebd0a12444,2017-03-20,2017-03-20,2017-03-28
62be15b601b4,2017-03-22,2017-03-22,2017-03-28
c27f23351f3c,2017-02-15,2017-03-15,2017-03-17
5551b935c827,2017-03-19,2017-03-19,2017-03-28
2c9566282bf3,2017-03-28,2017-03-28,2017-03-28
222b31d84484,2017-03-28,2017-03-28,2017-03-28
29ed7e2bad7c,2017-02-18,2017-03-15,2017-03-20
232f89a64ba6,2017-02-27,2017-03-15,2017-03-28
e1ab83df1290,2017-03-26,2017-03-26,2017-03-28
60551d2a7423,2017-03-28,2017-03-28,2017-03-28
e90f6b8eb543,2017-03-15,2017-03-15,2017-03-28
ea24ce47525d,2017-03-20,2017-03-20,2017-03-28
f20e3d848376,2017-03-22,2017-03-22,2017-03-28
36746dcb1e3a,2017-03-28,2017-03-28,2017-03-28
0c88ab1a92c0,2017-03-23,2017-03-23,2017-03-28
9b8a27d1167c,2017-03-25,2017-03-25,2017-03-28
eae0330f54b6,2017-03-14,2017-03-15,2017-03-28
e05e5b9b3e92,2017-02-16,2017-03-15,2017-03-17
589b8eb40d48,2017-03-25,2017-03-25,2017-03-28
b49de18d4172,2017-03-23,2017-03-23,2017-03-28
4f6350663d4b,2017-02-14,2017-03-15,2017-03-16
63a19ffbb64d,2017-03-18,2017-03-18,2017-03-28
22af288a53fd,2017-02-27,2017-03-15,2017-03-28
3d1f6f4672f0,2017-03-13,2017-03-15,2017-03-28
ce28c93f68dc,2017-03-10,2017-03-15,2017-03-17
509b9511147b,2017-02-18,2017-03-15,2017-03-19
a32ff3564c79,2017-02-25,2017-03-15,2017-03-27
a182d6c48eb0,2017-03-02,2017-03-15,2017-03-19
756d3b4d66ca,2017-03-04,2017-03-15,2017-03-28
31bc29d5c120,2017-03-01,2017-03-15,2017-03-28
5f9fab3df3d0,2017-03-12,2017-03-15,2017-03-28
d32c42580656,2017-03-03,2017-03-15,2017-03-28
964a0c63fa0d,2017-03-12,2017-03-15,2017-03-22
4a675365f243,2017-03-25,2017-03-25,2017-03-28
420763f94f9d,2017-03-16,2017-03-16,2017-03-28
bb3ac5f67d13,2017-02-17,2017-03-15,2017-03-19
9d1a20dff049,2017-03-17,2017-03-17,2017-03-28
317b7612056f,2017-02-26,2017-03-15,2017-03-27
fc33032ae317,2017-02-19,2017-03-15,2017-03-21
bb641fad152f,2017-02-20,2017-03-15,2017-03-22
a1bd62c8f756,2017-03-27,2017-03-27,2017-03-28
84eefa3edf05,2017-03-26,2017-03-26,2017-03-28
3f2ee25b9184,2017-03-22,2017-03-22,2017-03-28
5a672faaad0a,2017-03-16,2017-03-16,2017-03-17
f48ceef99a56,2017-02-28,2017-03-15,2017-03-28
11e99d958b19,2017-03-17,2017-03-17,2017-03-28
728c22c4ed3d,2017-02-20,2017-03-15,2017-03-22
52609d189a64,2017-03-23,2017-03-23,2017-03-28
4d9cc168b500,2017-02-17,2017-03-15,2017-03-19
a7c753857483,2017-02-22,2017-03-15,2017-03-24
c3b904b989bb,2017-03-10,2017-03-15,2017-03-28
dd1695dbac29,2017-03-28,2017-03-28,2017-03-28
134a27006f13,2017-02-16,2017-03-15,2017-03-18
f5569b9119af,2017-02-22,2017-03-15,2017-03-23
ab4a6945bc05,2017-03-20,2017-03-20,2017-03-28
a32bd427c4ba,2017-02-16,2017-03-15,2017-03-17
e3de7c0429bf,2017-03-14,2017-03-15,2017-03-28
f631e5edc97b,2017-02-17,2017-03-15,2017-03-19
5700015fcf76,2017-02-28,2017-03-15,2017-03-28
ee15c630e26d,2017-03-02,2017-03-15,2017-03-28
65d7d09fb225,2017-03-12,2017-03-15,2017-03-28
8646129a5fc6,2017-02-13,2017-03-15,2017-03-15
38799b831f3a,2017-03-16,2017-03-16,2017-03-28
2921ae192857,2017-03-17,2017-03-17,2017-03-28
b4c3ee4d8ed2,2017-03-14,2017-03-15,2017-03-28
09726beb36c8,2017-03-07,2017-03-15,2017-03-27
384ba979d904,2017-03-05,2017-03-15,2017-03-28
e6f0dddfe15b,2017-02-25,2017-03-15,2017-03-27
ecb7122e23c4,2017-03-27,2017-03-27,2017-03-28
19db0ea620d2,2017-02-17,2017-03-15,2017-03-18
a0634ca44ee8,2017-02-18,2017-03-15,2017-03-20
4d7a9d349424,2017-02-25,2017-03-15,2017-03-27
5b53790715dd,2017-03-13,2017-03-15,2017-03-28
1038b11af0c1,2017-03-14,2017-03-15,2017-03-28
a8e4417f3763,2017-03-10,2017-03-15,2017-03-28
6fe793f1101a,2017-03-06,2017-03-15,2017-03-28
0889501c4081,2017-02-14,2017-03-15,2017-03-16
952c18c47efb,2017-02-22,2017-03-15,2017-03-24
78e9a4f92102,2017-02-14,2017-03-15,2017-03-15
e1c10a199dad,2017-02-15,2017-03-15,2017-03-17
c38e69ffa394,2017-03-20,2017-03-20,2017-03-28
67f572fd3eb7,2017-03-01,2017-03-15,2017-03-28
acc6080f896b,2017-02-26,2017-03-15,2017-03-27
fb767d9c0f83,2017-02-25,2017-03-15,2017-03-27
6550597f86be,2017-02-17,2017-03-15,2017-03-19
0993133f0902,2017-02-15,2017-03-15,2017-03-17
20014e699331,2017-03-13,2017-03-15,2017-03-28
48e8de180a26,2017-03-01,2017-03-15,2017-03-28
798da83cd3cc,2017-02-15,2017-03-15,2017-03-17
7558b852ce57,2017-02-25,2017-03-15,2017-03-27
e89e20277b71,2017-02-27,2017-03-15,2017-03-28
527f6f667d30,2017-03-13,2017-03-15,2017-03-28
62ae52172150,2017-03-25,2017-03-25,2017-03-28
24783bdd513d,2017-03-04,2017-03-15,2017-03-28
e15345ea160f,2017-03-27,2017-03-27,2017-03-28
9106347c95ac,2017-02-25,2017-03-15,2017-03-27
6b91bf35d6c5,2017-02-27,2017-03-15,2017-03-28
c46895432b5b,2017-02-26,2017-03-15,2017-03-28
91837c662e29,2017-03-19,2017-03-19,2017-03-28
b26077b36752,2017-03-02,2017-03-15,2017-03-28
ec6aa796b0c7,2017-03-07,2017-03-15,2017-03-28
bd39f1cc8726,2017-03-12,2017-03-15,2017-03-28
82e0b1e52d48,2017-02-20,2017-03-15,2017-03-22
4e8a0e3c6057,2017-03-04,2017-03-15,2017-03-28
97f95c178786,2017-03-10,2017-03-15,2017-03-28
b80ed917d460,2017-02-18,2017-03-19,2017-03-19
846924b76eb6,2017-02-21,2017-03-15,2017-03-22
7b212a7135ce,2017-03-05,2017-03-15,2017-03-28
bb1ded00c374,2017-03-17,2017-03-17,2017-03-28
620fe4cd564e,2017-03-06,2017-03-15,2017-03-25
545ccf44c06d,2017-03-11,2017-03-15,2017-03-28
0ef1a8f4b02b,2017-02-15,2017-03-15,2017-03-17
2010b8a6e950,2017-02-22,2017-03-15,2017-03-23
8dd41c55898d,2017-02-18,2017-03-15,2017-03-19
16416003e53c,2017-02-17,2017-03-15,2017-03-19
b01f006b541f,2017-03-09,2017-03-15,2017-03-28
d68a9c1f4f28,2017-03-23,2017-03-23,2017-03-23
bb8bbcf24228,2017-03-12,2017-03-15,2017-03-28
f1f55d56b6b1,2017-02-25,2017-03-15,2017-03-27
51cf0ccebf26,2017-03-12,2017-03-15,2017-03-28
c4192e5054ec,2017-03-16,2017-03-16,2017-03-28
ce0478cee490,2017-03-22,2017-03-22,2017-03-28
953e04bc55b0,2017-03-26,2017-03-26,2017-03-28
0807065c4775,2017-03-15,2017-03-15,2017-03-19
9444f07275a6,2017-03-12,2017-03-15,2017-03-28
feee2c64b9d6,2017-03-12,2017-03-15,2017-03-28
51d7a4dbedd4,2017-03-15,2017-03-15,2017-03-27
ad63a4632ec6,2017-02-17,2017-03-15,2017-03-19
f61d995edc6e,2017-02-22,2017-03-15,2017-03-24
bc7d58a467a4,2017-02-19,2017-03-15,2017-03-21
cc1f79ed114e,2017-02-27,2017-03-15,2017-03-28
7c1de78cf316,2017-02-15,2017-03-15,2017-03-17
d43f2f9aa8af,2017-03-18,2017-03-18,2017-03-28
4e9b59ef2216,2017-02-20,2017-03-15,2017-03-21
fcc1e2b5c5af,2017-03-09,2017-03-15,2017-03-17
de8bb764971e,2017-03-24,2017-03-24,2017-03-28
11da3d9ed95d,2017-02-21,2017-03-15,2017-03-23
5ee08ad34150,2017-02-22,2017-03-15,2017-03-24
e1f9da2e81af,2017-03-10,2017-03-15,2017-03-28
f6b3faa700e3,2017-03-03,2017-03-15,2017-03-28
98c1e023c99a,2017-03-28,2017-03-28,2017-03-28
ad127bdf976c,2017-03-08,2017-03-15,2017-03-28
be054f5fd75f,2017-03-05,2017-03-15,2017-03-28
a914b5e16e29,2017-03-23,2017-03-23,2017-03-28
519faee616e0,2017-02-23,2017-03-15,2017-03-25
9334512bd61f,2017-02-21,2017-03-15,2017-03-22
0eb84bef5f1e,2017-02-22,2017-03-15,2017-03-23
390c6442d8f1,2017-03-26,2017-03-26,2017-03-28
485a59bf056f,2017-02-28,2017-03-15,2017-03-28
2345e54f8536,2017-03-17,2017-03-17,2017-03-28
170357165894,2017-02-14,2017-03-15,2017-03-16
9f97ab223d8c,2017-03-05,2017-03-15,2017-03-28
c388d7b6c723,2017-03-23,2017-03-23,2017-03-28
037bba26566e,2017-03-09,2017-03-15,2017-03-28
93e91289fd78,2017-02-17,2017-03-15,2017-03-19
ebdaa038e585,2017-02-22,2017-03-15,2017-03-24
1b366bd7a036,2017-02-24,2017-03-15,2017-03-26
b6f8126e9ec8,2017-03-11,2017-03-15,2017-03-28
b6733c98e212,2017-02-16,2017-03-15,2017-03-18
f85c76a8675c,2017-03-09,2017-03-15,2017-03-28
9a0d4251b0f4,2017-03-04,2017-03-15,2017-03-28
2a64d63fc7f7,2017-03-19,2017-03-19,2017-03-28
2aae0e5f555d,2017-02-22,2017-03-15,2017-03-24
27896d7840de,2017-03-05,2017-03-15,2017-03-28
945bb5a5701f,2017-03-22,2017-03-22,2017-03-28
2cfdc2f6d4fd,2017-02-17,2017-03-15,2017-03-19
4ef708eecd18,2017-02-15,2017-03-15,2017-03-16
3931bdfbeccd,2017-02-16,2017-03-15,2017-03-18
4bebf7ca885b,2017-03-27,2017-03-27,2017-03-28
0332895d34a4,2017-02-26,2017-03-15,2017-03-28
4970e3031c46,2017-03-24,2017-03-24,2017-03-28
5123ca3d81ae,2017-03-23,2017-03-23,2017-03-28
fa0bf82efd9e,2017-03-14,2017-03-15,2017-03-28
6a339b16bf50,2017-03-15,2017-03-15,2017-03-28
90fd1c0ccd55,2017-03-24,2017-03-24,2017-03-28
6887ea565086,2017-03-23,2017-03-23,2017-03-28
aaa26a864fe1,2017-03-21,2017-03-21,2017-03-28
fec26111a782,2017-02-26,2017-03-15,2017-03-28
b0b3169b101a,2017-02-22,2017-03-15,2017-03-23
e7843c4b8748,2017-02-16,2017-03-15,2017-03-17
bd8ff9dd3895,2017-03-27,2017-03-27,2017-03-28
8016c2f3e35e,2017-02-20,2017-03-15,2017-03-22
9313fa98bc23,2017-02-20,2017-03-15,2017-03-22
85f36137ed98,2017-03-25,2017-03-25,2017-03-25
3fc44a6d7bc1,2017-03-17,2017-03-17,2017-03-28
c906b7c50306,2017-02-21,2017-03-15,2017-03-23
0dd61765bcde,2017-02-14,2017-03-15,2017-03-16
6f701373b7a3,2017-02-28,2017-03-15,2017-03-28
4291b61b44b1,2017-03-27,2017-03-27,2017-03-28
dc067da17c4b,2017-03-16,2017-03-16,2017-03-28
3eda98ae9f52,2017-03-01,2017-03-15,2017-03-28
e15b6ee2e58f,2017-02-17,2017-03-15,2017-03-18
354ba552920f,2017-02-17,2017-03-15,2017-03-19
f7f7f9a8a4ac,2017-03-14,2017-03-15,2017-03-28
8b0265070a3e,2017-02-19,2017-03-15,2017-03-21
93144cc7e897,2017-02-25,2017-03-15,2017-03-27
68c830a1fec6,2017-02-28,2017-03-15,2017-03-28
03a9f6b0449c,2017-02-24,2017-03-15,2017-03-26
3067202355c1,2017-03-28,2017-03-28,2017-03-28
60d6c0046dde,2017-02-23,2017-03-15,2017-03-24
bc4c6c46c701,2017-02-18,2017-03-15,2017-03-19
2c2704583f15,2017-03-04,2017-03-15,2017-03-28
8a6e535bf3cf,2017-02-27,2017-03-15,2017-03-28
071cfcaeb3dc,2017-03-24,2017-03-24,2017-03-28
b8931823e4ff,2017-03-04,2017-03-15,2017-03-26
97a654340a2c,2017-02-14,2017-03-15,2017-03-16
efba6f96c11a,2017-02-28,2017-03-15,2017-03-28
cd9ac791b166,2017-03-26,2017-03-27,2017-03-28
f91432cd6188,2017-02-17,2017-03-15,2017-03-19
16f82d3e094e,2017-02-15,2017-03-15,2017-03-16
24f995951761,2017-02-19,2017-03-15,2017-03-20
8230b96646af,2017-03-22,2017-03-22,2017-03-28
8a310ce340ef,2017-03-23,2017-03-23,2017-03-28
9c00fa8daa2c,2017-03-12,2017-03-15,2017-03-28
e0d428a8516b,2017-02-27,2017-03-15,2017-03-28
fb7b10685088,2017-03-11,2017-03-15,2017-03-28
72d32d98cbf8,2017-03-10,2017-03-15,2017-03-27
278b24133a99,2017-03-20,2017-03-20,2017-03-28
dcd77af6e44a,2017-02-26,2017-03-15,2017-03-28
edf698095ef2,2017-02-15,2017-03-15,2017-03-16
8fbe90a2f9b3,2017-03-03,2017-03-15,2017-03-28
48e94e8c63a2,2017-02-16,2017-03-15,2017-03-17
7b5639e8a041,2017-03-15,2017-03-15,2017-03-23
e64f7dab223b,2017-02-25,2017-03-15,2017-03-27
8a7a0bec3e2a,2017-03-17,2017-03-17,2017-03-28
92393d9fa178,2017-02-23,2017-03-15,2017-03-25
3dc65f0bdfd1,2017-03-12,2017-03-15,2017-03-28
04217696001c,2017-03-12,2017-03-15,2017-03-28
e6fe2a12ca65,2017-03-28,2017-03-28,2017-03-28
ad8bf9927158,2017-03-02,2017-03-15,2017-03-28
598b18325ca8,2017-02-28,2017-03-15,2017-03-28
97206d034a81,2017-03-20,2017-03-20,2017-03-28
1db1d6d367cd,2017-02-27,2017-03-15,2017-03-28
d07fb9744c63,2017-02-14,2017-03-15,2017-03-16
fd41eca0a2b1,2017-03-21,2017-03-21,2017-03-28
a3dd845a267a,2017-03-27,2017-03-27,2017-03-28
25cb3b8c46ad,2017-03-28,2017-03-28,2017-03-28
b220965787c1,2017-02-24,2017-03-15,2017-03-26
ec81cef91c36,2017-02-17,2017-03-15,2017-03-19
b7cc7a1d3bb8,2017-03-22,2017-03-22,2017-03-28
a2890015c69b,2017-02-22,2017-03-15,2017-03-24
85b341a982e5,2017-02-14,2017-03-15,2017-03-16
0db792033a8d,2017-02-20,2017-03-15,2017-03-21
21dde2b210b8,2017-03-13,2017-03-15,2017-03-28
bcac2941b1b8,2017-02-23,2017-03-15,2017-03-25
4997b06ed88a,2017-03-20,2017-03-20,2017-03-28
292fd6440e17,2017-03-23,2017-03-23,2017-03-28
4b106bd11d53,2017-03-05,2017-03-15,2017-03-28
1141d76d1b40,2017-03-23,2017-03-23,2017-03-28
63949df28d39,2017-03-09,2017-03-15,2017-03-28
b7db27fed462,2017-03-16,2017-03-16,2017-03-28
d42436f48fcd,2017-03-09,2017-03-15,2017-03-28
ea523efd2bcd,2017-03-25,2017-03-25,2017-03-28
6e3106c30682,2017-02-19,2017-03-15,2017-03-21
c144bc8c12f8,2017-03-26,2017-03-26,2017-03-28
7c5548fe8c64,2017-02-22,2017-03-15,2017-03-24
c393878f4cd8,2017-02-13,2017-03-15,2017-03-15
9e60318f2bab,2017-03-04,2017-03-15,2017-03-28
95580c347e4a,2017-02-15,2017-03-15,2017-03-16
1ff3942cdf2f,2017-03-20,2017-03-20,2017-03-28
b43cbe96b568,2017-02-16,2017-03-15,2017-03-18
104418d2835e,2017-03-02,2017-03-15,2017-03-28
30647891b663,2017-03-02,2017-03-15,2017-03-28
719666eee427,2017-03-12,2017-03-15,2017-03-28
a9500b6c34c5,2017-02-18,2017-03-15,2017-03-20
c5949d0e98fc,2017-03-03,2017-03-15,2017-03-28
8d2b420f4ee4,2017-03-15,2017-03-15,2017-03-28
057fe3d83b1d,2017-02-14,2017-03-15,2017-03-16
2b9b7aac272a,2017-02-16,2017-03-15,2017-03-18
a32c3bc7bab9,2017-02-15,2017-03-15,2017-03-17
a7a78b2a8a6d,2017-03-05,2017-03-15,2017-03-28
3010f0e3bd53,2017-02-16,2017-03-15,2017-03-17
6742f983cf55,2017-03-22,2017-03-22,2017-03-28
aef93c8327c8,2017-03-02,2017-03-15,2017-03-28
a54c9d5174ca,2017-02-22,2017-03-15,2017-03-24
212c56bde10f,2017-02-27,2017-03-15,2017-03-28
d5043872380c,2017-03-07,2017-03-15,2017-03-21
8d079752119e,2017-03-22,2017-03-22,2017-03-28
81c9bad51a82,2017-02-26,2017-03-15,2017-03-28
1bb3a0aea999,2017-02-25,2017-03-15,2017-03-27
dc4b38a450e5,2017-02-27,2017-03-15,2017-03-28
19773c8b3197,2017-02-25,2017-03-15,2017-03-27
6e9b39caa602,2017-02-28,2017-03-15,2017-03-28
4101cd27ba40,2017-03-09,2017-03-15,2017-03-28
b65e3edfcadc,2017-02-27,2017-03-15,2017-03-28
4eb8871e5d4c,2017-02-22,2017-03-15,2017-03-24
8939613d71b5,2017-02-26,2017-03-15,2017-03-28
d19473f7481b,2017-03-23,2017-03-23,2017-03-28
2fadc51855f8,2017-03-17,2017-03-17,2017-03-28
573e2d5f83c5,2017-03-13,2017-03-15,2017-03-28
8b934ec9a9d8,2017-02-16,2017-03-15,2017-03-18
50591d7ead3c,2017-03-27,2017-03-27,2017-03-28
588bd5444411,2017-02-20,2017-03-15,2017-03-21
cda687fe4448,2017-03-16,2017-03-16,2017-03-28
f3264e51542c,2017-02-14,2017-03-15,2017-03-16
0e9e40a93f0f,2017-02-19,2017-03-15,2017-03-21
e1f67cedd678,2017-02-23,2017-03-15,2017-03-25
fc291b37a6f4,2017-02-22,2017-03-15,2017-03-24
10828a3fd784,2017-03-09,2017-03-15,2017-03-28
6309bafc670d,2017-02-24,2017-03-15,2017-03-26
0b06b77e28be,2017-02-22,2017-03-15,2017-03-24
8b186b382158,2017-03-15,2017-03-15,2017-03-28
0bff840aed1e,2017-02-26,2017-03-15,2017-03-28
10ac7ac9caa5,2017-03-07,2017-03-15,2017-03-28
bd75a69b5f86,2017-03-13,2017-03-15,2017-03-28
7029d700e45b,2017-02-17,2017-03-15,2017-03-19
981a71974ca4,2017-02-19,2017-03-15,2017-03-21
889843e5b4d1,2017-03-22,2017-03-22,2017-03-22
b8a39eb206f6,2017-03-15,2017-03-15,2017-03-28
75fa9bbc7569,2017-02-27,2017-03-15,2017-03-28
65d4bbdcaf2b,2017-03-26,2017-03-26,2017-03-28
8b5ef6462d6a,2017-02-21,2017-03-15,2017-03-22
52963222ea3d,2017-03-13,2017-03-15,2017-03-28
15e2a1877a75,2017-03-13,2017-03-15,2017-03-28
08de40b797ac,2017-02-16,2017-03-15,2017-03-18
8ad0cb30f5db,2017-02-18,2017-03-15,2017-03-19
691f99c9ef7a,2017-03-09,2017-03-15,2017-03-28
4fc7f59b8f79,2017-02-21,2017-03-15,2017-03-22
154c4598c497,2017-03-04,2017-03-15,2017-03-28
b3c8c9ff9a98,2017-02-26,2017-03-15,2017-03-28
c6185d271835,2017-03-23,2017-03-23,2017-03-28
ca2abbc193ae,2017-03-21,2017-03-21,2017-03-28
9f360ab78f8f,2017-03-24,2017-03-24,2017-03-28
21368c2b69e5,2017-02-26,2017-03-15,2017-03-28
4960ad7a9461,2017-02-24,2017-03-15,2017-03-25
39ce0810c19b,2017-03-07,2017-03-15,2017-03-28
c6b0e3adbf4e,2017-02-22,2017-03-15,2017-03-23
70cedf69a1e3,2017-03-20,2017-03-20,2017-03-28
171e846a9ba3,2017-02-25,2017-03-15,2017-03-27
0cc6e09e511c,2017-03-02,2017-03-15,2017-03-28
76f8752efd28,2017-03-27,2017-03-27,2017-03-28
012cf462be45,2017-03-22,2017-03-22,2017-03-26
9efd6e86d52c,2017-03-14,2017-03-15,2017-03-28
73b5695fea83,2017-02-16,2017-03-15,2017-03-18
02b39743a3bb,2017-03-06,2017-03-15,2017-03-28
3e80245dc815,2017-03-06,2017-03-15,2017-03-28
ca2d222eb9c3,2017-03-27,2017-03-27,2017-03-28
e8f42e413c55,2017-03-22,2017-03-22,2017-03-28
2b2bf8a397d2,2017-02-22,2017-03-15,2017-03-23
1ea03eb61311,2017-03-27,2017-03-27,2017-03-28
93315a067a4e,2017-03-27,2017-03-27,2017-03-28
a30c2ce1258e,2017-02-16,2017-03-15,2017-03-17
a46a7e7b0ab7,2017-03-13,2017-03-15,2017-03-28
72cea694cde3,2017-03-13,2017-03-15,2017-03-23
f806a4b72056,2017-03-09,2017-03-15,2017-03-28
f6f8c9a4415b,2017-02-21,2017-03-15,2017-03-23
7d40d5d6da62,2017-03-12,2017-03-15,2017-03-28
f61ffb0f059c,2017-02-26,2017-03-15,2017-03-28
e05443683b82,2017-03-25,2017-03-25,2017-03-28
36276f6f4d7b,2017-03-08,2017-03-15,2017-03-28
84442402c90d,2017-02-18,2017-03-15,2017-03-20
e4836cfa19ca,2017-02-27,2017-03-15,2017-03-28
de2239ece4c2,2017-02-14,2017-03-15,2017-03-16
e5e19a250cb9,2017-03-25,2017-03-25,2017-03-28
b9fe2703a0f3,2017-03-05,2017-03-15,2017-03-28
ae083878f71f,2017-03-26,2017-03-26,2017-03-28
fe829a6e1a50,2017-02-20,2017-03-15,2017-03-22
915bbfd04497,2017-03-07,2017-03-15,2017-03-28
20cdb00a5bb2,2017-03-09,2017-03-15,2017-03-28
396a8366a78a,2017-03-15,2017-03-15,2017-03-28
daf222b3b5b2,2017-03-10,2017-03-15,2017-03-28
0e0709f20731,2017-03-12,2017-03-15,2017-03-28
1d71816334dd,2017-03-03,2017-03-15,2017-03-28
f73fdd07d537,2017-02-22,2017-03-15,2017-03-23
292289fffc63,2017-02-27,2017-03-15,2017-03-28
e2cc60930ef0,2017-03-23,2017-03-23,2017-03-28
bd03a368817c,2017-03-11,2017-03-15,2017-03-28
ff79e01292b4,2017-03-13,2017-03-15,2017-03-28
45a8a2829c99,2017-03-13,2017-03-15,2017-03-28
4765759a93bc,2017-03-22,2017-03-22,2017-03-28
bfccb9d4c11c,2017-03-06,2017-03-15,2017-03-28
6ccbfd8b6160,2017-03-09,2017-03-15,2017-03-28
1cb698a195be,2017-03-05,2017-03-15,2017-03-28
00d2f73f6dd4,2017-03-14,2017-03-15,2017-03-28
fdff3e19c74a,2017-03-26,2017-03-26,2017-03-28
b59d0d2a261d,2017-03-03,2017-03-15,2017-03-22
13dc77373e6b,2017-03-12,2017-03-15,2017-03-28
345591ff4d29,2017-03-09,2017-03-15,2017-03-28
5ac4f8055020,2017-02-25,2017-03-15,2017-03-27
11085abb5262,2017-02-20,2017-03-15,2017-03-22
cd23c8ab126c,2017-03-02,2017-03-15,2017-03-28
9a153f245537,2017-03-12,2017-03-15,2017-03-28
72af3cda8fc1,2017-03-06,2017-03-15,2017-03-28
2fe89e7b79a8,2017-02-24,2017-03-15,2017-03-25
6649cedd64b6,2017-02-18,2017-03-15,2017-03-20
ba76d9168d1a,2017-03-12,2017-03-15,2017-03-28
a73b064c334c,2017-02-26,2017-03-15,2017-03-28
f17849bb8db3,2017-02-13,2017-03-15,2017-03-15
3f2e79836388,2017-03-21,2017-03-21,2017-03-28
20f7a84b5aa0,2017-02-26,2017-03-15,2017-03-27
f51f2965d129,2017-03-25,2017-03-25,2017-03-28
0ee813a0676f,2017-03-17,2017-03-17,2017-03-28
609ebe432c9a,2017-02-21,2017-03-15,2017-03-23
eef3c5d642d5,2017-03-20,2017-03-20,2017-03-28
6e4ca9c1179d,2017-03-04,2017-03-15,2017-03-28
ab9d5aa73a77,2017-03-18,2017-03-18,2017-03-28
e2bd4771c2c4,2017-02-28,2017-03-15,2017-03-28
091d9e8b2eca,2017-03-12,2017-03-15,2017-03-28
831c8308aa99,2017-03-27,2017-03-27,2017-03-28
a1c978e816ca,2017-02-26,2017-03-15,2017-03-21
963afa256240,2017-03-26,2017-03-26,2017-03-28
5913e8d2c54e,2017-03-12,2017-03-15,2017-03-28
a5d60f881ca1,2017-02-15,2017-03-15,2017-03-17
479c4591fc8c,2017-03-12,2017-03-15,2017-03-28
a9c3d4a08100,2017-03-16,2017-03-16,2017-03-28
111a9dfd34f5,2017-03-16,2017-03-16,2017-03-28
a88cfdcb7f65,2017-03-25,2017-03-25,2017-03-28
722b361efbb4,2017-02-20,2017-03-15,2017-03-22
905c9f8fae49,2017-03-01,2017-03-15,2017-03-28
7282e37d84eb,2017-03-21,2017-03-21,2017-03-28
5f0a039b859e,2017-03-05,2017-03-15,2017-03-28
abb2f3809e46,2017-03-15,2017-03-15,2017-03-28
a693fc29a063,2017-02-13,2017-03-15,2017-03-15
7c8effae4089,2017-02-17,2017-03-15,2017-03-19
3819062bc233,2017-03-25,2017-03-25,2017-03-28
3f8037cf2463,2017-03-23,2017-03-23,2017-03-28
15cf1272f450,2017-02-25,2017-03-15,2017-03-27
754ee19be1f5,2017-03-25,2017-03-25,2017-03-28
7ffc66bfd834,2017-03-05,2017-03-15,2017-03-28
736da4344d3d,2017-03-15,2017-03-15,2017-03-28
321c1f6a96ad,2017-03-12,2017-03-15,2017-03-28
98f5c5b83835,2017-03-19,2017-03-19,2017-03-28
45f90077039c,2017-03-13,2017-03-15,2017-03-28
dc4bc0030254,2017-02-20,2017-03-15,2017-03-22
6929fd2dce08,2017-03-23,2017-03-23,2017-03-28
fb05b70337ac,2017-03-15,2017-03-15,2017-03-28
a45c9e6c5c97,2017-02-25,2017-03-15,2017-03-27
281e97e288f1,2017-03-03,2017-03-15,2017-03-28
5cabbc156feb,2017-03-04,2017-03-15,2017-03-28
08390453a24e,2017-03-07,2017-03-15,2017-03-28
18703ca50750,2017-03-16,2017-03-16,2017-03-28
f3744d272e3b,2017-03-26,2017-03-26,2017-03-28
4fc635a05508,2017-03-08,2017-03-15,2017-03-28
3b641ebfc911,2017-02-15,2017-03-15,2017-03-16
98fa10ad5e4d,2017-03-22,2017-03-22,2017-03-28
858914ac6df4,,2017-03-15,2017-03-28
f16d4e083ec6,2017-03-28,2017-03-28,2017-03-28
a41eb63c47dd,2017-02-22,2017-03-15,2017-03-24
bd54968f5184,2017-03-18,2017-03-18,2017-03-28
6378167456c7,2017-02-17,2017-03-15,2017-03-19
fd879c0f3417,2017-02-19,2017-03-15,2017-03-21
c9d1b1163395,2017-02-15,2017-03-15,2017-03-17
35fe14cc4ca0,2017-03-27,2017-03-27,2017-03-28
3ca2a5095a68,2017-02-16,2017-03-15,2017-03-18
073039f73583,2017-02-15,2017-03-15,2017-03-17
faeacad0c24b,2017-02-23,2017-03-15,2017-03-25
47932fcded70,2017-03-11,2017-03-15,2017-03-28
d698cf440748,2017-03-17,2017-03-17,2017-03-28
84cc9625f15e,2017-03-27,2017-03-27,2017-03-28
3f49b075a5a6,2017-03-18,2017-03-18,2017-03-28
5541581efea0,2017-02-18,2017-03-15,2017-03-19
7472b1101e30,2017-02-19,2017-03-15,2017-03-20
cd5e3e0c9e65,2017-02-21,2017-03-15,2017-03-23
018d93c52969,2017-03-20,2017-03-20,2017-03-27
afe29feae130,2017-03-20,2017-03-20,2017-03-28
1f35f6052bde,2017-02-23,2017-03-15,2017-03-25
64a6363bf69f,2017-03-03,2017-03-15,2017-03-28
c9dce3e8cd1d,2017-03-14,2017-03-15,2017-03-28
b3faa0c4dfde,2017-02-16,2017-03-15,2017-03-18
bdf5053d413b,2017-02-27,2017-03-15,2017-03-28
556f36f52581,2017-03-02,2017-03-15,2017-03-28
10e53eba85dc,2017-03-13,2017-03-15,2017-03-28
2b3bc5632c33,2017-03-10,2017-03-15,2017-03-28
53ed2f233db1,2017-03-19,2017-03-19,2017-03-28
d5bd0ce3d783,2017-03-12,2017-03-15,2017-03-16
80d46d911c42,2017-03-02,2017-03-15,2017-03-28
a7c7ef4e2458,2017-02-26,2017-03-15,2017-03-28
0180520b29f5,2017-03-14,2017-03-15,2017-03-28
441dd371c07e,2017-03-19,2017-03-19,2017-03-28
0b44c5fd0cdf,2017-02-13,2017-03-15,2017-03-15
15916c4f11e0,2017-02-18,2017-03-15,2017-03-20
6aa56d060d68,2017-03-14,2017-03-15,2017-03-16
9a26ac46210e,2017-03-03,2017-03-15,2017-03-28
99b4e22d1495,2017-03-16,2017-03-16,2017-03-28
191be322a963,2017-02-18,2017-03-15,2017-03-20
410344ef085d,2017-03-24,2017-03-24,2017-03-28
b71b608e13ac,2017-03-05,2017-03-15,2017-03-28
6f7f52f117d3,2017-02-28,2017-03-15,2017-03-28
2c8ee43ab5e8,2017-03-16,2017-03-16,2017-03-28
0f269e459a52,2017-03-11,2017-03-15,2017-03-28
5a09c4cd125f,2017-03-11,2017-03-15,2017-03-28
29546f0276af,2017-02-26,2017-03-15,2017-03-28
155cdcb063ae,2017-02-23,2017-03-15,2017-03-16
970a26240d0c,2017-03-23,2017-03-23,2017-03-28
2c9195a8a6f1,2017-03-05,2017-03-15,2017-03-28
e55f9c8970ee,2017-03-01,2017-03-15,2017-03-28
3cdde0e8dce5,2017-03-20,2017-03-20,2017-03-28
0ff2b16d04b7,2017-03-24,2017-03-24,2017-03-28
fbc104c61b21,2017-02-20,2017-03-15,2017-03-22
7dfd07d7cd50,2017-02-18,2017-03-15,2017-03-19
97c6cb686c50,2017-03-14,2017-03-15,2017-03-28
0bd702eaaad6,2017-03-08,2017-03-15,2017-03-28
f3afa9a14b4a,2017-03-15,2017-03-15,2017-03-28
dd343a255ec8,2017-03-13,2017-03-15,2017-03-28
918b4f8ab0e3,2017-02-17,2017-03-15,2017-03-19
a900759418a2,2017-02-20,2017-03-15,2017-03-22
2b62f332677e,2017-03-20,2017-03-20,2017-03-28
78f82be1c125,2017-03-18,2017-03-18,2017-03-28
0107546eab61,2017-03-10,2017-03-15,2017-03-28
a67301ffd377,2017-02-21,2017-03-15,2017-03-23
151e1c0cd057,2017-03-14,2017-03-15,2017-03-28
b1d280252edf,2017-03-12,2017-03-15,2017-03-28
7444d2dfc4da,2017-02-17,2017-03-15,2017-03-19
b8dc4c3ab7c1,2017-03-15,2017-03-15,2017-03-28
e46f6fff839d,2017-03-11,2017-03-15,2017-03-28
e6df2809f6b7,2017-02-28,2017-03-15,2017-03-28
ccfcd1e80a94,2017-03-02,2017-03-15,2017-03-28
4c8677fd203b,2017-03-23,2017-03-23,2017-03-28
15f5b635f038,2017-02-23,2017-03-15,2017-03-25
c1ece7c05f71,2017-03-11,2017-03-15,2017-03-28
9e1d7351abea,2017-03-23,2017-03-23,2017-03-28
b36fdd91cdac,2017-02-28,2017-03-15,2017-03-28
99a6ab943e13,2017-03-13,2017-03-15,2017-03-28
565c04775687,2017-02-26,2017-03-15,2017-03-28
7689137cc6da,2017-03-07,2017-03-15,2017-03-28
348e1f951965,2017-03-10,2017-03-15,2017-03-28
da2eb506bc91,2017-03-26,2017-03-26,2017-03-28
69545626744e,2017-03-27,2017-03-27,2017-03-28
a9e47c54fe80,2017-03-06,2017-03-15,2017-03-28
e92bc37dca8c,2017-03-12,2017-03-15,2017-03-20
6811b6502e82,2017-03-22,2017-03-22,2017-03-28
a73ca950c1c1,2017-02-15,2017-03-15,2017-03-17
911f7e024e39,2017-03-16,2017-03-16,2017-03-28
d7d86b06be2d,2017-03-01,2017-03-15,2017-03-28
bd69e9d0a8ed,2017-03-06,2017-03-15,2017-03-28
e57e9818d6e1,2017-03-25,2017-03-25,2017-03-28
68935eab555d,2017-02-18,2017-03-15,2017-03-20
fbee6f49ff97,2017-02-18,2017-03-15,2017-03-20
3ffefc52881b,2017-02-26,2017-03-15,2017-03-28
cb6323899b40,2017-03-03,2017-03-15,2017-03-28
d278e5636032,2017-03-11,2017-03-15,2017-03-28
963f458f51bb,2017-03-26,2017-03-26,2017-03-28
c0330bf2236b,2017-02-20,2017-03-15,2017-03-22
8f85bba316c0,2017-02-27,2017-03-15,2017-03-28
cbdd8a49e2a6,2017-02-22,2017-03-15,2017-03-24
e0892f97b8d0,2017-02-20,2017-03-15,2017-03-21
aaf65efb09dd,2017-02-28,2017-03-15,2017-03-28
c88958c2bf72,2017-03-22,2017-03-22,2017-03-28
cac828226286,2017-02-26,2017-03-15,2017-03-28
c35bf3e50c19,2017-03-15,2017-03-15,2017-03-28
227b67e67ffa,2017-03-25,2017-03-25,2017-03-25
dea62456fdd3,2017-03-11,2017-03-15,2017-03-28
50ef93492e50,2017-03-10,2017-03-15,2017-03-28
3435f6e42eee,2017-03-19,2017-03-19,2017-03-28
7c560fd98db3,2017-03-21,2017-03-21,2017-03-28
3ec43e4a4441,2017-02-17,2017-03-15,2017-03-19
fdfcc59b8852,2017-03-01,2017-03-15,2017-03-28
ef339e78cf51,2017-03-07,2017-03-15,2017-03-28
59e13efe1fc0,2017-03-11,2017-03-15,2017-03-28
70a891d833c9,2017-03-08,2017-03-15,2017-03-28
936db2fd2891,2017-03-13,2017-03-15,2017-03-28
56315c93a60e,2017-03-14,2017-03-15,2017-03-28
c2de88bc4a83,2017-03-01,2017-03-15,2017-03-28
f50eec35912f,2017-03-01,2017-03-15,2017-03-28
016a77289273,2017-03-24,2017-03-24,2017-03-28
c96e62747bba,2017-03-07,2017-03-15,2017-03-28
010e2ab08b42,2017-03-21,2017-03-21,2017-03-28
232684fbe01b,2017-03-26,2017-03-26,2017-03-27
f8fd1a406ef9,2017-02-23,2017-03-15,2017-03-25
5c89e221d932,2017-03-12,2017-03-15,2017-03-28
c348f27fccf6,2017-03-12,2017-03-15,2017-03-28
8e0ce0e2a5d4,2017-02-15,2017-03-15,2017-03-17
0bf31a7d0c6a,2017-02-16,2017-03-15,2017-03-17
2a008d57dff2,2017-03-09,2017-03-15,2017-03-28
b2cf58229575,2017-02-15,2017-03-15,2017-03-17
05ae2ef98538,2017-03-11,2017-03-15,2017-03-18
cb20c238da8e,2017-02-25,2017-03-15,2017-03-26
9590baade924,2017-03-16,2017-03-16,2017-03-28
7498759a4bff,2017-03-03,2017-03-15,2017-03-28
e1e16958dff4,2017-03-08,2017-03-15,2017-03-28
f7b0620f148b,2017-03-19,2017-03-19,2017-03-28
1d6de4bfb1f8,2017-03-17,2017-03-17,2017-03-28
569855cc6200,2017-02-28,2017-03-15,2017-03-28
2155b74a5b78,2017-03-24,2017-03-24,2017-03-28
5e116a434cd5,2017-02-28,2017-03-15,2017-03-28
85a4e29f9957,2017-03-17,2017-03-17,2017-03-28
0c2e3db56549,2017-02-24,2017-03-15,2017-03-25
fd5eaa7c308e,2017-03-13,2017-03-15,2017-03-28
8902567fa567,2017-03-19,2017-03-19,2017-03-28
74556bd448f9,2017-02-16,2017-03-15,2017-03-18
759b764292f1,2017-03-07,2017-03-15,2017-03-28
d15fe0a6b34b,2017-03-25,2017-03-25,2017-03-28
efb637479007,2017-03-13,2017-03-15,2017-03-24
dc077a8ad8e9,2017-02-18,2017-03-15,2017-03-20
85d0d315a448,2017-03-11,2017-03-15,2017-03-28
145583db49f4,2017-02-25,2017-03-15,2017-03-27
fc7865cc7589,2017-02-17,2017-03-15,2017-03-18
181834187d33,2017-03-25,2017-03-25,2017-03-28
cba7caf2af8f,2017-03-26,2017-03-26,2017-03-28
7e2572833d51,2017-02-27,2017-03-15,2017-03-28
12a4c567093b,2017-03-21,2017-03-21,2017-03-28
69f43c03f2dc,2017-03-23,2017-03-23,2017-03-28
6cccc793cb49,2017-03-27,2017-03-27,2017-03-28
66220a8ab25c,2017-03-13,2017-03-15,2017-03-28
92eaa6335a69,2017-02-20,2017-03-15,2017-03-21
91a4204447e9,2017-03-01,2017-03-15,2017-03-28
f76a91e844c2,2017-03-21,2017-03-21,2017-03-28
854dcda6e2dc,2017-03-21,2017-03-21,2017-03-28
a42cfe096ce3,2017-03-09,2017-03-15,2017-03-28
5ae882c809df,2017-02-13,2017-03-15,2017-03-15
1e846619ce77,2017-03-25,2017-03-25,2017-03-28
7bd8110aa004,2017-03-05,2017-03-15,2017-03-28
db8ddfc7d325,2017-02-24,2017-03-15,2017-03-25
173f25e22577,2017-03-10,2017-03-15,2017-03-28
ab6309c7fe52,2017-03-06,2017-03-15,2017-03-28
777011ae654d,2017-03-22,2017-03-22,2017-03-28
ea38fc73d5d2,2017-03-09,2017-03-15,2017-03-28
326a3fd3c646,2017-02-27,2017-03-15,2017-03-28
32b7d4b9470a,2017-03-12,2017-03-15,2017-03-28
4e022124fa53,2017-03-18,2017-03-18,2017-03-28
856cd9ebb21e,2017-03-16,2017-03-16,2017-03-28
d70b422572a2,2017-02-25,2017-03-15,2017-03-27
c580ff783090,2017-03-02,2017-03-15,2017-03-28
050049c6a1b4,2017-03-20,2017-03-20,2017-03-28
3e9527f812ea,2017-03-12,2017-03-15,2017-03-28
947497e6b101,2017-02-28,2017-03-15,2017-03-28
6d1442bfb365,2017-03-13,2017-03-15,2017-03-28
1caaeb9ab071,2017-03-21,2017-03-21,2017-03-28
af45d71e883b,2017-03-08,2017-03-15,2017-03-28
c9a16a0e262c,2017-02-19,2017-03-15,2017-03-20
bd2583fa4aa3,2017-02-22,2017-03-15,2017-03-24
797b88836123,2017-02-24,2017-03-15,2017-03-16
6e9df35b7b95,2017-03-10,2017-03-15,2017-03-28
c9af4ac55e84,2017-03-17,2017-03-17,2017-03-28
6585db86a231,2017-02-17,2017-03-15,2017-03-19
bcf520775be7,2017-02-21,2017-03-15,2017-03-23
3c5fe10f0993,2017-03-11,2017-03-15,2017-03-28
efe99605ca89,2017-03-18,2017-03-18,2017-03-28
18c0c7972572,2017-03-16,2017-03-16,2017-03-28
771d0340dcbe,2017-03-18,2017-03-18,2017-03-28
432055b13d32,2017-03-05,2017-03-15,2017-03-28
640efe4e2ddd,2017-02-19,2017-03-15,2017-03-21
a5d0fa8474a0,2017-02-25,2017-03-15,2017-03-27
50aec5867bc8,2017-02-25,2017-03-15,2017-03-27
1b43e95f2c1d,2017-03-15,2017-03-15,2017-03-28
1aa69761953a,2017-03-27,2017-03-27,2017-03-28
ee91259297b1,2017-03-25,2017-03-25,2017-03-28
3ca9f8a97a8a,2017-02-26,2017-03-15,2017-03-28
893e8af8538a,2017-03-19,2017-03-19,2017-03-28
790c548e0056,2017-02-15,2017-03-15,2017-03-16
66543dc08841,2017-02-25,2017-03-15,2017-03-26
50b7ec962254,2017-03-25,2017-03-25,2017-03-28
f417484560e6,2017-02-19,2017-03-15,2017-03-20
e8f8dc7cc914,2017-02-27,2017-03-15,2017-03-28
910040bbd17f,2017-02-18,2017-03-15,2017-03-20
9cdae26c78a7,2017-03-25,2017-03-25,2017-03-26
79631748936a,2017-03-14,2017-03-15,2017-03-28
7e27306eda4b,2017-03-10,2017-03-15,2017-03-28
8678656c14ba,2017-03-10,2017-03-15,2017-03-28
91ebb40f24c0,2017-03-26,2017-03-26,2017-03-28
bd1c2a9ded94,2017-03-23,2017-03-23,2017-03-28
2d59f3cc50fe,2017-02-18,2017-03-15,2017-03-20
6ce39a056f64,2017-03-19,2017-03-19,2017-03-28
5fe195670464,2017-02-15,2017-03-15,2017-03-16
fc7590631e2f,2017-02-22,2017-03-15,2017-03-23
d22e516b2ef1,2017-02-14,2017-03-15,2017-03-16
9cde46557271,2017-03-20,2017-03-20,2017-03-28
de3c019477ed,2017-03-24,2017-03-24,2017-03-28
715c054b825a,2017-02-17,2017-03-15,2017-03-19
d54758b19e30,2017-03-14,2017-03-15,2017-03-28
f1576f10fbf1,2017-03-13,2017-03-15,2017-03-28
15002830a299,2017-03-13,2017-03-15,2017-03-28
4fd7458acdea,2017-02-25,2017-03-15,2017-03-27
45745689fa6c,2017-03-25,2017-03-25,2017-03-28
48147a36b12e,2017-03-10,2017-03-15,2017-03-28
68d0a92f2c96,2017-03-05,2017-03-15,2017-03-28
620cecab9b59,2017-03-06,2017-03-15,2017-03-28
e3a1a9006668,2017-02-16,2017-03-15,2017-03-18
e928add08967,2017-03-15,2017-03-15,2017-03-28
0a2d939ba68d,2017-03-14,2017-03-15,2017-03-28
3d66be8af632,2017-03-15,2017-03-15,2017-03-28
1f7d73efcfef,2017-03-21,2017-03-21,2017-03-28
1becdc49ff7b,2017-03-04,2017-03-15,2017-03-28
64ecc2fc3e2d,2017-02-20,2017-03-15,2017-03-22
485698eb1799,2017-03-17,2017-03-17,2017-03-28
c5484143551a,2017-02-19,2017-03-15,2017-03-21
c0754b731174,2017-03-09,2017-03-15,2017-03-26
e32f6b54c76f,2017-02-22,2017-03-15,2017-03-23
8a4ca5781eb3,2017-02-17,2017-03-15,2017-03-18
4a3463880c37,2017-03-22,2017-03-22,2017-03-24
985657f8c1ca,2017-03-03,2017-03-15,2017-03-28
933f31e3828d,2017-02-18,2017-03-15,2017-03-19
fc39d5b6c951,2017-03-23,2017-03-23,2017-03-28
27dda4301701,2017-03-21,2017-03-21,2017-03-28
95a48ffbeee6,2017-03-24,2017-03-24,2017-03-28
564c4042472b,2017-03-21,2017-03-21,2017-03-28
e05aaac90de3,2017-02-23,2017-03-15,2017-03-24
9abb27fa242a,2017-03-09,2017-03-15,2017-03-28
f69f602dc62c,2017-03-02,2017-03-15,2017-03-28
dbb3e9847cea,2017-03-13,2017-03-15,2017-03-28
a8d02c529bc3,2017-03-21,2017-03-21,2017-03-28
7e25f93c601e,2017-03-13,2017-03-15,2017-03-28
c8e51a9dd4cc,2017-02-14,2017-03-15,2017-03-16
bde1597c835f,2017-03-09,2017-03-15,2017-03-28
47ddd33e5d8e,2017-03-16,2017-03-16,2017-03-28
13d87eace523,2017-02-26,2017-03-15,2017-03-27
7937dcf817e8,2017-02-21,2017-03-15,2017-03-23
37eddf036095,2017-02-28,2017-03-15,2017-03-28
08045a4648d2,2017-03-15,2017-03-15,2017-03-28
0f0622e9c2fc,2017-03-27,2017-03-27,2017-03-28
02caed5bf2ea,2017-03-27,2017-03-27,2017-03-28
a87e9e8298b9,2017-02-28,2017-03-15,2017-03-28
7f24498af415,2017-02-25,2017-03-15,2017-03-26
64ed484564d7,2017-03-12,2017-03-15,2017-03-28
e88f255a25f5,2017-03-11,2017-03-15,2017-03-28
a090f5a4731e,2017-02-13,2017-03-15,2017-03-15
fcbfe1ff3a8c,2017-03-05,2017-03-15,2017-03-28
d0f5195b5a86,2017-02-19,2017-03-15,2017-03-16
37ec61b6e332,2017-03-12,2017-03-15,2017-03-22
96118ee63ae5,2017-02-13,2017-03-15,2017-03-15
ba1c005300b5,2017-03-14,2017-03-15,2017-03-28
319bcb48c8b9,2017-03-06,2017-03-15,2017-03-28
94ffee02895d,2017-02-23,2017-03-15,2017-03-25
d33041873cf0,2017-03-08,2017-03-15,2017-03-28
2f2223f4f053,2017-02-14,2017-03-15,2017-03-16
d6cec2fc9eca,2017-03-07,2017-03-15,2017-03-28
332eda1d7070,2017-02-16,2017-03-15,2017-03-17
d276739cd0cd,2017-03-26,2017-03-26,2017-03-27
a0a92c4fd5da,2017-03-18,2017-03-18,2017-03-28
5ef3f14d37c7,2017-03-27,2017-03-27,2017-03-28
fb68277f86b0,2017-02-25,2017-03-15,2017-03-27
8dfde02d4de4,2017-02-19,2017-03-15,2017-03-21
2c49dea65622,2017-03-15,2017-03-15,2017-03-28
c3407a33844c,2017-03-14,2017-03-15,2017-03-27
02bd72410228,2017-03-12,2017-03-15,2017-03-28
84eb1644ef74,2017-02-20,2017-03-15,2017-03-22
e6d3c76c2872,2017-02-23,2017-03-15,2017-03-25
bba0ff221c98,2017-02-19,2017-03-15,2017-03-21
eda8bbc49b16,2017-03-04,2017-03-15,2017-03-28
a448057ccf73,2017-03-06,2017-03-15,2017-03-28
569582e80f80,2017-02-19,2017-03-15,2017-03-21
ef71833d30ec,2017-03-27,2017-03-27,2017-03-28
83abfb0e0f74,2017-02-19,2017-03-15,2017-03-21
74eb5adc1a7c,2017-02-26,2017-03-15,2017-03-28
4042188812b6,2017-03-07,2017-03-15,2017-03-28
f0687021cfb6,2017-03-05,2017-03-15,2017-03-28
5bd9dbc761a2,2017-03-24,2017-03-24,2017-03-28
fcdc13ccd148,2017-03-20,2017-03-20,2017-03-28
6b0b5ab88b8c,2017-03-15,2017-03-15,2017-03-28
d441a3a37ddb,2017-03-09,2017-03-15,2017-03-28
ceee5b3651a7,2017-03-22,2017-03-22,2017-03-28
297a5214df23,2017-03-09,2017-03-15,2017-03-28
74929de49f81,2017-03-12,2017-03-15,2017-03-28
e8299ff89901,2017-02-14,2017-03-15,2017-03-15
1d8e7aeee4bd,2017-02-23,2017-03-15,2017-03-25
c1beb10b3744,2017-03-23,2017-03-23,2017-03-28
5241ff98c40c,2017-02-24,2017-03-15,2017-03-26
78e491068589,2017-03-01,2017-03-15,2017-03-28
7c5198f6cd9b,2017-03-11,2017-03-15,2017-03-28
da1f47449b87,2017-03-26,2017-03-26,2017-03-28
a8bbf58fce41,2017-03-09,2017-03-15,2017-03-21
881ffcc00b10,2017-03-24,2017-03-24,2017-03-28
fdae2867b458,2017-03-13,2017-03-15,2017-03-28
8accaeb4baba,2017-03-05,2017-03-15,2017-03-28
6a53dcf033d9,2017-02-16,2017-03-15,2017-03-18
0d86b8538dcd,2017-02-26,2017-03-15,2017-03-28
b8ede8ed3ff5,2017-03-20,2017-03-21,2017-03-28
b9276707ab9e,2017-02-20,2017-03-15,2017-03-22
250b1f40f411,2017-03-05,2017-03-15,2017-03-28
b1bf94b94217,2017-02-20,2017-03-15,2017-03-22
1bebfd3ece64,2017-03-06,2017-03-15,2017-03-28
a8fd75872023,2017-03-27,2017-03-27,2017-03-28
968b34aac6f4,2017-03-04,2017-03-15,2017-03-28
5d616ccdb0cb,2017-02-25,2017-03-15,2017-03-27
de6160278224,2017-03-09,2017-03-15,2017-03-28
f6d956130be9,2017-03-11,2017-03-15,2017-03-28
757afcd8ec5b,2017-03-21,2017-03-21,2017-03-28
c4bc2aa036d2,2017-02-17,2017-03-15,2017-03-19
8fd615778dac,2017-03-12,2017-03-15,2017-03-28
b979531d60af,2017-03-08,2017-03-15,2017-03-28
7aee4ca53fef,2017-02-20,2017-03-15,2017-03-22
3671cb829d5d,2017-03-14,2017-03-15,2017-03-28
592bc12dbbbb,2017-03-14,2017-03-15,2017-03-18
5e716f987847,2017-03-07,2017-03-15,2017-03-28
e8f7d31451b0,2017-02-16,2017-03-15,2017-03-18
435898f49db3,2017-03-11,2017-03-15,2017-03-27
745117e7f5ad,2017-03-09,2017-03-15,2017-03-28
ad125f616360,2017-02-23,2017-03-15,2017-03-25
040cf3310338,2017-02-17,2017-03-15,2017-03-19
4aa3d81e9068,2017-03-15,2017-03-15,2017-03-28
f567eee824aa,2017-03-25,2017-03-25,2017-03-28
493016208d8f,2017-02-16,2017-03-15,2017-03-18
fa62370ef15e,2017-03-15,2017-03-15,2017-03-28
c3850b141147,2017-03-02,2017-03-15,2017-03-28
2af49e6e86f3,2017-03-25,2017-03-25,2017-03-28
c03590608f75,2017-02-17,2017-03-15,2017-03-18
df61a098efc5,2017-03-26,2017-03-26,2017-03-28
bafc769f2274,2017-02-18,2017-03-15,2017-03-19
edde6f6c500a,2017-03-10,2017-03-15,2017-03-28
a184c435cee3,2017-02-16,2017-03-15,2017-03-17
ae9b91e6dacb,2017-02-17,2017-03-15,2017-03-18
4c0b99fa5c73,2017-03-18,2017-03-18,2017-03-28
92928eb943a5,2017-02-20,2017-03-15,2017-03-21
3e947a78dc83,2017-02-25,2017-03-15,2017-03-26
65f81ed527ff,2017-03-11,2017-03-15,2017-03-28
658d4a2ac0ed,2017-03-09,2017-03-15,2017-03-28
face4b1186dc,2017-03-24,2017-03-24,2017-03-28
764e9dad1c2e,2017-03-10,2017-03-15,2017-03-28
f37289f24ede,2017-03-15,2017-03-15,2017-03-28
91f7e8832a51,2017-03-05,2017-03-15,2017-03-26
4098b3f60bcf,2017-03-10,2017-03-15,2017-03-28
895ddd082dd6,2017-02-27,2017-03-15,2017-03-15
43835a19a394,2017-03-15,2017-03-15,2017-03-28
e2c528efe880,2017-02-23,2017-03-15,2017-03-25
cc9ec9728fc5,2017-03-05,2017-03-15,2017-03-28
ba7ea1870628,2017-03-16,2017-03-16,2017-03-28
e2a6b654b9db,2017-03-03,2017-03-15,2017-03-28
0619a05baaa2,2017-03-11,2017-03-15,2017-03-28
272caf6d768d,2017-03-02,2017-03-15,2017-03-28
971bb6728f02,2017-03-08,2017-03-15,2017-03-28
1463d299d2bc,2017-02-21,2017-03-15,2017-03-21
1b499b5ff7d8,2017-03-11,2017-03-15,2017-03-28
b00f6ed6b17e,2017-02-23,2017-03-15,2017-03-24
dd0250914fd8,2017-03-17,2017-03-17,2017-03-28
1e58e25bf7ac,2017-03-20,2017-03-20,2017-03-28
775a0b4ffe20,2017-02-28,2017-03-15,2017-03-28
ef3742be5fdd,2017-03-09,2017-03-15,2017-03-28
15a7dce85ce7,2017-02-20,2017-03-15,2017-03-22
2d0e86348276,2017-02-23,2017-03-15,2017-03-24
4ac4091c8559,2017-03-17,2017-03-17,2017-03-28
b4f91a24b892,2017-03-03,2017-03-15,2017-03-28
2c943158fe78,2017-02-14,2017-03-15,2017-03-16
5a6b0a9b8976,2017-02-16,2017-03-15,2017-03-17
5f0f7879400d,2017-03-02,2017-03-15,2017-03-28
31beca5b5a0c,2017-03-15,2017-03-15,2017-03-28
074d949cd5f8,2017-03-06,2017-03-15,2017-03-28
79313407e441,2017-03-18,2017-03-18,2017-03-28
371ec58a609c,2017-03-19,2017-03-19,2017-03-27
e9e6688cc698,2017-03-23,2017-03-23,2017-03-28
4753ca51a0dc,2017-02-28,2017-03-15,2017-03-28
2b40283fa207,2017-03-27,2017-03-27,2017-03-28
fb4038645017,2017-02-24,2017-03-15,2017-03-26
baa2abaa72c9,2017-02-15,2017-03-15,2017-03-17
a1888b313e5c,2017-03-13,2017-03-15,2017-03-28
b62bdf362a07,2017-02-25,2017-03-23,2017-03-27
9079295fe568,2017-03-02,2017-03-15,2017-03-28
0e77bf8d009d,2017-02-15,2017-03-15,2017-03-17
1ebb26aaa7a3,2017-03-21,2017-03-21,2017-03-28
824545bee0d9,2017-03-25,2017-03-25,2017-03-28
d650baa6e635,2017-03-24,2017-03-24,2017-03-28
6bbef3aa191c,2017-02-16,2017-03-15,2017-03-18
a534e94c3e4b,2017-03-28,2017-03-28,2017-03-28
29b82321638d,2017-03-15,2017-03-15,2017-03-20
831a03f32835,2017-03-22,2017-03-22,2017-03-28
5c2636ab3b22,2017-03-03,2017-03-15,2017-03-28
b9ab01ea41f0,2017-03-04,2017-03-15,2017-03-28
e31dae6e811e,2017-03-02,2017-03-15,2017-03-28
a9b61731f829,2017-02-18,2017-03-15,2017-03-20
c299ea285b61,2017-03-17,2017-03-17,2017-03-28
4d26150c8b72,2017-03-28,2017-03-28,2017-03-28
914b6389dc28,2017-03-01,2017-03-15,2017-03-28
2848a3353877,2017-03-15,2017-03-15,2017-03-28
ef74ad38e284,2017-03-14,2017-03-15,2017-03-28
2fcb80024f41,2017-03-12,2017-03-15,2017-03-28
a7f3599ce480,2017-03-27,2017-03-27,2017-03-28
dacc5d03facc,2017-02-21,2017-03-15,2017-03-22
6fdeffb1f640,2017-03-12,2017-03-15,2017-03-18
e0216ef9d708,2017-02-27,2017-03-15,2017-03-28
5d7c3283ede3,2017-03-15,2017-03-15,2017-03-28
e8d05b01d6a8,2017-03-10,2017-03-15,2017-03-28
021cddad71bc,2017-02-24,2017-03-15,2017-03-26
19a7f374f2c8,2017-03-10,2017-03-15,2017-03-28
eb7d7759f3c9,2017-03-16,2017-03-16,2017-03-28
22e92bcc7ac2,2017-03-02,2017-03-15,2017-03-28
2caca58d6751,2017-03-14,2017-03-15,2017-03-28
f4162271daf8,2017-02-25,2017-03-15,2017-03-27
5f9542fd481a,2017-03-09,2017-03-15,2017-03-28
2f4ad7c22d29,2017-03-24,2017-03-24,2017-03-28
a422b712448c,2017-03-02,2017-03-15,2017-03-25
cfa169c20e68,2017-03-13,2017-03-15,2017-03-28
798006731d6b,2017-03-26,2017-03-26,2017-03-28
fe63a5e5dc18,2017-03-05,2017-03-15,2017-03-28
9e8b762fc6a4,2017-03-18,2017-03-18,2017-03-28
48bccc54d1a2,2017-03-24,2017-03-24,2017-03-28
d1b51644839c,2017-02-26,2017-03-15,2017-03-27
e8ba66a92fef,2017-02-17,2017-03-15,2017-03-19
6e4041463f75,2017-03-19,2017-03-19,2017-03-28
aa50ff99e010,2017-03-23,2017-03-23,2017-03-28
c390fc15d12d,2017-03-20,2017-03-20,2017-03-28
0b73fb2720ba,2017-02-21,2017-03-15,2017-03-23
f32dc99b5ade,2017-03-22,2017-03-22,2017-03-28
9d088de57b76,2017-02-17,2017-03-15,2017-03-19
8e8837d9b3b0,2017-03-06,2017-03-15,2017-03-21
3ac49c824da8,2017-02-17,2017-03-15,2017-03-19
ca67ab382acf,2017-03-09,2017-03-15,2017-03-28
12f1170bc60b,2017-03-25,2017-03-25,2017-03-28
7937ac9026f8,2017-02-20,2017-03-15,2017-03-22
58570eebcb14,2017-03-27,2017-03-27,2017-03-28
089e8ea1c228,2017-02-23,2017-03-15,2017-03-25
dd5a475bb3c5,2017-02-26,2017-03-15,2017-03-27
f06184fd5b44,2017-02-22,2017-03-15,2017-03-24
12557f17d1ef,2017-03-09,2017-03-15,2017-03-28
d7762250e7d7,2017-02-18,2017-03-15,2017-03-20
8793d29f54aa,2017-03-18,2017-03-18,2017-03-28
370f02904dd0,2017-03-06,2017-03-15,2017-03-28
c4251114895f,2017-03-10,2017-03-15,2017-03-28
896f3d1be1ce,2017-03-13,2017-03-15,2017-03-28
28d9b224ac0a,2017-03-16,2017-03-16,2017-03-28
69803855a964,2017-02-17,2017-03-15,2017-03-18
9747ff75e5fe,2017-02-13,2017-03-15,2017-03-15
dfa41c538500,2017-02-18,2017-03-15,2017-03-19
5d7c44fdb0c1,2017-02-21,2017-03-15,2017-03-23
debcc5944ba1,2017-02-24,2017-03-15,2017-03-26
b09f2749c32c,2017-03-12,2017-03-15,2017-03-26
232e04e46e4d,2017-02-24,2017-03-15,2017-03-26
6e4b52cb4136,2017-02-13,2017-03-15,2017-03-15
a8aa4d3ebc4b,2017-03-16,2017-03-16,2017-03-28
cf7cec86568b,2017-03-18,2017-03-18,2017-03-28
9bd77cdb58f1,2017-03-05,2017-03-15,2017-03-21
6e2db14fe9ff,2017-03-20,2017-03-20,2017-03-28
b8b6e23607a3,2017-02-16,2017-03-15,2017-03-17
beff049bccb7,2017-02-20,2017-03-15,2017-03-22
ea8a297e7508,2017-02-21,2017-03-15,2017-03-23
fddba6d9c68d,2017-02-21,2017-03-15,2017-03-23
d293c7be2320,2017-03-13,2017-03-15,2017-03-28
49710f340930,2017-02-20,2017-03-15,2017-03-22
ff0bb2cb99b6,2017-03-09,2017-03-15,2017-03-28
a8fb01c2c7d1,2017-02-24,2017-03-15,2017-03-18
866e4d0211c6,2017-03-10,2017-03-15,2017-03-28
9a25477c5add,2017-02-15,2017-03-15,2017-03-17
20c39e0f631c,2017-03-08,2017-03-15,2017-03-28
5a3563ea8f3a,2017-02-19,2017-03-15,2017-03-21
21cbca4123c7,2017-02-21,2017-03-15,2017-03-23
15ca60c0a4ad,2017-03-21,2017-03-21,2017-03-28
601714c95246,2017-03-14,2017-03-15,2017-03-28
ebc22049137d,2017-03-17,2017-03-17,2017-03-28
f116ad371784,2017-02-26,2017-03-15,2017-03-25
91c311164e64,2017-03-06,2017-03-15,2017-03-28
8cf8ed53865a,2017-03-20,2017-03-20,2017-03-28
4d02dfabfb46,2017-03-24,2017-03-24,2017-03-28
aa9b6c1c468e,2017-03-08,2017-03-15,2017-03-28
d079f1768b4e,2017-03-23,2017-03-23,2017-03-28
2cb8a1c37a73,2017-02-27,2017-03-15,2017-03-28
1fd173d187f9,2017-02-26,2017-03-15,2017-03-28
126462c8fd8c,2017-03-02,2017-03-15,2017-03-28
858a75d549c0,2017-03-27,2017-03-27,2017-03-28
1498009d0de8,2017-02-27,2017-03-15,2017-03-27
20058aed3015,2017-03-23,2017-03-23,2017-03-28
fc2050e02a8e,2017-02-26,2017-03-15,2017-03-28
88487525da9d,2017-03-24,2017-03-24,2017-03-28
782dc544c825,2017-02-26,2017-03-15,2017-03-28
c48e8662b9f3,2017-03-14,2017-03-15,2017-03-28
97aa5b540013,2017-03-28,2017-03-28,2017-03-28
97c17722ae0f,2017-03-23,2017-03-23,2017-03-28
a3a369ca0253,2017-03-02,2017-03-15,2017-03-28
4f8e998cdfcd,2017-03-06,2017-03-15,2017-03-28
5da348ecc786,2017-03-01,2017-03-15,2017-03-28
2b630b5d68d7,2017-02-25,2017-03-15,2017-03-27
0e038bba38b6,2017-03-20,2017-03-20,2017-03-28
ba27f060104a,2017-03-21,2017-03-21,2017-03-28
075720522581,2017-03-06,2017-03-15,2017-03-28
74988781a728,2017-03-14,2017-03-15,2017-03-28
54f07c83b883,2017-02-19,2017-03-15,2017-03-18
99186557d212,2017-03-27,2017-03-27,2017-03-28
5f693ffdb429,2017-03-21,2017-03-21,2017-03-28
3f2d4d6cbc9b,2017-03-05,2017-03-15,2017-03-28
101cc6b79234,2017-03-20,2017-03-20,2017-03-28
dd96559c47fd,2017-03-20,2017-03-20,2017-03-28
4fe8fd6f7a8e,2017-02-27,2017-03-15,2017-03-28
83f1326c4c0f,2017-02-15,2017-03-15,2017-03-17
0127a9e5dace,2017-03-18,2017-03-18,2017-03-28
c8c728e25978,2017-03-09,2017-03-15,2017-03-28
594c4bca7d0c,2017-03-24,2017-03-24,2017-03-28
c5738a415be6,2017-03-12,2017-03-15,2017-03-28
c29c3c46583e,2017-03-14,2017-03-15,2017-03-28
6eef2f1416d5,2017-02-15,2017-03-15,2017-03-17
fa03a895c9bb,2017-03-27,2017-03-27,2017-03-28
c9963f36d08f,2017-03-12,2017-03-15,2017-03-28
373043da8b7c,2017-03-04,2017-03-15,2017-03-28
5620f4b9a4d3,2017-03-19,2017-03-19,2017-03-28
cda30d4534ae,2017-03-06,2017-03-15,2017-03-28
351a95bf018c,2017-03-20,2017-03-20,2017-03-28
0ed80879f7a2,2017-03-23,2017-03-23,2017-03-28
09839849d03a,2017-02-17,2017-03-15,2017-03-18
3feeb594fc1a,2017-03-25,2017-03-25,2017-03-28
2f6cac5dbdda,2017-03-19,2017-03-19,2017-03-28
47e83ab93ef3,2017-02-21,2017-03-15,2017-03-23
1de813ff37d7,2017-03-10,2017-03-15,2017-03-28
3d5a669bb5c9,2017-03-10,2017-03-15,2017-03-28
4a9da9e1202b,2017-02-15,2017-03-15,2017-03-16
d0b10429d0f9,2017-02-20,2017-03-15,2017-03-22
989d3196bad9,2017-03-10,2017-03-15,2017-03-18
8f9f825e1dde,2017-03-06,2017-03-15,2017-03-28
2658f8814216,2017-03-07,2017-03-15,2017-03-28
f2965a5dab2d,2017-03-23,2017-03-23,2017-03-28
1c662fb8cacf,2017-03-20,2017-03-20,2017-03-28
2a52b7e00c29,2017-03-17,2017-03-17,2017-03-28
2e524e53b6d0,2017-03-07,2017-03-15,2017-03-28
b1aa0596a087,2017-02-26,2017-03-15,2017-03-16
00beea0e8aae,2017-03-14,2017-03-15,2017-03-28
370a2f8150f2,2017-03-11,2017-03-15,2017-03-28
63761ed19a91,2017-03-01,2017-03-15,2017-03-28
07a191e71d49,2017-03-13,2017-03-15,2017-03-28
2d9b7ca53bb5,2017-03-03,2017-03-15,2017-03-28
2fd770097b42,2017-02-23,2017-03-15,2017-03-25
fef23abbb8b9,2017-03-16,2017-03-16,2017-03-28
56542caa2770,2017-03-09,2017-03-15,2017-03-20
e6b9c4d7a101,2017-03-06,2017-03-15,2017-03-28
022dbb20d0aa,2017-02-27,2017-03-15,2017-03-28
8963243446b0,2017-03-24,2017-03-24,2017-03-28
75e08ce62b33,2017-02-23,2017-03-15,2017-03-25
cb332a6d2e66,2017-02-13,2017-03-15,2017-03-15
0b26d1f0ba0b,2017-02-27,2017-03-15,2017-03-28
f2de7a68f225,2017-03-13,2017-03-15,2017-03-19
109bda4f90f2,2017-03-16,2017-03-16,2017-03-28
50758b79e10a,2017-03-18,2017-03-18,2017-03-28
811f52fd38c1,2017-03-03,2017-03-15,2017-03-28
4ea7cd86d9fe,2017-03-08,2017-03-15,2017-03-28
2fcc9d0118c6,2017-03-24,2017-03-24,2017-03-28
0c7cdbba49e2,2017-03-07,2017-03-15,2017-03-18
508642788e4b,2017-03-17,2017-03-17,2017-03-28
2102006db51e,2017-03-27,2017-03-27,2017-03-28
a0c66d2b0baf,2017-03-10,2017-03-15,2017-03-28
a035f9c0ac3c,2017-03-22,2017-03-22,2017-03-28
a7aa022a237a,2017-03-06,2017-03-15,2017-03-28
47e6cd25f4c0,2017-03-16,2017-03-16,2017-03-28
4622fb546de3,2017-02-28,2017-03-15,2017-03-28
5ab85f8b9747,2017-03-27,2017-03-27,2017-03-28
f1431dd49dd7,2017-03-25,2017-03-25,2017-03-28
5e594c238bad,2017-02-13,2017-03-15,2017-03-15
8e3cf382c19e,2017-03-15,2017-03-15,2017-03-28
2f5081bdde28,2017-03-13,2017-03-15,2017-03-28
efc521092413,2017-02-16,2017-03-15,2017-03-18
04edf3f0242f,2017-03-25,2017-03-25,2017-03-28
2581e3aa0a32,2017-03-21,2017-03-21,2017-03-28
b375eb74a4d0,2017-03-28,2017-03-28,2017-03-28
422644997d68,2017-02-21,2017-03-15,2017-03-23
8d0d5b8bfe2e,2017-02-18,2017-03-15,2017-03-19
a0d4e169b50c,2017-03-04,2017-03-15,2017-03-28
c35b426b04e9,2017-03-11,2017-03-15,2017-03-28
bd7b25c0ff30,2017-02-15,2017-03-15,2017-03-17
75fed93cbea3,2017-02-15,2017-03-15,2017-03-16
b75c373e365d,2017-02-24,2017-03-15,2017-03-26
b25c7b89deea,2017-02-21,2017-03-15,2017-03-22
f4b512f5f2a9,2017-03-05,2017-03-15,2017-03-28
71b67b6546a8,2017-03-21,2017-03-21,2017-03-28
136f57a63ed7,2017-03-15,2017-03-15,2017-03-28
3da186348346,2017-03-11,2017-03-15,2017-03-28
e65b699540cb,2017-03-09,2017-03-15,2017-03-28
9140f36d5920,2017-02-23,2017-03-15,2017-03-25
1d1afc9178df,2017-03-14,2017-03-15,2017-03-28
ad5ea970642b,2017-02-15,2017-03-15,2017-03-16
8813c7c17b16,2017-02-13,2017-03-15,2017-03-15
8ff634ca2238,2017-03-17,2017-03-17,2017-03-28
d6309e7f85ba,2017-03-13,2017-03-15,2017-03-28
9e4142e5e014,2017-03-01,2017-03-15,2017-03-21
c6de78dbd4f4,2017-03-01,2017-03-15,2017-03-28
b501b4657d1e,2017-03-06,2017-03-15,2017-03-28
a7117cb12bed,2017-03-24,2017-03-24,2017-03-28
229d43107fcb,2017-03-13,2017-03-15,2017-03-28
7e6e79a7df29,2017-03-18,2017-03-18,2017-03-28
08829d5e9ca3,2017-02-18,2017-03-15,2017-03-19
7a55c1fd0795,2017-03-03,2017-03-15,2017-03-28
23a20f2b365b,2017-02-23,2017-03-15,2017-03-24
a6e969ff367e,2017-03-04,2017-03-15,2017-03-28
e5c99df834c4,2017-02-25,2017-03-15,2017-03-27
df4c647bc1ed,2017-02-21,2017-03-15,2017-03-22
bd673ed4d337,2017-03-19,2017-03-19,2017-03-28
00535ad6ced1,2017-03-08,2017-03-15,2017-03-28
b9589f0c3487,2017-03-17,2017-03-17,2017-03-28
60816231d85a,2017-03-07,2017-03-15,2017-03-28
e85ac77f0371,2017-02-21,2017-03-15,2017-03-23
595119bf4991,2017-03-07,2017-03-15,2017-03-28
087f5351d8fb,2017-02-24,2017-03-15,2017-03-26
d2b7b070d816,2017-03-16,2017-03-16,2017-03-28
537638885188,2017-03-28,2017-03-28,2017-03-28
b8b3ea31342e,2017-03-20,2017-03-20,2017-03-28
1a8727641a47,2017-03-10,2017-03-15,2017-03-28
c2801b0a7f8f,2017-03-05,2017-03-15,2017-03-28
66470208e3c6,2017-02-18,2017-03-15,2017-03-20
78a8fdaa04c0,2017-03-09,2017-03-15,2017-03-28
8be4fda4effb,2017-03-26,2017-03-26,2017-03-28
0e7a3e77bcb0,2017-03-22,2017-03-22,2017-03-23
3008afacd700,2017-02-17,2017-03-15,2017-03-19
dab4ab12313a,2017-02-25,2017-03-15,2017-03-27
64d2f689ceda,2017-03-09,2017-03-15,2017-03-28
8a95c575e07e,2017-02-23,2017-03-15,2017-03-25
b26980da3f3d,2017-02-21,2017-03-15,2017-03-22
4b506acc50a5,2017-02-23,2017-03-15,2017-03-25
df86a5fcb736,2017-03-16,2017-03-16,2017-03-28
c9eed94fa00b,2017-03-15,2017-03-15,2017-03-28
17e15a3e6ff1,2017-03-01,2017-03-15,2017-03-28
86e1d2f6adf9,2017-03-09,2017-03-15,2017-03-28
4c63bf2671e8,2017-03-02,2017-03-15,2017-03-28
898ec7b777a7,2017-03-12,2017-03-15,2017-03-28
bb70d9e6295e,2017-03-20,2017-03-20,2017-03-28
9e214e859bde,2017-03-24,2017-03-24,2017-03-28
8258eeea4ec1,2017-02-25,2017-03-15,2017-03-27
bf80c4cb2e3c,2017-03-25,2017-03-25,2017-03-28
cf623d078d4d,2017-02-24,2017-03-15,2017-03-26
e301a43c9bdd,2017-03-10,2017-03-15,2017-03-28
0c0e89e3e3ff,2017-02-22,2017-03-15,2017-03-24
552a697946a9,2017-03-03,2017-03-15,2017-03-28
b3df45af841d,2017-03-13,2017-03-15,2017-03-28
6b9bd7c73f80,2017-03-18,2017-03-18,2017-03-28
2e6ae283a0b7,2017-02-23,2017-03-15,2017-03-25
9808bf98eab5,2017-03-18,2017-03-18,2017-03-28
0c01f9af50a4,2017-03-08,2017-03-15,2017-03-28
50d725de59f3,2017-03-07,2017-03-15,2017-03-28
22169444b1e2,2017-02-17,2017-03-15,2017-03-18
19f0189e7e3d,2017-02-17,2017-03-15,2017-03-19
6d4011639000,2017-02-27,2017-03-15,2017-03-17
95c1b388364d,2017-03-02,2017-03-15,2017-03-28
0e7ae6660ad4,2017-03-04,2017-03-15,2017-03-28
1630c992955f,2017-03-19,2017-03-19,2017-03-28
1a46a0db44d6,2017-03-05,2017-03-15,2017-03-28
8dcde1659bd5,2017-03-24,2017-03-24,2017-03-25
01c2310098a3,2017-02-24,2017-03-15,2017-03-25
4db6573c326d,2017-03-07,2017-03-15,2017-03-28
30992565773a,2017-03-03,2017-03-15,2017-03-27
837a91de3906,2017-03-12,2017-03-15,2017-03-28
6686c5e92ab9,2017-02-28,2017-03-15,2017-03-28
8af2d77b393e,2017-02-23,2017-03-15,2017-03-25
b2eb58d49308,2017-03-28,2017-03-28,2017-03-28
0f4b984a425f,2017-02-17,2017-03-15,2017-03-19
876acc618715,2017-03-16,2017-03-16,2017-03-22
9f669243b906,2017-02-16,2017-03-15,2017-03-18
abc3db1fc2b7,2017-03-18,2017-03-18,2017-03-28
eee090b97ab0,2017-03-05,2017-03-15,2017-03-28
022ab98b8a9c,2017-03-20,2017-03-20,2017-03-28
defe59139270,2017-02-20,2017-03-15,2017-03-22
734687bee9cd,2017-02-21,2017-03-15,2017-03-23
6db7a4d72de9,2017-02-17,2017-03-15,2017-03-19
af2dd25e0d59,2017-03-16,2017-03-16,2017-03-28
f01fa0b1b8eb,2017-02-24,2017-03-15,2017-03-26
9a977a6d8957,2017-02-18,2017-03-15,2017-03-20
facec76f206b,2017-03-01,2017-03-15,2017-03-28
3a3d07ae747a,2017-03-11,2017-03-15,2017-03-28
34e1470aec38,2017-02-27,2017-03-15,2017-03-28
d69fee24ecef,2017-03-12,2017-03-15,2017-03-28
17de78d225cc,2017-03-06,2017-03-15,2017-03-28
403750e01f6e,2017-03-22,2017-03-22,2017-03-28
8e5291503e6b,2017-03-12,2017-03-15,2017-03-28
8a9153070fb5,2017-03-08,2017-03-15,2017-03-28
6d91fef15662,2017-03-11,2017-03-15,2017-03-28
b34c5c1113dc,2017-03-06,2017-03-15,2017-03-28
8a765590c740,2017-03-14,2017-03-15,2017-03-28
039923f3a494,2017-02-17,2017-03-15,2017-03-19
0cbcf53d21fc,2017-03-10,2017-03-15,2017-03-28
2d330b9d0e80,2017-03-28,2017-03-28,2017-03-28
84f82172c8da,2017-02-20,2017-03-15,2017-03-21
4f03048b8e53,2017-03-08,2017-03-15,2017-03-28
4c7917f679e0,2017-03-21,2017-03-21,2017-03-28
a36e32a8384b,2017-03-17,2017-03-17,2017-03-18
1300528052e4,2017-03-20,2017-03-20,2017-03-28
0e09f149bb1a,2017-03-09,2017-03-15,2017-03-28
b0d62cbfae41,2017-02-18,2017-03-15,2017-03-20
948202847825,2017-02-17,2017-03-15,2017-03-18
2c68ab3bf8da,2017-03-01,2017-03-15,2017-03-28
06ca17b299be,2017-02-18,2017-03-15,2017-03-20
1a64d021ae09,2017-03-06,2017-03-15,2017-03-28
7257e29b3b52,2017-03-12,2017-03-15,2017-03-28
4c8680b69b0d,2017-03-02,2017-03-15,2017-03-28
b5b79ffc1fe5,2017-03-23,2017-03-23,2017-03-28
aa0f80a54944,2017-02-24,2017-03-15,2017-03-21
baa14addfd12,2017-03-07,2017-03-15,2017-03-28
a9c32ca64a33,2017-02-23,2017-03-15,2017-03-25
e23d9921ae73,2017-03-13,2017-03-15,2017-03-28
b8969dd3f4f7,2017-03-10,2017-03-15,2017-03-28
c89b29f85567,2017-02-14,2017-03-15,2017-03-16
848ed852db93,2017-03-16,2017-03-16,2017-03-28
9331614cc0c5,2017-02-23,2017-03-15,2017-03-25
5e5df8035006,2017-03-23,2017-03-23,2017-03-28
73f559fe468e,2017-03-24,2017-03-24,2017-03-28
cf60c7ee9fdb,2017-03-24,2017-03-24,2017-03-28
cba080f68c26,2017-02-19,2017-03-15,2017-03-21
6e4f0ab0679b,2017-03-07,2017-03-15,2017-03-28
128ce4508e41,2017-02-14,2017-03-15,2017-03-16
40bf812f2e5c,2017-03-09,2017-03-15,2017-03-28
79d621f59cec,2017-03-12,2017-03-15,2017-03-28
78c0205f8f92,2017-03-03,2017-03-15,2017-03-28
19a8694aa20d,2017-03-14,2017-03-15,2017-03-28
b5ecf6292a9c,2017-03-24,2017-03-24,2017-03-28
ed997ef473f4,2017-03-25,2017-03-25,2017-03-28
41e989072b09,2017-02-27,2017-03-15,2017-03-28
86fa4fd2c336,2017-02-14,2017-03-15,2017-03-16
db875d16d6da,2017-03-17,2017-03-17,2017-03-28
c4f86fab7337,2017-03-12,2017-03-15,2017-03-28
58772e5e0921,2017-02-19,2017-03-15,2017-03-20
aacc7b64d239,2017-03-26,2017-03-26,2017-03-28
a6739dca18b2,2017-02-26,2017-03-15,2017-03-27
12e79058c304,2017-03-14,2017-03-15,2017-03-19
dc1eb7529e4f,2017-02-24,2017-03-15,2017-03-26
9661b2591a14,2017-02-28,2017-03-15,2017-03-28
f858aafe7a41,2017-03-19,2017-03-19,2017-03-28
d1d095de1d53,2017-02-25,2017-03-15,2017-03-23
8c5d6f2961ec,2017-03-24,2017-03-24,2017-03-28
e86ed1d71b50,2017-02-18,2017-03-15,2017-03-20
98578cdc5cda,2017-03-09,2017-03-15,2017-03-28
15d0b6ca081c,2017-03-01,2017-03-15,2017-03-28
84bc949b3515,2017-03-22,2017-03-22,2017-03-26
108e9b9d0ea8,2017-03-05,2017-03-15,2017-03-28
b3d866174d37,2017-03-11,2017-03-15,2017-03-28
e137d01b6cc2,2017-03-17,2017-03-17,2017-03-28
887d3fab3fd8,2017-03-03,2017-03-15,2017-03-28
811a276b5d2f,2017-03-05,2017-03-15,2017-03-28
00e26a2099ad,2017-03-10,2017-03-15,2017-03-28
710e28ddf160,2017-03-21,2017-03-21,2017-03-28
f453021901e4,2017-02-23,2017-03-15,2017-03-24
ae797bcbe1e4,2017-03-22,2017-03-22,2017-03-28
0f18d9e7abc5,2017-03-16,2017-03-16,2017-03-28
b3eec8b6401c,2017-02-28,2017-03-15,2017-03-28
1600038447c0,2017-03-08,2017-03-15,2017-03-28
aa0131fdb975,2017-03-20,2017-03-20,2017-03-28
f92aaf0e1ad8,2017-03-25,2017-03-25,2017-03-28
81b0170c79fb,2017-03-22,2017-03-22,2017-03-28
a679415cffc7,2017-02-15,2017-03-15,2017-03-17
1e71656e64d4,2017-02-27,2017-03-15,2017-03-28
1444af9c7f07,2017-03-07,2017-03-15,2017-03-28
e6b6f0bdb0e8,2017-03-08,2017-03-15,2017-03-28
d928bc3afec5,2017-03-16,2017-03-16,2017-03-28
1fc620065e77,2017-03-09,2017-03-15,2017-03-28
1682474067e1,2017-02-26,2017-03-15,2017-03-28
827e0b101526,2017-02-21,2017-03-15,2017-03-22
b41a0094447d,2017-02-27,2017-03-15,2017-03-28
d8a241040a31,2017-03-11,2017-03-15,2017-03-28
78d3acfb4edd,2017-02-20,2017-03-15,2017-03-22
5b33175068eb,2017-03-20,2017-03-20,2017-03-28
c26dc346ea9b,2017-03-20,2017-03-20,2017-03-28
47a4d3f68acb,2017-03-24,2017-03-24,2017-03-28
5fddc1a5ac16,2017-03-21,2017-03-21,2017-03-28
9d5aed4f9988,2017-02-19,2017-03-15,2017-03-21
dfd714504e0c,2017-03-25,2017-03-25,2017-03-28
a7f3c75eaf30,2017-02-23,2017-03-15,2017-03-24
0f1612475357,2017-02-18,2017-03-15,2017-03-17
53cf3c936770,2017-02-13,2017-03-15,2017-03-15
2e6aae07bc0b,2017-03-11,2017-03-15,2017-03-28
3e3a1a78143e,2017-03-28,2017-03-28,2017-03-28
a271ece8bcc5,2017-03-22,2017-03-22,2017-03-28
fc5d7f9e8c5b,2017-02-14,2017-03-15,2017-03-16
2d8325a15265,2017-02-16,2017-03-15,2017-03-18
63e2581d3038,2017-03-27,2017-03-27,2017-03-28
5f464f54f4d5,2017-02-16,2017-03-15,2017-03-18
ddc58b9e741d,2017-03-24,2017-03-24,2017-03-28
dd8a7181de60,2017-03-09,2017-03-15,2017-03-28
5484b902bfba,2017-03-04,2017-03-15,2017-03-28
6c9474fa3d5c,2017-03-22,2017-03-22,2017-03-28
435f0974d105,2017-03-21,2017-03-21,2017-03-28
e4c552fdbb0a,2017-03-11,2017-03-15,2017-03-28
e3a48a851733,2017-02-28,2017-03-15,2017-03-28
befd5b5d70a4,2017-03-02,2017-03-15,2017-03-28
bb46ea0476e4,2017-03-10,2017-03-15,2017-03-28
7e702dee627c,2017-03-19,2017-03-19,2017-03-28
9ebdda88ad16,2017-03-10,2017-03-15,2017-03-28
2b2edd06c0a8,2017-02-14,2017-03-15,2017-03-16
c95b1915991b,2017-03-26,2017-03-26,2017-03-28
4931945c3ff5,2017-03-28,2017-03-28,2017-03-28
189a84c8f516,2017-02-21,2017-03-15,2017-03-22
c91f30cb18cc,2017-02-14,2017-03-15,2017-03-16
1bbfbba2a84b,2017-02-19,2017-03-15,2017-03-21
577fc977cf47,2017-03-02,2017-03-15,2017-03-28
38748b3b15f5,2017-03-04,2017-03-15,2017-03-28
284d3512015a,2017-02-14,2017-03-15,2017-03-15
a9b3a29bc7aa,2017-02-26,2017-03-15,2017-03-28
4ecb77c21b78,2017-02-21,2017-03-15,2017-03-22
424e7eedb675,2017-03-25,2017-03-25,2017-03-28
3d5b94a08a56,2017-03-21,2017-03-21,2017-03-28
422870672b88,2017-03-10,2017-03-15,2017-03-28
cbfa0ada23d3,2017-03-05,2017-03-15,2017-03-21
14680d72cc2c,2017-02-19,2017-03-15,2017-03-21
0c32225bcd11,2017-03-16,2017-03-16,2017-03-28
a49008cb2609,2017-02-20,2017-03-15,2017-03-22
7bf2ad687693,2017-02-24,2017-03-15,2017-03-26
d6ced14581e0,2017-02-13,2017-03-15,2017-03-15
3d39951c5c55,2017-02-22,2017-03-15,2017-03-24
d24d0f42a7b5,2017-03-05,2017-03-15,2017-03-28
7394a7858e93,2017-02-27,2017-03-15,2017-03-28
5b91d2170dd9,2017-03-01,2017-03-15,2017-03-28
47ffaca477ed,2017-03-05,2017-03-15,2017-03-28
ec270f67dfdc,2017-02-18,2017-03-15,2017-03-19
b8d08bc37264,2017-02-23,2017-03-15,2017-03-24
83fd3657abac,2017-03-20,2017-03-20,2017-03-28
621a5fc82412,2017-03-12,2017-03-15,2017-03-28
12520aabdd56,2017-02-28,2017-03-15,2017-03-28
0eb79e948625,2017-02-22,2017-03-15,2017-03-24
550d8e65c1ef,2017-03-17,2017-03-17,2017-03-28
10ac838b314d,2017-03-11,2017-03-15,2017-03-28
40f0c2f7448c,2017-03-20,2017-03-20,2017-03-28
2a1485a148b4,2017-03-26,2017-03-26,2017-03-28
e5fcf7d503b0,2017-03-04,2017-03-15,2017-03-28
4ad5d5e74f4a,2017-02-25,2017-03-15,2017-03-17
4ea3f4b70761,2017-03-01,2017-03-15,2017-03-28
f71f76240fb5,2017-03-10,2017-03-15,2017-03-24
fc8be7a70edd,2017-02-20,2017-03-15,2017-03-22
7bfdf9d286e0,2017-02-25,2017-03-15,2017-03-27
a95a006f010e,2017-02-24,2017-03-15,2017-03-26
84fc5a67f42a,2017-02-23,2017-03-15,2017-03-25
0761aa98b661,2017-02-28,2017-03-15,2017-03-28
edb5ef38289f,2017-03-13,2017-03-15,2017-03-28
5a6a343ceb8b,2017-03-17,2017-03-17,2017-03-28
708813689a6d,2017-03-08,2017-03-15,2017-03-28
240a40569c40,2017-02-20,2017-03-15,2017-03-22
4c962d7b2e33,2017-02-22,2017-03-15,2017-03-24
6deafcd86594,2017-03-19,2017-03-19,2017-03-28
0da8fb5f76a8,2017-02-22,2017-03-15,2017-03-24
f0052082bb62,2017-03-03,2017-03-15,2017-03-28
90ee1c7b96d6,2017-02-26,2017-03-15,2017-03-27
8412dae70c38,2017-03-26,2017-03-26,2017-03-28
1322a7c2a397,2017-02-28,2017-03-15,2017-03-28
48686c34294a,2017-03-07,2017-03-15,2017-03-28
712600e89f38,2017-02-22,2017-03-15,2017-03-24
8559f1486c8e,2017-02-24,2017-03-15,2017-03-26
fa5df049ed6e,2017-02-20,2017-03-15,2017-03-22
72f529717f24,2017-03-01,2017-03-15,2017-03-28
c51ecfe21fa3,2017-03-15,2017-03-15,2017-03-28
a19c44dc2bc9,2017-03-07,2017-03-15,2017-03-28
c7a2a474be20,2017-03-04,2017-03-15,2017-03-28
6cff7bd9f0db,2017-03-03,2017-03-15,2017-03-18
6cbff4b3476b,2017-02-27,2017-03-15,2017-03-28
39a2ab9adb0c,2017-03-21,2017-03-21,2017-03-28
ae29ff6fadbf,2017-03-14,2017-03-15,2017-03-26
959f91d2f24e,2017-03-07,2017-03-15,2017-03-28
32ce5922dc29,2017-03-24,2017-03-24,2017-03-28
3e31238aa8b8,2017-03-06,2017-03-15,2017-03-28
4b3c662ebd63,2017-03-09,2017-03-15,2017-03-28
3ea4952417e4,2017-02-16,2017-03-15,2017-03-18
f445ce3a622e,2017-03-19,2017-03-19,2017-03-28
9523c1324371,2017-03-01,2017-03-15,2017-03-28
ded32edd4f18,2017-03-11,2017-03-15,2017-03-28
cefbb17af248,2017-02-19,2017-03-15,2017-03-21
b4f0696fff2b,2017-02-25,2017-03-15,2017-03-26
261b0d734ba2,2017-03-26,2017-03-26,2017-03-28
d937ad0855b5,2017-02-17,2017-03-15,2017-03-19
0031171a57ff,2017-03-09,2017-03-15,2017-03-28
282be833e9fc,2017-03-06,2017-03-15,2017-03-28
d0969da4a101,2017-03-11,2017-03-15,2017-03-28
7062d3532f0a,2017-03-24,2017-03-24,2017-03-28
9fa8d0ae34cd,2017-03-23,2017-03-23,2017-03-28
5515c619c17d,2017-03-16,2017-03-16,2017-03-28
20736b040717,2017-03-14,2017-03-15,2017-03-28
9ba023ec80e0,2017-02-15,2017-03-15,2017-03-17
2b4c55c8ca2c,2017-03-26,2017-03-26,2017-03-28
98e5910754dd,2017-02-28,2017-03-15,2017-03-28
3adaf190b45d,2017-03-21,2017-03-21,2017-03-28
179bec5c1bcd,2017-03-01,2017-03-15,2017-03-28
8ee64f1dd6a2,2017-02-26,2017-03-15,2017-03-27
e6906d74b981,2017-03-05,2017-03-15,2017-03-28
83a0383153ad,2017-03-23,2017-03-23,2017-03-28
9aede6d3e757,2017-03-12,2017-03-15,2017-03-28
827fb7e3414d,2017-02-21,2017-03-15,2017-03-23
f8a91546b871,2017-03-05,2017-03-15,2017-03-28
f2725206faa2,2017-02-23,2017-03-15,2017-03-25
936075cfcd41,2017-03-01,2017-03-15,2017-03-28
361156b97d93,2017-02-22,2017-03-15,2017-03-24
75e518df4664,2017-03-01,2017-03-15,2017-03-28
8c3b53be3170,2017-03-06,2017-03-15,2017-03-28
50e198dd6fea,2017-03-20,2017-03-20,2017-03-28
7f68bd81ccae,2017-02-23,2017-03-15,2017-03-25
425c25108549,2017-02-21,2017-03-15,2017-03-22
f8ab60f780a9,2017-03-25,2017-03-25,2017-03-28
b9793c99f67e,2017-02-20,2017-03-15,2017-03-21
6d0a4ceb60d0,2017-02-16,2017-03-15,2017-03-18
cfaf79778915,2017-03-19,2017-03-19,2017-03-28
8f3d19b04a0a,2017-03-04,2017-03-15,2017-03-28
7a1d4a0a102b,2017-03-20,2017-03-20,2017-03-28
5311780cedf1,2017-03-17,2017-03-17,2017-03-28
a1e046b19f16,2017-03-02,2017-03-15,2017-03-28
4197dd5620d2,2017-03-06,2017-03-15,2017-03-21
0e43d1253b76,2017-02-19,2017-03-15,2017-03-21
5c446108c598,2017-03-01,2017-03-15,2017-03-28
156e8e84af9c,2017-03-17,2017-03-17,2017-03-28
f95f26f727dc,2017-03-15,2017-03-15,2017-03-28
19a43986f8e8,2017-02-20,2017-03-15,2017-03-21
d5ede0c71576,2017-03-28,2017-03-28,2017-03-28
4f304a35fbd6,2017-03-12,2017-03-15,2017-03-28
b7d5a4c91e91,2017-03-26,2017-03-26,2017-03-28
ef8fae03b60d,2017-03-10,2017-03-15,2017-03-28
f6fee2f0a802,2017-03-01,2017-03-15,2017-03-28
21e2cc876fae,2017-03-15,2017-03-15,2017-03-28
cca579f9ca2b,2017-03-20,2017-03-20,2017-03-28
d16585ed1851,2017-03-18,2017-03-18,2017-03-28
cc51f1a47b6a,2017-02-16,2017-03-15,2017-03-18
327ba2ac5f1a,2017-02-27,2017-03-15,2017-03-28
2197e251974c,2017-03-18,2017-03-18,2017-03-25
cff80843f651,2017-03-12,2017-03-15,2017-03-28
661492611990,2017-03-06,2017-03-15,2017-03-28
c02cdf3af3bf,2017-03-05,2017-03-15,2017-03-28
4da9b91bedf0,2017-03-04,2017-03-15,2017-03-28
cc6b4e2ffcb1,2017-03-05,2017-03-15,2017-03-28
be4e81cc2861,2017-02-26,2017-03-15,2017-03-28
3c58cf79cf39,2017-02-13,2017-03-15,2017-03-15
3882aac0209c,2017-03-06,2017-03-15,2017-03-28
fa4267829afe,2017-02-28,2017-03-15,2017-03-28
e1bb57524a84,2017-03-13,2017-03-15,2017-03-21
ea0ef15a2f8d,2017-02-16,2017-03-15,2017-03-18
9c249f673e06,2017-03-28,2017-03-28,2017-03-28
6cf4981f9b76,2017-03-13,2017-03-15,2017-03-28
2afecb895b6b,2017-03-24,2017-03-24,2017-03-28
45d9a9350f59,2017-03-18,2017-03-18,2017-03-28
f7e8d29258d6,2017-03-16,2017-03-16,2017-03-28
74dda2f04886,2017-03-12,2017-03-15,2017-03-28
84134165a210,2017-03-16,2017-03-16,2017-03-28
cd086ef8278d,2017-03-08,2017-03-15,2017-03-28
fc815fa4fe87,2017-03-08,2017-03-15,2017-03-28
766e1a0bc938,2017-03-25,2017-03-25,2017-03-28
90d378f361bf,2017-03-01,2017-03-15,2017-03-28
5dcc8c70a5d3,2017-03-17,2017-03-17,2017-03-28
20c9a31e19e0,2017-02-17,2017-03-15,2017-03-19
31a3b6f8bef3,2017-03-10,2017-03-15,2017-03-28
663a77bedafc,2017-02-15,2017-03-15,2017-03-16
3afbce8f231d,2017-02-27,2017-03-15,2017-03-28
e069e81f0b3a,2017-03-13,2017-03-15,2017-03-28
1c45285dc6bb,2017-03-27,2017-03-27,2017-03-28
d68e2bd15a88,2017-03-23,2017-03-24,2017-03-28
33a46f6d0a30,2017-02-26,2017-03-15,2017-03-28
059692a5ce21,2017-02-23,2017-03-15,2017-03-25
4b9ea1a3f919,2017-03-17,2017-03-17,2017-03-28
939821e6c8c5,2017-03-14,2017-03-15,2017-03-28
a1d9a60c92ba,2017-03-01,2017-03-15,2017-03-25
8196249940b3,2017-03-08,2017-03-15,2017-03-28
311687c155df,2017-03-23,2017-03-23,2017-03-28
f415f874459e,2017-03-05,2017-03-15,2017-03-28
51e3b84fbbfa,2017-03-16,2017-03-16,2017-03-28
7e57a3ab0818,2017-03-09,2017-03-15,2017-03-28
3e49f096ff1f,2017-03-27,2017-03-27,2017-03-28
70a8f3c0bd1f,2017-03-04,2017-03-15,2017-03-28
f772fc89a38d,2017-03-18,2017-03-18,2017-03-28
e2812e77ac00,2017-03-24,2017-03-24,2017-03-28
f3d1e5b56a17,2017-03-07,2017-03-15,2017-03-28
40a3bfdfc098,2017-03-28,2017-03-28,2017-03-28
83f52110f9fb,2017-03-02,2017-03-15,2017-03-28
f401a096fbf5,2017-02-25,2017-03-15,2017-03-26
53fca1d5b7b2,2017-03-09,2017-03-15,2017-03-28
776de2efd8f6,2017-03-26,2017-03-26,2017-03-28
aff7159ff2cd,2017-03-03,2017-03-15,2017-03-28
9413c9aad21f,2017-03-21,2017-03-21,2017-03-25
c4c695bed5e3,2017-02-27,2017-03-15,2017-03-28
cd333ba434c7,2017-02-26,2017-03-15,2017-03-27
ee3503e901be,2017-02-16,2017-03-15,2017-03-18
38cb7abb0afc,2017-02-14,2017-03-15,2017-03-15
8be124ccb5a8,2017-03-06,2017-03-15,2017-03-28
7a7ad0a91e5c,2017-03-20,2017-03-20,2017-03-28
e92b8323852e,2017-03-27,2017-03-27,2017-03-28
894cf11e8a0f,2017-02-25,2017-03-15,2017-03-26
c4d69b1e43bf,2017-03-10,2017-03-15,2017-03-28
6878f3c16b37,2017-02-22,2017-03-15,2017-03-24
9f4e71493d16,2017-02-20,2017-03-15,2017-03-21
ddbd9ed65b99,2017-03-11,2017-03-15,2017-03-28
5f19ca3d5dfd,2017-03-18,2017-03-18,2017-03-28
1d35d6ea725a,2017-03-02,2017-03-15,2017-03-28
b272af0aeb2c,2017-03-18,2017-03-18,2017-03-28
78ae4a1896fd,2017-03-20,2017-03-20,2017-03-28
3dee1591f8e7,2017-03-11,2017-03-15,2017-03-28
9a39d16c34b5,2017-03-24,2017-03-24,2017-03-28
2ef50a911fcc,2017-03-18,2017-03-18,2017-03-28
4306d6a2ad7a,2017-02-16,2017-03-15,2017-03-18
1af8101fd024,2017-02-24,2017-03-15,2017-03-19
c8045bf84a3e,2017-02-17,2017-03-15,2017-03-19
3a93f056c66e,2017-02-28,2017-03-15,2017-03-28
1ab40d066b06,2017-02-21,2017-03-15,2017-03-23
5930191fb636,2017-03-15,2017-03-15,2017-03-28
95ee02d83db7,2017-02-14,2017-03-15,2017-03-16
b4ec3f5272f1,2017-03-05,2017-03-15,2017-03-28
5493c45ce4be,2017-03-27,2017-03-27,2017-03-28
a47f5c6d6a0b,2017-02-23,2017-03-15,2017-03-24
70193a3f9fdf,2017-03-04,2017-03-15,2017-03-28
b98789c83e78,2017-03-02,2017-03-15,2017-03-28
7d023e453c6a,2017-02-26,2017-03-15,2017-03-28
3b0f3b3b9d58,2017-02-26,2017-03-15,2017-03-18
7a43b0b04578,2017-03-01,2017-03-15,2017-03-28
33d4490cefab,2017-03-16,2017-03-16,2017-03-28
220448db52ef,2017-02-21,2017-03-15,2017-03-23
9ce3b04404f6,2017-02-23,2017-03-15,2017-03-24
0b6b4ffc868e,2017-03-27,2017-03-27,2017-03-28
2889155ba717,2017-02-23,2017-03-15,2017-03-24
4aa931687877,2017-02-17,2017-03-15,2017-03-19
3e90224bff71,2017-03-07,2017-03-15,2017-03-28
1b545bac8be3,2017-02-20,2017-03-15,2017-03-22
92be21488c4f,2017-02-18,2017-03-15,2017-03-19
252249e683f6,2017-03-11,2017-03-15,2017-03-28
8de30a919d46,2017-03-10,2017-03-15,2017-03-28
4f60032ea64f,2017-03-12,2017-03-15,2017-03-28
646b911173cc,2017-02-24,2017-03-15,2017-03-26
cd6ab88232ac,2017-03-03,2017-03-15,2017-03-28
63e1fe4abcf0,2017-03-10,2017-03-15,2017-03-28
76f402ad4ef8,2017-03-11,2017-03-15,2017-03-28
871b9c3cec00,2017-03-08,2017-03-15,2017-03-28
2e088c8c5342,2017-03-06,2017-03-15,2017-03-28
f7820ec46c24,2017-03-05,2017-03-15,2017-03-28
0446ffb7dcdb,2017-03-28,2017-03-28,2017-03-28
3b9e871c018f,2017-03-01,2017-03-15,2017-03-28
1be7c18671a3,2017-02-24,2017-03-15,2017-03-25
ec03e812f64b,2017-03-12,2017-03-15,2017-03-16
8da5b0bb1af9,2017-02-23,2017-03-15,2017-03-25
f617310f5830,2017-03-09,2017-03-15,2017-03-28
98e461803946,2017-03-14,2017-03-15,2017-03-28
9ae872aa9fc8,2017-03-03,2017-03-15,2017-03-28
56b591d093ae,2017-03-01,2017-03-15,2017-03-28
b6034f4f6518,2017-03-03,2017-03-15,2017-03-28
6121fb5417dd,2017-02-21,2017-03-15,2017-03-23
b781aa8e1a9a,2017-03-03,2017-03-15,2017-03-28
069469862b55,2017-03-25,2017-03-25,2017-03-28
4148f0ab0e49,2017-03-13,2017-03-15,2017-03-28
10e1786a8858,2017-03-21,2017-03-21,2017-03-28
eb0502347938,2017-03-08,2017-03-15,2017-03-28
784de8f24509,2017-03-13,2017-03-15,2017-03-28
62f0990d87fc,2017-03-14,2017-03-15,2017-03-28
e575ebda36c5,2017-03-25,2017-03-25,2017-03-28
1b20b589fd79,2017-03-16,2017-03-16,2017-03-28
22696ba19ad7,2017-03-25,2017-03-25,2017-03-28
203c4e56d57d,2017-03-22,2017-03-22,2017-03-28
95eecb2b7236,2017-03-10,2017-03-15,2017-03-28
fe2520892583,2017-03-14,2017-03-15,2017-03-16
370c24c2da6b,2017-03-23,2017-03-23,2017-03-28
4f7ae1091799,2017-03-14,2017-03-15,2017-03-28
75b7461ebe4f,2017-03-26,2017-03-26,2017-03-28
e909e22474d3,2017-02-21,2017-03-15,2017-03-22
15b8292e9cbe,2017-03-26,2017-03-26,2017-03-28
418c26dcac9a,2017-02-16,2017-03-15,2017-03-18
7c2376c45a81,2017-03-24,2017-03-24,2017-03-28
51508b2600ec,2017-03-13,2017-03-15,2017-03-28
bbd89993fac2,2017-02-27,2017-03-15,2017-03-28
5b7db97fdccf,2017-03-11,2017-03-15,2017-03-28
23e0322306ce,2017-03-13,2017-03-15,2017-03-28
3a01b5f505bb,2017-02-25,2017-03-15,2017-03-27
f7af5f60d8fe,2017-02-21,2017-03-15,2017-03-23
06824a2e1879,2017-03-27,2017-03-27,2017-03-28
74caf0cd2560,2017-02-24,2017-03-15,2017-03-25
8cf9db873de2,2017-03-28,2017-03-28,2017-03-28
73a854ed4e60,2017-03-13,2017-03-15,2017-03-28
b7961fed2141,2017-02-13,2017-03-15,2017-03-15
43c49bcd3475,2017-02-18,2017-03-15,2017-03-19
63b7a7aa6a31,2017-03-04,2017-03-15,2017-03-20
7eae896a2657,2017-03-14,2017-03-15,2017-03-28
a3148094a9b9,2017-03-26,2017-03-26,2017-03-28
ddca0eeaab47,2017-02-25,2017-03-15,2017-03-27
ca44f569dc4b,2017-03-03,2017-03-15,2017-03-28
1177b593f582,2017-02-15,2017-03-15,2017-03-17
62359b747ebf,2017-03-04,2017-03-15,2017-03-28
fa4bf36cacaa,2017-03-21,2017-03-21,2017-03-23
427e2dfba37e,2017-03-24,2017-03-24,2017-03-28
971d5fee9180,2017-03-27,2017-03-27,2017-03-28
3d4edd896438,2017-03-07,2017-03-15,2017-03-28
bf59b0e33a5a,2017-03-24,2017-03-24,2017-03-28
766fb278a6ef,2017-03-28,2017-03-28,2017-03-28
f280aaf43398,2017-02-19,2017-03-15,2017-03-21
0db6761826f3,2017-02-24,2017-03-15,2017-03-18
07877a3bbcda,2017-03-10,2017-03-15,2017-03-28
925fc37e96c0,2017-03-23,2017-03-23,2017-03-28
87ecbd00c4bb,2017-03-13,2017-03-15,2017-03-28
bf6e81703af8,2017-02-27,2017-03-15,2017-03-28
5c3de551e085,2017-03-05,2017-03-15,2017-03-28
cfea1e49963b,2017-03-22,2017-03-22,2017-03-28
1c9dfe309b33,2017-02-21,2017-03-15,2017-03-23
f4482eb45996,2017-03-24,2017-03-24,2017-03-28
1d59677ff05f,2017-03-19,2017-03-19,2017-03-28
1af86feeadd1,2017-02-18,2017-03-15,2017-03-19
309d270744ed,2017-03-02,2017-03-15,2017-03-28
e58a1244200d,2017-03-19,2017-03-19,2017-03-28
49b3f7a8463e,2017-02-20,2017-03-15,2017-03-22
4481950aaacc,2017-03-22,2017-03-22,2017-03-28
bfecc960c9a8,2017-03-18,2017-03-18,2017-03-28
8b64652f0eec,2017-03-28,2017-03-28,2017-03-28
847e11fe5a83,2017-02-21,2017-03-15,2017-03-23
00fdb25cf116,2017-03-12,2017-03-15,2017-03-28
00fafd923793,2017-02-17,2017-03-15,2017-03-18
351b81b3fe24,2017-03-19,2017-03-19,2017-03-28
24d71434b694,2017-03-23,2017-03-23,2017-03-28
27786526a17a,2017-02-20,2017-03-15,2017-03-22
870976b4a883,2017-03-05,2017-03-15,2017-03-28
987dfb4b0834,2017-02-25,2017-03-15,2017-03-26
d66188ade121,2017-03-09,2017-03-15,2017-03-28
475e17968950,2017-02-25,2017-03-15,2017-03-27
65b154b12d68,2017-03-11,2017-03-15,2017-03-28
a403e55ec2a7,2017-03-23,2017-03-23,2017-03-28
fd606f5da860,2017-03-25,2017-03-25,2017-03-28
aee2710125c0,2017-03-27,2017-03-27,2017-03-28
7eb1220f3504,2017-02-24,2017-03-15,2017-03-26
62a4a6db0b63,2017-03-21,2017-03-21,2017-03-28
912bd9caac23,2017-02-22,2017-03-15,2017-03-23
ed2dbd339701,2017-03-22,2017-03-22,2017-03-28
e92f33f71cc3,2017-02-24,2017-03-15,2017-03-26
737564f4b3bd,2017-03-21,2017-03-21,2017-03-28
dd781b5e299b,2017-03-18,2017-03-18,2017-03-24
24963d1b0ec9,2017-02-19,2017-03-15,2017-03-20
77d695c1f3ac,2017-02-20,2017-03-15,2017-03-22
c77162fa6d7a,2017-02-17,2017-03-15,2017-03-19
242579d32249,2017-02-18,2017-03-15,2017-03-20
33300742ff93,2017-02-25,2017-03-15,2017-03-26
8894f5306284,2017-03-02,2017-03-15,2017-03-28
b39ef6804486,2017-02-15,2017-03-15,2017-03-17
a40bdfa0ce44,2017-03-11,2017-03-15,2017-03-28
eb4a7a3a1e4d,2017-02-23,2017-03-15,2017-03-25
c892936e2f37,2017-03-11,2017-03-15,2017-03-28
d1cbb570e80d,2017-03-14,2017-03-15,2017-03-28
674333e62bbb,2017-03-20,2017-03-20,2017-03-28
06be116de379,2017-03-02,2017-03-15,2017-03-28
a0140eaabbff,2017-02-16,2017-03-15,2017-03-18
d0ac2ee2c56b,2017-02-18,2017-03-15,2017-03-19
899e3092c4eb,2017-03-16,2017-03-16,2017-03-28
a10810395f90,2017-03-21,2017-03-21,2017-03-28
f47dec805efe,2017-03-20,2017-03-20,2017-03-28
0012d34070d5,2017-02-14,2017-03-15,2017-03-15
05f6059f56ff,2017-02-23,2017-03-15,2017-03-25
252531c469b9,2017-03-12,2017-03-15,2017-03-28
b07599bc1d90,2017-02-20,2017-03-15,2017-03-22
4eb29e32b432,2017-03-04,2017-03-15,2017-03-28
06b18a40994f,2017-02-23,2017-03-15,2017-03-24
1e43676c856b,2017-03-10,2017-03-15,2017-03-28
4476fd5edbaa,2017-02-21,2017-03-15,2017-03-23
85d4992cb1ec,2017-02-22,2017-03-15,2017-03-23
6530ff23fb77,2017-02-27,2017-03-15,2017-03-28
b3d3fd9ccb77,2017-03-05,2017-03-15,2017-03-28
65d31bcd63f7,2017-02-19,2017-03-15,2017-03-21
0d375e1dbd41,2017-03-19,2017-03-19,2017-03-28
d76f9d1ff278,2017-03-24,2017-03-24,2017-03-25
0b870348a30c,2017-03-23,2017-03-23,2017-03-28
363242bc4859,2017-03-13,2017-03-15,2017-03-28
ecfadb73f6f6,2017-03-03,2017-03-15,2017-03-28
467101b722e1,2017-02-28,2017-03-15,2017-03-28
bf8145ad1d30,2017-03-03,2017-03-15,2017-03-28
f56e3a646ad2,2017-02-22,2017-03-15,2017-03-23
3a247941ba18,2017-03-28,2017-03-28,2017-03-28
ccf93c952a5e,2017-02-27,2017-03-15,2017-03-28
df6f64e0ed4d,2017-03-04,2017-03-15,2017-03-28
2cb6e8f6dec0,2017-02-25,2017-03-15,2017-03-27
ccc0c0a02f91,2017-03-17,2017-03-17,2017-03-28
7d9381eaed4e,2017-03-06,2017-03-15,2017-03-28
7b9b1c9b3972,2017-02-26,2017-03-15,2017-03-28
80ab43c03f88,2017-03-21,2017-03-21,2017-03-28
4c5981f1fdb2,2017-03-28,2017-03-28,2017-03-28
2100acdcdb6b,2017-03-06,2017-03-15,2017-03-28
b43de08d0c58,2017-03-12,2017-03-15,2017-03-28
10a4f50e01b8,2017-03-10,2017-03-15,2017-03-28
c2aab7b4f297,2017-02-19,2017-03-15,2017-03-20
b4476fbbafb7,2017-02-21,2017-03-15,2017-03-23
21f6e2df7ab8,2017-03-09,2017-03-15,2017-03-28
f421f1fe86ac,2017-03-16,2017-03-16,2017-03-28
a962efc67104,2017-03-08,2017-03-15,2017-03-28
1eb1faed4b09,2017-03-27,2017-03-27,2017-03-28
78fdcace9e1d,2017-03-08,2017-03-15,2017-03-28
30670a8a8cce,2017-03-06,2017-03-15,2017-03-28
c92d5e0a0fb5,2017-03-25,2017-03-25,2017-03-28
5a43c5ea15c7,2017-02-26,2017-03-15,2017-03-28
5069e2349e63,2017-02-20,2017-03-15,2017-03-22
635df5f60e3c,2017-02-20,2017-03-15,2017-03-21
9c33f8dcac57,2017-02-27,2017-03-15,2017-03-28
1397e65306a9,2017-03-04,2017-03-15,2017-03-28
d8caadf2e172,2017-02-19,2017-03-15,2017-03-20
264f0990d01c,2017-03-10,2017-03-15,2017-03-28
9c59f251f017,2017-03-14,2017-03-15,2017-03-28
958078ebedc1,2017-03-21,2017-03-21,2017-03-28
281b954cd996,2017-03-26,2017-03-26,2017-03-28
24ebec6f8de3,2017-02-26,2017-03-15,2017-03-28
4087d9ac9346,2017-03-14,2017-03-15,2017-03-28
332733d723ba,2017-03-17,2017-03-17,2017-03-28
60317488e052,2017-03-06,2017-03-15,2017-03-23
bbc17ee8aaaa,2017-03-07,2017-03-15,2017-03-28
ae08d98108f4,2017-02-25,2017-03-15,2017-03-26
9332dcdbf566,2017-03-19,2017-03-19,2017-03-28
f1df444d263c,2017-03-27,2017-03-27,2017-03-28
f4cc7428bedb,2017-02-16,2017-03-15,2017-03-18
f7c42ea14c5e,2017-02-18,2017-03-15,2017-03-20
ad5de35c892e,2017-02-23,2017-03-15,2017-03-25
027624781fdc,2017-03-08,2017-03-15,2017-03-28
92d6118fcd71,2017-03-21,2017-03-21,2017-03-28
d5aa47acc208,2017-02-25,2017-03-15,2017-03-27
af93ffb19ce3,2017-02-14,2017-03-15,2017-03-16
d33eb2d5b087,2017-03-23,2017-03-23,2017-03-28
880f5b763e53,2017-03-22,2017-03-22,2017-03-28
b1f792f29823,2017-02-28,2017-03-15,2017-03-28
7b5136fc28e0,2017-02-15,2017-03-15,2017-03-16
9280bbfff2ff,2017-03-17,2017-03-17,2017-03-28
a5457c969720,2017-03-24,2017-03-24,2017-03-28
4dbf9d2418be,2017-02-28,2017-03-15,2017-03-20
dafd4ff2d856,2017-03-16,2017-03-16,2017-03-28
d173ef9470f7,2017-03-01,2017-03-15,2017-03-28
b443d4286bf9,2017-03-02,2017-03-15,2017-03-28
95fd1b9a2509,2017-02-22,2017-03-15,2017-03-24
97fdb2e431ed,2017-02-16,2017-03-15,2017-03-18
8c2a7476d83a,2017-02-17,2017-03-15,2017-03-19
38b6a4dd04f4,2017-03-25,2017-03-25,2017-03-28
6ea75747fb93,2017-03-10,2017-03-15,2017-03-28
de732ea90a8a,2017-03-13,2017-03-15,2017-03-28
07910a645f74,2017-02-22,2017-03-15,2017-03-24
b9afc81c7db8,2017-03-12,2017-03-15,2017-03-17
7fa91cc7b83c,2017-03-23,2017-03-23,2017-03-28
942153e8820a,2017-02-21,2017-03-15,2017-03-23
3449b64e6244,2017-02-18,2017-03-15,2017-03-20
2e6049c51f37,2017-02-28,2017-03-15,2017-03-28
ad176a79ed6c,2017-02-23,2017-03-15,2017-03-24
4791a6af5015,2017-03-11,2017-03-15,2017-03-28
117519f9bbb7,2017-03-16,2017-03-16,2017-03-28
adffdaecc953,2017-03-27,2017-03-27,2017-03-28
9ab014241d3a,2017-02-27,2017-03-15,2017-03-28
a7f6377958b6,2017-03-06,2017-03-15,2017-03-28
c9bf4e979061,2017-03-12,2017-03-15,2017-03-28
49826f4ac0d4,2017-03-10,2017-03-15,2017-03-28
ce60aad30a51,2017-03-05,2017-03-15,2017-03-28
0ce206cbc51b,2017-03-01,2017-03-15,2017-03-28
cbd4867cef3a,2017-02-27,2017-03-15,2017-03-28
b62a2700a0e8,2017-03-22,2017-03-22,2017-03-28
33f67300b2e8,2017-02-23,2017-03-15,2017-03-25
f3fa0581898b,2017-03-15,2017-03-15,2017-03-28
31fa0a90d793,2017-03-19,2017-03-19,2017-03-28
b8e1f1fa029b,2017-03-10,2017-03-15,2017-03-28
6e3e6746ec24,2017-03-01,2017-03-15,2017-03-28
d145cecf5a6c,2017-03-22,2017-03-22,2017-03-28
343b2176526c,2017-03-27,2017-03-27,2017-03-28
1f128551ff0c,2017-03-01,2017-03-15,2017-03-28
9a003dcb9afd,2017-03-04,2017-03-15,2017-03-28
a4ca3af2e7b6,2017-03-19,2017-03-19,2017-03-28
63b781ff7539,2017-03-26,2017-03-26,2017-03-28
341f0ba7f4b2,2017-02-26,2017-03-15,2017-03-28
6d203e7bf959,2017-03-22,2017-03-22,2017-03-28
6e02428f3653,2017-02-18,2017-03-15,2017-03-20
cf8ffa772f60,2017-03-17,2017-03-17,2017-03-28
2edef66a1960,2017-03-03,2017-03-15,2017-03-28
05fa6adaf8c9,2017-03-26,2017-03-26,2017-03-28
7f78c30b211e,2017-02-25,2017-03-15,2017-03-26
030fc17f54c1,2017-02-13,2017-03-15,2017-03-15
3d0561698c53,2017-02-25,2017-03-15,2017-03-27
1ae36df42c2b,2017-02-22,2017-03-15,2017-03-24
573bd7f809fb,2017-02-22,2017-03-15,2017-03-24
0768daa43567,2017-03-19,2017-03-19,2017-03-28
702962a9c560,2017-03-13,2017-03-15,2017-03-28
8f1758e61b83,2017-03-09,2017-03-15,2017-03-28
ea24b9868010,2017-02-23,2017-03-15,2017-03-24
ed8fab6d5d7d,2017-03-23,2017-03-23,2017-03-28
bae49b00bb07,2017-03-03,2017-03-15,2017-03-28
2f33adc06d3c,2017-03-16,2017-03-16,2017-03-28
c090a7cf11b8,2017-02-27,2017-03-15,2017-03-28
a6a72d132e0a,2017-02-21,2017-03-15,2017-03-22
a99e88424365,2017-03-04,2017-03-15,2017-03-18
2d6df4d7e765,2017-03-10,2017-03-15,2017-03-28
99c0e7053000,2017-03-14,2017-03-15,2017-03-28
5a0f783ee16b,2017-03-10,2017-03-15,2017-03-28
20baa5d7a529,2017-03-11,2017-03-15,2017-03-28
2d95fb91537d,2017-02-14,2017-03-15,2017-03-16
6c4594194960,2017-02-13,2017-03-15,2017-03-28
db0a4a6c7d0d,2017-03-07,2017-03-15,2017-03-28
211a7499aef7,2017-02-27,2017-03-15,2017-03-28
66db3e12bdd5,2017-03-06,2017-03-15,2017-03-28
cedb03704aba,2017-03-12,2017-03-15,2017-03-28
bce2869c7714,2017-02-26,2017-03-15,2017-03-28
ef219a10edc0,2017-02-16,2017-03-15,2017-03-18
fd4292158d4e,2017-03-12,2017-03-15,2017-03-28
12a2ed46060b,2017-02-17,2017-03-15,2017-03-19
b40a187388e1,2017-03-08,2017-03-15,2017-03-28
b8276cdb4eef,2017-03-23,2017-03-23,2017-03-28
229704e83482,2017-03-14,2017-03-15,2017-03-16
27dd371c0030,2017-02-28,2017-03-15,2017-03-28
696e5619a162,2017-03-25,2017-03-25,2017-03-28
789c66edaa10,2017-02-25,2017-03-15,2017-03-26
7375d1fd4f39,2017-03-01,2017-03-15,2017-03-16
a30b03bb4831,2017-03-01,2017-03-15,2017-03-28
06bf9b1c4da2,2017-03-22,2017-03-22,2017-03-28
1246a6f7e7f0,2017-02-24,2017-03-15,2017-03-26
fbf2ff434175,2017-03-25,2017-03-25,2017-03-28
d113c4ab5f60,2017-03-11,2017-03-15,2017-03-28
5dbd3aa79608,2017-03-05,2017-03-15,2017-03-28
8b47a65eb9f9,2017-02-22,2017-03-15,2017-03-24
fc551b3267c2,2017-03-28,2017-03-28,2017-03-28
0a5732442ca7,2017-03-21,2017-03-21,2017-03-28
585ac7012a29,2017-02-27,2017-03-15,2017-03-28
8a6b96b43f12,2017-03-05,2017-03-15,2017-03-28
328c0bb830b6,2017-02-15,2017-03-15,2017-03-17
1d1967835cc4,2017-03-24,2017-03-24,2017-03-28
be85239b0a36,2017-03-28,2017-03-28,2017-03-28
a7ece1629bbb,2017-03-16,2017-03-16,2017-03-28
41b1d4779298,2017-02-20,2017-03-15,2017-03-21
4cd03fab5236,2017-03-10,2017-03-15,2017-03-28
a092240c47df,2017-03-06,2017-03-15,2017-03-28
44fef3b7a4a8,2017-03-14,2017-03-15,2017-03-22
ed532881384e,2017-03-06,2017-03-15,2017-03-28
ca3c0d8f75a2,2017-02-22,2017-03-15,2017-03-23
7e7bce534034,2017-03-17,2017-03-17,2017-03-25
a3a24c0f82bf,2017-03-10,2017-03-15,2017-03-28
e1be352e07dc,2017-02-24,2017-03-15,2017-03-26
c38e50fe4333,2017-02-25,2017-03-15,2017-03-27
997b0a272710,2017-02-22,2017-03-15,2017-03-24
89e606711755,2017-03-15,2017-03-15,2017-03-28
9074d19349b5,2017-03-13,2017-03-15,2017-03-28
fea66f8704c4,2017-02-27,2017-03-15,2017-03-28
51b0e12f00be,2017-03-08,2017-03-15,2017-03-28
12856f3af2db,2017-03-04,2017-03-15,2017-03-28
d80f567da116,2017-02-16,2017-03-15,2017-03-18
1cb74da9f2a6,2017-02-18,2017-03-15,2017-03-19
f63d246c9f11,2017-02-14,2017-03-15,2017-03-15
0c02b65cb901,2017-03-26,2017-03-26,2017-03-28
c5d7a3d77750,2017-02-17,2017-03-15,2017-03-19
50afd03bb784,2017-03-13,2017-03-15,2017-03-28
9c045deb84f2,2017-02-23,2017-03-15,2017-03-25
542c2f3c6e40,2017-03-18,2017-03-18,2017-03-28
cc7c69953a9c,2017-02-25,2017-03-15,2017-03-27
7db9b39dc39a,2017-03-07,2017-03-15,2017-03-28
3b54c28228cc,2017-03-15,2017-03-15,2017-03-28
385a649960b7,2017-02-26,2017-03-15,2017-03-28
b4d6094ec9b0,2017-03-23,2017-03-23,2017-03-28
f035342b2e07,2017-02-23,2017-03-15,2017-03-19
e76fead01e7c,2017-03-15,2017-03-15,2017-03-28
f4acae3afb8b,2017-03-14,2017-03-15,2017-03-28
23d1aa70ba7e,2017-02-21,2017-03-15,2017-03-18
4359996bd493,2017-03-17,2017-03-17,2017-03-28
321816179b80,2017-02-16,2017-03-15,2017-03-18
c88ed6961f63,2017-02-21,2017-03-15,2017-03-23
93eb24e9a2a3,2017-02-15,2017-03-15,2017-03-17
9b47acdc1d06,2017-03-06,2017-03-15,2017-03-25
1c10edeb9bd2,2017-03-09,2017-03-15,2017-03-28
aadd89f21bb9,2017-03-21,2017-03-21,2017-03-28
bbdba6eb1329,2017-03-22,2017-03-22,2017-03-28
5cd0a2eaaba7,2017-03-03,2017-03-15,2017-03-28
565196194f75,2017-03-25,2017-03-25,2017-03-28
3755e935ee23,2017-02-22,2017-03-15,2017-03-24
a74bcf945da6,2017-02-26,2017-03-15,2017-03-28
25bad770b1f0,2017-03-04,2017-03-15,2017-03-28
8b7b32de2710,2017-03-19,2017-03-19,2017-03-28
53d3e22bf229,2017-03-14,2017-03-15,2017-03-28
7da907344efc,2017-03-01,2017-03-15,2017-03-28
a57cd6127ab0,2017-02-18,2017-03-15,2017-03-20
8f728e830ef3,2017-02-27,2017-03-15,2017-03-28
245d303a68eb,2017-02-22,2017-03-15,2017-03-24
7151e3bfd877,2017-02-22,2017-03-15,2017-03-24
135f68f143a3,2017-03-15,2017-03-15,2017-03-28
7dc83100bb20,2017-03-05,2017-03-15,2017-03-28
12ccdf25baa3,2017-03-02,2017-03-15,2017-03-28
f7c11b7e58aa,2017-03-18,2017-03-18,2017-03-28
c6c467a934fb,2017-03-20,2017-03-20,2017-03-28
9ed7069aa149,2017-03-20,2017-03-21,2017-03-28
5f1edd2e5ffe,2017-02-27,2017-03-15,2017-03-28
6872c0afdc42,2017-03-14,2017-03-15,2017-03-28
8cb31899b776,2017-02-20,2017-03-15,2017-03-22
b86b78cfde9e,2017-03-03,2017-03-15,2017-03-28
d32cba938b08,2017-03-28,2017-03-28,2017-03-28
3b80a7135b6e,2017-03-20,2017-03-20,2017-03-28
f79497c36ef4,2017-03-27,2017-03-27,2017-03-28
fc41b6c79459,2017-02-13,2017-03-15,2017-03-15
a34e82d551eb,2017-03-24,2017-03-24,2017-03-28
88b394ed5b34,2017-02-19,2017-03-15,2017-03-20
649d806cc88a,2017-03-23,2017-03-23,2017-03-28
0ea8c271d5f3,2017-03-23,2017-03-23,2017-03-28
88b3540575e3,2017-03-04,2017-03-15,2017-03-28
cdefc526ce0f,2017-03-05,2017-03-15,2017-03-28
3ada1b19f504,2017-02-20,2017-03-15,2017-03-22
a664a92b515e,2017-03-07,2017-03-15,2017-03-28
a414dacac380,2017-03-11,2017-03-15,2017-03-28
c33a6f066aa5,2017-03-05,2017-03-15,2017-03-28
0f5d14482e58,2017-02-26,2017-03-15,2017-03-28
39e30ffd9567,2017-03-17,2017-03-17,2017-03-28
9619f86b78f3,2017-03-22,2017-03-22,2017-03-28
a361dfc7a35e,2017-03-24,2017-03-24,2017-03-28
557b141ded00,2017-03-27,2017-03-27,2017-03-28
5106ea6ba9b5,2017-02-27,2017-03-15,2017-03-28
179783e954f9,2017-03-04,2017-03-15,2017-03-28
69d6746be88d,2017-03-02,2017-03-15,2017-03-28
1cc69538e6c3,2017-03-11,2017-03-15,2017-03-28
7166efa9f61f,2017-02-24,2017-03-15,2017-03-26
189db1582b87,2017-03-24,2017-03-24,2017-03-28
d51bf131e462,2017-03-02,2017-03-15,2017-03-28
e7afc94f3f38,2017-02-20,2017-03-15,2017-03-22
adfc4c192671,2017-03-25,2017-03-25,2017-03-28
7764bfdf2383,2017-02-23,2017-03-15,2017-03-24
3bdc20ba71b8,2017-03-04,2017-03-15,2017-03-28
5772f6e8ac97,2017-03-18,2017-03-18,2017-03-28
fd1a8a6b67d2,2017-03-06,2017-03-15,2017-03-28
fc25b971f4c8,2017-03-09,2017-03-15,2017-03-28
a6373b129cc5,2017-03-25,2017-03-25,2017-03-28
dbec00be2d8a,2017-02-21,2017-03-15,2017-03-23
17106bb1ee96,2017-03-17,2017-03-17,2017-03-28
26e1bf69ce54,2017-03-12,2017-03-15,2017-03-28
f20745aadfc5,2017-03-26,2017-03-26,2017-03-28
6009bee9453d,2017-03-09,2017-03-15,2017-03-28
325ff803f66d,2017-02-13,2017-03-15,2017-03-15
034aeef2508e,2017-03-06,2017-03-15,2017-03-19
d7503a34bf26,2017-03-16,2017-03-16,2017-03-28
f1d3e069a785,2017-03-16,2017-03-16,2017-03-28
edd8e724c17d,2017-03-22,2017-03-22,2017-03-28
94efe137c4e2,2017-02-16,2017-03-15,2017-03-18
e02fad150812,2017-03-22,2017-03-22,2017-03-28
ea44705d9c11,2017-02-17,2017-03-15,2017-03-19
fb11e0bdce57,2017-03-15,2017-03-15,2017-03-28
e319d9a7db8e,2017-02-18,2017-03-15,2017-03-20
dfeec43b2182,2017-03-01,2017-03-15,2017-03-28
faa408060a66,2017-02-21,2017-03-15,2017-03-22
744c11d4d90b,2017-02-27,2017-03-15,2017-03-28
f66aec283957,2017-03-27,2017-03-27,2017-03-28
f2bddf651720,2017-02-27,2017-03-15,2017-03-28
d3de95e1c5d1,2017-03-09,2017-03-15,2017-03-28
a67284e25173,2017-03-13,2017-03-15,2017-03-28
6293a92ef1a5,2017-02-16,2017-03-15,2017-03-18
b19d727b102f,2017-02-25,2017-03-15,2017-03-27
c388c1c6e93c,2017-03-13,2017-03-15,2017-03-28
ffaa6341570f,2017-03-19,2017-03-19,2017-03-28
805bb5d48d47,2017-03-20,2017-03-20,2017-03-28
1f91922b981c,2017-02-21,2017-03-15,2017-03-23
f21a478078a9,2017-03-09,2017-03-15,2017-03-28
c6363f23fe3d,2017-02-28,2017-03-15,2017-03-28
fdda07e00421,2017-03-18,2017-03-18,2017-03-28
cb6c1059a9a9,2017-02-16,2017-03-15,2017-03-18
1f19776788dc,2017-02-18,2017-03-15,2017-03-20
771c3598c139,2017-03-12,2017-03-15,2017-03-28
6713e643d6d9,2017-02-18,2017-03-15,2017-03-20
bc546cb8ceb7,2017-03-07,2017-03-15,2017-03-28
8e36659ab92e,2017-03-14,2017-03-15,2017-03-28
20b9749e5986,2017-02-26,2017-03-15,2017-03-19
a381fe433f02,2017-02-13,2017-03-15,2017-03-15
594602e2af5c,2017-03-05,2017-03-15,2017-03-28
a6e0001f726c,2017-02-23,2017-03-15,2017-03-24
08b3d4d3ef91,2017-03-25,2017-03-25,2017-03-28
a51b525147de,2017-02-23,2017-03-15,2017-03-25
6884ea8d2988,2017-03-10,2017-03-15,2017-03-28
09924ba78078,2017-03-13,2017-03-15,2017-03-16
99e93a089dfc,2017-03-07,2017-03-15,2017-03-28
08afb74ae724,2017-03-09,2017-03-15,2017-03-28
13d327355376,2017-02-28,2017-03-15,2017-03-28
8dd9fce106b4,2017-03-03,2017-03-15,2017-03-28
8daba190d5e5,2017-03-04,2017-03-15,2017-03-28
40638f9112ac,2017-02-27,2017-03-15,2017-03-25
dfe4aa0b374c,2017-03-11,2017-03-15,2017-03-28
c44ee7266e1e,2017-02-19,2017-03-15,2017-03-21
3bc174c552bb,2017-03-14,2017-03-15,2017-03-28
a8c31bf8f2d0,2017-03-18,2017-03-18,2017-03-28
661daef5e183,2017-03-07,2017-03-15,2017-03-28
8f5b73d9a977,2017-03-16,2017-03-16,2017-03-28
2d47193c8aaf,2017-03-13,2017-03-15,2017-03-28
52e4445755ad,2017-02-14,2017-03-15,2017-03-16
fce323a84f02,2017-03-22,2017-03-22,2017-03-28
77a463d12e47,2017-02-20,2017-03-15,2017-03-21
d06675806ec7,2017-02-14,2017-03-15,2017-03-16
6e2a9e473633,2017-03-18,2017-03-18,2017-03-26
8e63d4b8ee19,2017-02-28,2017-03-15,2017-03-28
b143d268c083,2017-02-16,2017-03-15,2017-03-18
1511ec5ec2c9,2017-03-28,2017-03-28,2017-03-28
26649a685c99,2017-02-19,2017-03-15,2017-03-21
b8b6f6be2118,2017-02-19,2017-03-15,2017-03-20
a17131b70d22,2017-03-18,2017-03-18,2017-03-28
944af7f02754,2017-03-07,2017-03-15,2017-03-28
31726a346967,2017-03-08,2017-03-15,2017-03-28
beaf1bcfc91e,2017-03-22,2017-03-22,2017-03-28
8670fe62b9f9,2017-03-03,2017-03-15,2017-03-28
cc786ca28cb3,2017-03-20,2017-03-20,2017-03-28
8e3944f71ba7,2017-03-03,2017-03-15,2017-03-28
d46764e3dc8d,2017-03-06,2017-03-15,2017-03-28
006e3c2cc98b,2017-03-13,2017-03-15,2017-03-28
4e5a666983a9,2017-03-12,2017-03-15,2017-03-28
a4d803d54433,2017-03-12,2017-03-15,2017-03-28
b60f90c79834,2017-02-15,2017-03-15,2017-03-17
3761c5e11fed,2017-03-28,2017-03-28,2017-03-28
27fc615b586d,2017-03-20,2017-03-20,2017-03-28
dffce50b64e9,2017-02-27,2017-03-15,2017-03-28
539a18a0596d,2017-02-14,2017-03-15,2017-03-15
72c65a8cc5fc,2017-03-12,2017-03-15,2017-03-28
29ae90768496,2017-03-09,2017-03-15,2017-03-28
446c8db27adb,2017-03-12,2017-03-15,2017-03-28
88e4b8548409,2017-03-14,2017-03-15,2017-03-28
d4b213b18f1d,2017-03-21,2017-03-21,2017-03-28
ac050f46378a,2017-03-14,2017-03-15,2017-03-28
79d59a54bd77,2017-03-17,2017-03-17,2017-03-28
93c6b754d837,2017-03-19,2017-03-19,2017-03-28
52201e1f7d56,2017-03-18,2017-03-18,2017-03-28
8f38f93207f7,2017-03-06,2017-03-15,2017-03-28
3dd54658b1d4,2017-03-22,2017-03-22,2017-03-28
48c694352452,2017-02-17,2017-03-15,2017-03-19
2fe2619f2e1d,2017-02-22,2017-03-15,2017-03-24
99598d6ee986,2017-02-16,2017-03-15,2017-03-17
c4aa1a8644b5,2017-03-06,2017-03-15,2017-03-28
a0a810d12113,2017-03-07,2017-03-15,2017-03-19
0ecc9e94bc0e,2017-03-27,2017-03-27,2017-03-28
ee1908bd0e24,2017-03-10,2017-03-15,2017-03-28
078e86b1f630,2017-02-19,2017-03-15,2017-03-21
ec56c1927f0f,2017-02-26,2017-03-15,2017-03-28
055bd830eb4d,2017-03-26,2017-03-26,2017-03-28
a5d9618e8cc7,2017-03-03,2017-03-15,2017-03-28
755c521cf2a8,2017-03-10,2017-03-15,2017-03-28
0ab2be8f5bca,2017-02-20,2017-03-15,2017-03-21
634ceb0ecdc7,2017-02-14,2017-03-15,2017-03-16
5b9eda935915,2017-03-20,2017-03-20,2017-03-28
58618001c2f8,2017-02-27,2017-03-15,2017-03-28
8dd3e4dd3b70,2017-02-23,2017-03-15,2017-03-25
526455d74d10,2017-03-12,2017-03-15,2017-03-28
2f295c866c91,2017-03-02,2017-03-15,2017-03-28
0da81688ba03,2017-03-24,2017-03-24,2017-03-28
403cdf81d35b,2017-03-10,2017-03-15,2017-03-28
47c721e61ada,2017-02-25,2017-03-15,2017-03-26
ede839089cf2,2017-02-20,2017-03-15,2017-03-21
75ae5df213c1,2017-03-21,2017-03-21,2017-03-28
4316a26a430a,2017-02-14,2017-03-15,2017-03-16
89c6928c12b4,2017-02-16,2017-03-15,2017-03-18
4587fa7cde86,2017-03-05,2017-03-15,2017-03-28
3aec3fb76d87,2017-03-18,2017-03-18,2017-03-27
5cedba4c9123,2017-03-13,2017-03-15,2017-03-28
954a80ea4217,2017-03-20,2017-03-20,2017-03-28
63f27dd5592c,2017-03-15,2017-03-15,2017-03-28
0f09d60b4532,2017-02-15,2017-03-15,2017-03-16
854511f43ee0,2017-03-16,2017-03-16,2017-03-28
a922a42e0a3e,2017-03-25,2017-03-25,2017-03-28
8942f9d70c0a,2017-02-28,2017-03-15,2017-03-28
c408c552afe1,2017-03-07,2017-03-15,2017-03-28
a4726a2126da,2017-03-01,2017-03-15,2017-03-28
67a92f3824ae,2017-02-18,2017-03-15,2017-03-20
4ff588465f7c,2017-03-16,2017-03-16,2017-03-28
fe4654f1994c,2017-03-24,2017-03-24,2017-03-28
4ced5682d6b5,2017-02-28,2017-03-15,2017-03-28
2e156bee4834,2017-02-16,2017-03-15,2017-03-18
08d51f97eb79,2017-03-22,2017-03-22,2017-03-28
007d1705c9ca,2017-02-26,2017-03-15,2017-03-28
d7294675fd25,2017-03-22,2017-03-22,2017-03-28
db2250bd57e6,2017-02-19,2017-03-15,2017-03-21
cffb33955b4b,2017-02-15,2017-03-15,2017-03-17
0dd5058ff56e,2017-03-25,2017-03-25,2017-03-28
5cff69b8a3ea,2017-02-20,2017-03-15,2017-03-22
89c104501f3d,2017-03-06,2017-03-15,2017-03-23
bb670ad4646e,2017-03-12,2017-03-15,2017-03-28
a365b0d7f6ff,2017-03-09,2017-03-15,2017-03-28
6e0e57e1a4a2,2017-02-28,2017-03-15,2017-03-28
bffd39256f94,2017-03-20,2017-03-20,2017-03-28
17e1fb710232,2017-02-16,2017-03-15,2017-03-18
8c675b1db0e1,2017-03-07,2017-03-15,2017-03-28
bc1c74ffd0a7,2017-03-12,2017-03-15,2017-03-28
fdf87377e220,2017-03-04,2017-03-15,2017-03-19
949b34b5310e,2017-03-18,2017-03-18,2017-03-28
e0ad165e4da8,2017-03-04,2017-03-15,2017-03-28
d314f9afc23c,2017-02-27,2017-03-15,2017-03-28
c6065c50bb13,2017-03-27,2017-03-27,2017-03-28
72f6efeae906,2017-02-27,2017-03-15,2017-03-28
55c1816485df,2017-03-21,2017-03-21,2017-03-28
5640a0a0304d,2017-02-22,2017-03-15,2017-03-24
ed964d0477f6,2017-03-23,2017-03-23,2017-03-28
e4eb6d4d932a,2017-02-28,2017-03-15,2017-03-28
393b7674d0df,2017-03-07,2017-03-15,2017-03-28
be3f14174fb1,2017-03-03,2017-03-15,2017-03-28
dcf41b192539,2017-03-26,2017-03-26,2017-03-28
d519aaa81cc3,2017-02-28,2017-03-15,2017-03-28
f5dff9225d84,2017-03-06,2017-03-15,2017-03-21
92b335b2fea5,2017-03-23,2017-03-23,2017-03-28
13dce465d75f,2017-03-13,2017-03-15,2017-03-28
6bb190a22d7a,2017-03-16,2017-03-16,2017-03-28
50e01f3a06e0,2017-03-03,2017-03-15,2017-03-28
22d2fdaf73e0,2017-03-02,2017-03-15,2017-03-28
59d6251e96ec,2017-03-05,2017-03-15,2017-03-28
f5e96dc1f40e,2017-03-14,2017-03-15,2017-03-28
995e5a2502c3,2017-03-18,2017-03-18,2017-03-28
c1368e89731f,2017-03-06,2017-03-15,2017-03-28
953ffe5bf930,2017-02-16,2017-03-15,2017-03-18
98d542bf491f,2017-03-12,2017-03-15,2017-03-28
ff80e0d76859,2017-03-05,2017-03-15,2017-03-28
c6b5a49ebe1d,2017-02-23,2017-03-15,2017-03-26
fca9b100a353,2017-03-20,2017-03-20,2017-03-28
6fe9f1eea838,2017-03-10,2017-03-15,2017-03-28
f5c97807f85f,2017-03-15,2017-03-15,2017-03-28
64cc630d9d81,2017-03-08,2017-03-15,2017-03-28
303b8376bd0a,2017-02-19,2017-03-15,2017-03-20
e5c6b5884e87,2017-02-19,2017-03-15,2017-03-20
f870a5f9d886,2017-02-24,2017-03-15,2017-03-25
740686f375da,2017-03-02,2017-03-15,2017-03-28
e92f986e965a,2017-02-24,2017-03-15,2017-03-26
56d8560c4a32,2017-03-21,2017-03-21,2017-03-28
9fc19b81d91a,2017-03-21,2017-03-21,2017-03-28
71927919f43a,2017-02-21,2017-03-15,2017-03-23
60a75908ab62,2017-02-26,2017-03-15,2017-03-27
ff741406765f,2017-03-07,2017-03-15,2017-03-28
14eb6a2c39bd,2017-03-23,2017-03-23,2017-03-28
c98c00804279,2017-02-23,2017-03-15,2017-03-25
1c72edf38fb3,2017-03-24,2017-03-24,2017-03-28
dfb2b96e1966,2017-02-26,2017-03-15,2017-03-28
12a205ade1b2,2017-02-19,2017-03-15,2017-03-20
cd64e9b65f91,2017-02-23,2017-03-15,2017-03-25
f3881192139d,2017-03-20,2017-03-20,2017-03-28
26c05d0b827e,2017-03-13,2017-03-15,2017-03-28
922e3927243d,2017-02-27,2017-03-15,2017-03-28
a40f0e8feda2,2017-03-17,2017-03-17,2017-03-28
f431e658d255,2017-03-09,2017-03-15,2017-03-28
26ca79c0bf72,2017-02-28,2017-03-15,2017-03-28
52bffebd8a8f,2017-02-27,2017-03-15,2017-03-28
0cb1a293db28,2017-03-27,2017-03-27,2017-03-28
581600988c16,2017-03-01,2017-03-15,2017-03-28
e201a17b4096,2017-03-24,2017-03-24,2017-03-28
440be2229214,2017-03-23,2017-03-23,2017-03-23
dbaf935e2346,2017-03-15,2017-03-15,2017-03-26
50d40fbdc5e4,2017-02-21,2017-03-15,2017-03-23
833e67b63295,2017-03-13,2017-03-15,2017-03-28
3512dab27800,2017-02-27,2017-03-15,2017-03-28
e39d88132f38,2017-03-28,2017-03-28,2017-03-28
b579a35dad64,2017-03-13,2017-03-15,2017-03-28
f4ee5bbd4f8c,2017-03-10,2017-03-15,2017-03-28
4e881b21e227,2017-03-09,2017-03-15,2017-03-28
3f663f850ae3,2017-02-16,2017-03-15,2017-03-18
30e508c8edb0,2017-02-23,2017-03-15,2017-03-25
f7101367b1fa,2017-02-16,2017-03-15,2017-03-18
9802cc8645c0,2017-03-27,2017-03-27,2017-03-28
ba1947192d79,2017-03-12,2017-03-15,2017-03-28
35167e72bd19,2017-03-13,2017-03-15,2017-03-22
1e88ba344165,2017-03-02,2017-03-15,2017-03-28
367a72338ef5,2017-02-21,2017-03-15,2017-03-23
137a81aa9d12,2017-03-21,2017-03-21,2017-03-28
03718e6b6451,2017-03-28,2017-03-28,2017-03-28
5d76d952871a,2017-03-23,2017-03-23,2017-03-28
ef019e70e0e2,2017-02-23,2017-03-15,2017-03-25
fc6fb300f4f3,2017-02-20,2017-03-15,2017-03-22
39379ccc75e2,2017-03-21,2017-03-21,2017-03-27
ff8608ee9e2d,2017-03-28,2017-03-28,2017-03-28
349fcbaafd70,2017-03-20,2017-03-20,2017-03-28
95cb55067bc7,2017-03-08,2017-03-15,2017-03-28
600f49fdcf78,2017-03-14,2017-03-15,2017-03-28
9d9298883779,2017-03-25,2017-03-25,2017-03-28
0a6bbf19efdb,2017-03-07,2017-03-15,2017-03-24
d8bf27da6ea9,2017-03-05,2017-03-15,2017-03-28
a2d9b5974c3a,2017-03-11,2017-03-15,2017-03-28
12aaa42bf72a,2017-03-05,2017-03-15,2017-03-28
c30aee2e0644,2017-02-16,2017-03-15,2017-03-18
7ead1248b5f4,2017-03-08,2017-03-15,2017-03-28
e0ead552169c,2017-03-16,2017-03-16,2017-03-28
b90c41fec0d6,2017-03-14,2017-03-15,2017-03-28
d79c8a860bef,2017-02-16,2017-03-15,2017-03-18
452bd84e76f4,2017-03-06,2017-03-15,2017-03-28
943d8bcf801a,2017-03-05,2017-03-15,2017-03-28
38e811ba88af,2017-02-28,2017-03-15,2017-03-28
561e0311ef8a,2017-02-13,2017-03-15,2017-03-15
5aaf0694f8e2,2017-03-28,2017-03-28,2017-03-28
e3a394361e2e,2017-02-15,2017-03-15,2017-03-17
56743fd7ec3b,2017-03-01,2017-03-15,2017-03-28
9fa837901485,2017-02-18,2017-03-15,2017-03-20
02c6eb2434c3,2017-03-12,2017-03-15,2017-03-28
80949879c575,2017-03-15,2017-03-15,2017-03-28
13264b5c69a9,2017-02-26,2017-03-15,2017-03-27
ec03ac61d7e0,2017-03-13,2017-03-15,2017-03-18
0c76660a6869,2017-02-23,2017-03-15,2017-03-22
5fbb019bc1bc,2017-03-17,2017-03-17,2017-03-28
a6d8f588f8ef,2017-03-14,2017-03-15,2017-03-28
8b0be8a7ba84,2017-03-20,2017-03-20,2017-03-28
4f38c52dd47e,2017-03-12,2017-03-15,2017-03-28
d4cb54bd39d9,2017-03-26,2017-03-26,2017-03-28
e5ebfa099246,2017-02-28,2017-03-15,2017-03-28
5d530c9af52f,2017-03-02,2017-03-15,2017-03-28
f86ff611f612,2017-03-08,2017-03-15,2017-03-28
d2bebbbf1c99,2017-03-04,2017-03-15,2017-03-28
54ba473b2193,2017-03-05,2017-03-15,2017-03-28
bdddc5270c33,2017-03-17,2017-03-17,2017-03-28
bb01403911ef,2017-03-05,2017-03-15,2017-03-28
39570562a074,2017-03-23,2017-03-23,2017-03-28
4be574acf060,2017-03-21,2017-03-21,2017-03-28
2cd3c0bcc149,2017-02-22,2017-03-15,2017-03-24
256070e6319f,2017-02-20,2017-03-15,2017-03-22
1be2a90063e4,2017-02-21,2017-03-15,2017-03-17
49edcc9e8dc5,2017-03-01,2017-03-15,2017-03-28
15832e994505,2017-02-17,2017-03-15,2017-03-19
0bc88c72b27e,2017-03-06,2017-03-15,2017-03-28
b55bb3b7dd8f,2017-03-07,2017-03-15,2017-03-28
24e1105aca7c,2017-02-20,2017-03-15,2017-03-22
f0f0251a8fa8,2017-02-21,2017-03-15,2017-03-22
4c17557d5760,2017-02-28,2017-03-15,2017-03-28
2309cbb37d14,2017-03-09,2017-03-15,2017-03-28
8cb80ac08655,2017-03-17,2017-03-17,2017-03-28
ef61b22c61aa,2017-02-24,2017-03-15,2017-03-25
88a3c5e1b0c5,2017-02-26,2017-03-15,2017-03-27
7db148cb6b87,2017-03-11,2017-03-15,2017-03-16
3ae1ed2c465b,2017-02-16,2017-03-15,2017-03-18
43b87ecd19eb,2017-02-25,2017-03-15,2017-03-27
f310c37e5b1d,2017-02-17,2017-03-15,2017-03-19
4765f3d71a58,2017-03-10,2017-03-15,2017-03-28
8cbd85e21253,2017-02-19,2017-03-15,2017-03-21
dd51595877f7,2017-03-21,2017-03-21,2017-03-28
95cae5f8bc1d,2017-02-28,2017-03-15,2017-03-28
ae9e12fcfed8,2017-03-08,2017-03-15,2017-03-28
89fc714bb316,2017-03-10,2017-03-15,2017-03-18
d97627443196,2017-03-20,2017-03-20,2017-03-28
20f54756be8a,2017-03-07,2017-03-15,2017-03-28
087f4c669a40,2017-03-23,2017-03-23,2017-03-28
bbb094e23dce,2017-02-13,2017-03-15,2017-03-15
f23301995bc1,2017-03-10,2017-03-15,2017-03-28
77883dccea5f,2017-03-15,2017-03-15,2017-03-28
cc98ec3b443a,2017-02-20,2017-03-15,2017-03-21
d6d705ac0de0,2017-03-08,2017-03-15,2017-03-28
d69ee630a2f3,2017-03-08,2017-03-15,2017-03-16
fb0b4e15cac4,2017-02-26,2017-03-15,2017-03-27
a3bf61a363b4,2017-03-03,2017-03-15,2017-03-28
416de2a1fde1,2017-03-01,2017-03-15,2017-03-28
4452deb6bbc5,2017-02-14,2017-03-15,2017-03-16
9ec920840746,2017-03-04,2017-03-15,2017-03-28
dd34cd11d708,2017-02-16,2017-03-15,2017-03-18
a3460d816f0f,2017-03-12,2017-03-15,2017-03-28
4cb6d96223cd,2017-03-01,2017-03-15,2017-03-28
187dab5e2a6d,2017-03-01,2017-03-15,2017-03-28
8ae01f8cab47,2017-03-05,2017-03-15,2017-03-28
5f472bf825de,2017-03-16,2017-03-16,2017-03-17
960387790a67,2017-03-27,2017-03-27,2017-03-28
daa91c8b611e,2017-02-23,2017-03-15,2017-03-25
0afc9b398497,2017-03-17,2017-03-17,2017-03-28
c08883c4f89c,2017-03-11,2017-03-15,2017-03-28
6564fd86b8d0,2017-03-27,2017-03-27,2017-03-28
65700bb63a72,2017-02-24,2017-03-15,2017-03-25
cb273ebd161b,2017-03-24,2017-03-24,2017-03-28
433453f6d91e,2017-03-24,2017-03-24,2017-03-28
e79bce749107,2017-02-27,2017-03-15,2017-03-28
3af375fc215a,2017-02-22,2017-03-15,2017-03-23
38361b8370a6,2017-02-18,2017-03-15,2017-03-20
1758025b484f,2017-02-24,2017-03-15,2017-03-26
9c62f5274093,2017-02-20,2017-03-15,2017-03-21
6d50317d3789,2017-03-12,2017-03-15,2017-03-28
7c43a82462cb,2017-03-14,2017-03-15,2017-03-20
9ccf57b63cfb,2017-03-23,2017-03-23,2017-03-28
a1f606c1a48b,2017-02-18,2017-03-15,2017-03-20
5c1207d7ec01,2017-03-12,2017-03-15,2017-03-28
e21c748e7e4a,2017-02-22,2017-03-15,2017-03-24
cd28b6716ea8,2017-02-26,2017-03-15,2017-03-28
03bfc49e9415,2017-02-22,2017-03-15,2017-03-24
452d9d327ff5,2017-03-19,2017-03-20,2017-03-28
8307fdda06e7,2017-02-18,2017-03-15,2017-03-20
73b1eef229b7,2017-03-10,2017-03-15,2017-03-28
1f22d96092f8,2017-03-17,2017-03-17,2017-03-28
473836606310,2017-03-06,2017-03-15,2017-03-28
90d30acc8ecd,2017-03-20,2017-03-20,2017-03-28
f9a6d519350a,2017-03-20,2017-03-20,2017-03-28
2cee56a54174,2017-03-22,2017-03-22,2017-03-28
0c286a79b8e2,2017-03-13,2017-03-15,2017-03-28
650bd742903a,2017-03-03,2017-03-15,2017-03-28
91a079a6d476,2017-03-13,2017-03-15,2017-03-28
6d93fc2101b1,2017-03-03,2017-03-15,2017-03-28
a2be5f22a0fa,2017-02-23,2017-03-15,2017-03-24
83dc217dd766,2017-02-27,2017-03-15,2017-03-28
6890a6d1740f,2017-03-09,2017-03-15,2017-03-28
d48ea8c30f71,2017-02-14,2017-03-15,2017-03-15
74f1d417fd1a,2017-02-23,2017-03-15,2017-03-25
c03679a973dd,2017-03-20,2017-03-20,2017-03-28
95a53d741362,2017-02-22,2017-03-15,2017-03-24
8c8f99246d94,2017-02-23,2017-03-15,2017-03-18
08ca0a81cd91,2017-03-04,2017-03-15,2017-03-16
a75182a930b6,2017-02-18,2017-03-15,2017-03-20
119e5b23b735,2017-03-12,2017-03-15,2017-03-28
3f1348aa972d,2017-03-11,2017-03-15,2017-03-28
d895430002ca,2017-02-19,2017-03-15,2017-03-21
4fff5ff48f37,2017-02-21,2017-03-15,2017-03-22
62efcaf18f1a,2017-03-12,2017-03-15,2017-03-20
096cbd47dd01,2017-02-14,2017-03-15,2017-03-16
dbb690331a8c,2017-03-04,2017-03-15,2017-03-28
25508ace3e17,2017-03-01,2017-03-15,2017-03-28
3c62804c13e2,2017-03-02,2017-03-15,2017-03-28
b1dfd1f11be5,2017-03-04,2017-03-15,2017-03-28
3e99483c2fe2,2017-03-21,2017-03-21,2017-03-22
7f0c2efdd956,2017-03-08,2017-03-15,2017-03-28
7dce2cfedb96,2017-02-17,2017-03-15,2017-03-19
46f4b93a12d7,2017-02-20,2017-03-15,2017-03-22
e7bca98661b9,2017-02-22,2017-03-15,2017-03-24
e877c40ec781,2017-03-02,2017-03-15,2017-03-28
39f0840ebf5c,2017-03-10,2017-03-15,2017-03-28
82fe1f95b308,2017-03-13,2017-03-15,2017-03-17
6773f487fc67,2017-02-26,2017-03-15,2017-03-27
b518300a7cf8,2017-03-19,2017-03-19,2017-03-28
67c32eb979f9,2017-02-21,2017-03-15,2017-03-22
e94bf2739874,2017-03-09,2017-03-15,2017-03-28
cc887a07fcf4,2017-03-09,2017-03-15,2017-03-28
43c9271cded2,2017-02-13,2017-03-15,2017-03-15
99644dd84bca,2017-03-25,2017-03-25,2017-03-28
fa99d0d63a82,2017-02-28,2017-03-15,2017-03-28
bd32d257fdd4,2017-03-19,2017-03-19,2017-03-28
8916891b0254,2017-02-15,2017-03-15,2017-03-17
dd68a2dce37e,2017-03-12,2017-03-15,2017-03-28
0a3fa50b5aca,2017-03-11,2017-03-15,2017-03-28
7b542b9cec42,2017-03-05,2017-03-15,2017-03-28
fac7a5886a58,2017-02-20,2017-03-15,2017-03-22
91100e7c95b5,2017-03-01,2017-03-15,2017-03-28
76a01bb6e194,2017-03-05,2017-03-15,2017-03-24
c7cd4e128452,2017-03-14,2017-03-15,2017-03-28
fb1f9622ae09,2017-02-15,2017-03-15,2017-03-17
64caa4dc5d93,2017-02-23,2017-03-15,2017-03-25
1466ce74ac66,2017-02-24,2017-03-15,2017-03-25
1df5a96b6782,2017-03-07,2017-03-15,2017-03-28
dcab2bffa552,2017-03-03,2017-03-15,2017-03-28
cad3c646695a,2017-03-17,2017-03-17,2017-03-28
a821cbb6d16b,2017-03-23,2017-03-23,2017-03-28
35e96dd0e7d4,2017-03-10,2017-03-15,2017-03-28
803f4d77960f,2017-02-24,2017-03-15,2017-03-26
01e5f3ec9228,2017-03-05,2017-03-15,2017-03-28
4cf803b9aa35,2017-03-11,2017-03-15,2017-03-28
0b4928614866,2017-02-20,2017-03-15,2017-03-19
ace9f5427cda,2017-03-24,2017-03-24,2017-03-28
d62e06bba1a9,2017-03-23,2017-03-23,2017-03-28
a3dcc817b665,2017-03-24,2017-03-24,2017-03-28
ac3a5925e2a0,2017-03-10,2017-03-15,2017-03-28
b65873ab0e50,2017-02-23,2017-03-15,2017-03-25
8e15660f8c52,2017-02-15,2017-03-15,2017-03-17
48d89153c473,2017-03-26,2017-03-26,2017-03-28
ca3f5450ca67,2017-03-10,2017-03-15,2017-03-28
37503aa68b19,2017-02-28,2017-03-15,2017-03-28
5958e9499a97,2017-02-15,2017-03-15,2017-03-17
9a2de6556772,2017-03-26,2017-03-26,2017-03-28
9622c064a618,2017-02-21,2017-03-15,2017-03-23
008a43485029,2017-03-28,2017-03-28,2017-03-28
36b76dba0020,2017-03-14,2017-03-15,2017-03-28
05f26385357b,2017-02-24,2017-03-15,2017-03-26
314f2ae69e99,2017-03-12,2017-03-15,2017-03-28
ae990429c46f,2017-03-26,2017-03-26,2017-03-28
d7bed3700595,2017-03-25,2017-03-25,2017-03-28
9ab85253113c,2017-03-06,2017-03-15,2017-03-28
6b6b0714e6c1,2017-03-11,2017-03-15,2017-03-28
74044101221c,2017-03-06,2017-03-15,2017-03-28
6f4d471b8f07,2017-03-13,2017-03-15,2017-03-28
850edf719b6d,2017-03-23,2017-03-23,2017-03-28
4faa807a92d0,2017-03-23,2017-03-23,2017-03-28
095eb6b94431,2017-02-15,2017-03-15,2017-03-17
ff82f7701ee8,2017-03-10,2017-03-15,2017-03-28
b6954242a191,2017-03-10,2017-03-15,2017-03-28
4779b15e2f43,2017-02-13,2017-03-15,2017-03-15
f579c2bb50ae,2017-03-17,2017-03-17,2017-03-28
e2391f7c36b3,2017-03-19,2017-03-19,2017-03-28
32121da714b8,2017-02-26,2017-03-15,2017-03-28
bafd117ea517,2017-03-12,2017-03-15,2017-03-28
848e769a0cdb,2017-03-17,2017-03-17,2017-03-28
84797d1268b4,2017-03-16,2017-03-16,2017-03-28
65f8f9cc550c,2017-02-16,2017-03-15,2017-03-18
2ef1ea04eb56,2017-02-28,2017-03-15,2017-03-28
314260cc0962,2017-02-25,2017-03-15,2017-03-17
318017fb50d6,2017-02-18,2017-03-15,2017-03-20
399a22b1bd00,2017-02-17,2017-03-15,2017-03-19
d548a16564d2,2017-02-19,2017-03-15,2017-03-21
05f58608e1a0,2017-02-22,2017-03-15,2017-03-24
593765af47f4,2017-02-23,2017-03-15,2017-03-25
3f22787cd492,2017-03-13,2017-03-15,2017-03-28
54f006e52fe3,2017-02-22,2017-03-15,2017-03-24
cdf7d71b3dc7,2017-02-20,2017-03-15,2017-03-22
e7dbec930280,2017-02-18,2017-03-15,2017-03-19
52e633678c83,2017-03-25,2017-03-25,2017-03-28
b663483df656,2017-03-13,2017-03-15,2017-03-28
bceb67ffb6eb,2017-03-22,2017-03-22,2017-03-24
58a94e83c92f,2017-02-20,2017-03-15,2017-03-22
fdfcebe72814,2017-02-15,2017-03-15,2017-03-16
6a9ea6aeae8d,2017-03-20,2017-03-20,2017-03-28
e8df20542933,2017-02-20,2017-03-15,2017-03-22
e67d7f183e23,2017-03-15,2017-03-15,2017-03-28
e45327e7bbc5,2017-02-18,2017-03-15,2017-03-20
a1a8f6320bd1,2017-03-09,2017-03-15,2017-03-28
6a3e147d67a1,2017-02-22,2017-03-15,2017-03-23
a1c62bb098e8,2017-03-15,2017-03-15,2017-03-22
bdb5499a0928,2017-03-17,2017-03-17,2017-03-28
96ee3cf4da0a,2017-03-25,2017-03-25,2017-03-28
25a7926551ef,2017-02-20,2017-03-15,2017-03-21
00c61aed20eb,2017-02-15,2017-03-15,2017-03-16
f9b45a83b91b,2017-02-16,2017-03-15,2017-03-18
5dbca5f36e2c,2017-03-20,2017-03-20,2017-03-28
ed8385c17cf8,2017-03-13,2017-03-15,2017-03-28
8dc87433160b,2017-02-19,2017-03-15,2017-03-21
b2e5c9864bf8,2017-03-16,2017-03-16,2017-03-28
ef1a25efbd65,2017-02-15,2017-03-15,2017-03-17
ed77d756306f,2017-03-21,2017-03-21,2017-03-28
915295df04d9,2017-03-16,2017-03-16,2017-03-28
01084da78dbf,2017-02-16,2017-03-15,2017-03-18
b4deb4a45174,2017-02-26,2017-03-15,2017-03-27
7be993a24a62,2017-03-07,2017-03-15,2017-03-28
54007d049340,2017-03-16,2017-03-16,2017-03-27
c8964b95b44c,2017-03-10,2017-03-15,2017-03-28
4b0dcf50e16d,2017-03-15,2017-03-15,2017-03-28
60968869298f,2017-03-07,2017-03-15,2017-03-28
484c7e13f09d,2017-02-20,2017-03-15,2017-03-22
80dd818b74e1,2017-02-19,2017-03-15,2017-03-21
cb2cadbf6eac,2017-02-23,2017-03-15,2017-03-24
57794392c30f,2017-03-10,2017-03-15,2017-03-28
4c911fd97bc3,2017-03-17,2017-03-17,2017-03-28
4de81ff330e6,2017-02-22,2017-03-15,2017-03-23
38ff1f5871f4,2017-03-25,2017-03-25,2017-03-28
b9f995072a5b,2017-02-16,2017-03-15,2017-03-18
237169269f39,2017-02-27,2017-03-15,2017-03-28
b06dec313bc9,2017-03-13,2017-03-15,2017-03-17
5aa7edeeca5e,2017-03-13,2017-03-15,2017-03-28
544d64af2851,2017-03-10,2017-03-15,2017-03-28
61cc6a949279,2017-03-21,2017-03-21,2017-03-28
a1d0f1bbf138,2017-02-26,2017-03-15,2017-03-28
ebf7bcf1cff7,2017-03-14,2017-03-15,2017-03-28
0b6975faadb5,2017-03-23,2017-03-23,2017-03-28
5ccc000aae27,2017-03-06,2017-03-15,2017-03-28
f376f9858efb,2017-02-27,2017-03-15,2017-03-28
53ca182e08b9,2017-02-14,2017-03-15,2017-03-16
84d5590c2efd,2017-03-16,2017-03-16,2017-03-28
abe0a1db370f,2017-03-09,2017-03-15,2017-03-28
96c2769ed751,2017-02-19,2017-03-15,2017-03-21
5757180d3ca8,2017-02-20,2017-03-15,2017-03-22
cc70a431cfee,2017-03-05,2017-03-15,2017-03-28
98b1ca0dd50c,2017-03-04,2017-03-15,2017-03-28
e75dc5fdf9cf,2017-03-22,2017-03-22,2017-03-28
4287e9d205ac,2017-01-21,2017-03-15,2017-03-22
e1ace4005f5d,2017-03-19,2017-03-19,2017-03-19
f9e963773119,2017-03-25,2017-03-25,2017-03-28
7017ca876ba7,2017-03-05,2017-03-15,2017-03-28
b4d4236e1a82,2017-03-23,2017-03-23,2017-03-28
bfb03ffe31b0,2017-02-20,2017-03-15,2017-03-22
e18dd8071842,2017-03-09,2017-03-15,2017-03-28
5fad4fe38046,2017-02-18,2017-03-15,2017-03-20
8f3d270deb4f,2017-03-21,2017-03-21,2017-03-28
fbd2e1ac2e35,2017-03-20,2017-03-20,2017-03-28
c6b9866c0969,2017-02-21,2017-03-15,2017-03-23
7b2b5524636d,2017-03-08,2017-03-15,2017-03-28
e3d3cdeccfd1,2017-02-15,2017-03-15,2017-03-17
5e616dedaf12,2017-02-18,2017-03-15,2017-03-20
2a0a3f3ae93d,2017-03-02,2017-03-15,2017-03-28
8625425f9c68,2017-03-05,2017-03-15,2017-03-23
2c63a493fe6d,2017-02-23,2017-03-15,2017-03-24
66dfd252e005,2017-02-22,2017-03-15,2017-03-22
4473813de738,2017-03-03,2017-03-15,2017-03-28
b1ee1ab787cb,2017-03-27,2017-03-27,2017-03-28
122d7924349e,2017-03-02,2017-03-15,2017-03-28
4e606a4e8546,2017-02-15,2017-03-15,2017-03-17
0f47d05ae003,2017-03-05,2017-03-15,2017-03-16
b9f7d9027b91,2017-03-12,2017-03-15,2017-03-28
71eef3bc4d12,2017-02-18,2017-03-15,2017-03-19
f550b096f629,2017-02-23,2017-03-15,2017-03-25
deabc5954221,2017-02-23,2017-03-15,2017-03-20
d78251c5317e,2017-02-16,2017-03-15,2017-03-17
12b5cbbbeacc,2017-02-26,2017-03-15,2017-03-27
8956103017c9,2017-03-06,2017-03-15,2017-03-28
c8d64434b069,2017-03-01,2017-03-15,2017-03-28
c19bd4a70bbf,2017-02-24,2017-03-15,2017-03-26
005c064b0b1d,2017-02-27,2017-03-15,2017-03-19
4530eb85522d,2017-02-21,2017-03-15,2017-03-23
19ad13ddabaf,2017-03-09,2017-03-15,2017-03-28
4249de51d065,2017-03-15,2017-03-15,2017-03-22
e76ca54cc8c6,2017-03-20,2017-03-20,2017-03-28
8f549f385149,2017-03-05,2017-03-15,2017-03-28
5e8abc9ff911,2017-02-24,2017-03-15,2017-03-26
2ebc07601e8a,2017-03-15,2017-03-15,2017-03-28
ed04ed5419e4,2017-03-10,2017-03-15,2017-03-28
6a6b3ccc5380,2017-03-17,2017-03-17,2017-03-28
675c7c5ae9ba,2017-03-18,2017-03-18,2017-03-28
a343bf8a5b3c,2017-02-22,2017-03-15,2017-03-24
1597da13e86f,2017-03-05,2017-03-15,2017-03-28
d3160ef56747,2017-03-10,2017-03-15,2017-03-28
5dec4ac918a9,2017-03-12,2017-03-15,2017-03-28
6b841dfc0ae4,2017-02-17,2017-03-15,2017-03-19
f93725c3a428,2017-03-10,2017-03-15,2017-03-28
6d34c9fc5e14,2017-02-26,2017-03-15,2017-03-27
b6a4f40c5a78,2017-03-13,2017-03-15,2017-03-28
1da49646237f,2017-03-05,2017-03-15,2017-03-28
bcc5f96bafc5,2017-02-28,2017-03-15,2017-03-28
6a0e0cca6b9e,2017-03-26,2017-03-26,2017-03-28
856573ec5a80,2017-03-01,2017-03-15,2017-03-28
467a504d612b,2017-02-23,2017-03-15,2017-03-25
4674f98ee04a,2017-03-20,2017-03-20,2017-03-28
a37ef291fd3c,2017-03-27,2017-03-27,2017-03-28
50e3cdfdff75,2017-03-09,2017-03-15,2017-03-28
44466d23a529,2017-03-23,2017-03-23,2017-03-28
7d7973886214,2017-03-19,2017-03-19,2017-03-28
0701f5f3289b,2017-03-03,2017-03-15,2017-03-28
4d476bfb9c0d,2017-02-14,2017-03-15,2017-03-16
934a63bd7cd2,2017-02-15,2017-03-15,2017-03-17
8371b3bcb51d,2017-03-13,2017-03-15,2017-03-28
a008c3a6121e,2017-02-22,2017-03-15,2017-03-24
808db88393a1,2017-03-09,2017-03-15,2017-03-28
1d91ca4697d5,2017-03-18,2017-03-18,2017-03-23
07183c4b762f,2017-02-22,2017-03-15,2017-03-24
aa9d3860f616,2017-02-17,2017-03-15,2017-03-19
bc8eb57a61fd,2017-02-16,2017-03-15,2017-03-18
777866182936,2017-03-12,2017-03-15,2017-03-28
75edec8ba498,2017-02-25,2017-03-15,2017-03-26
89bca3d47fc3,2017-03-12,2017-03-15,2017-03-28
9d533f5e9e97,2017-02-20,2017-03-15,2017-03-22
f12fbf471d70,2017-03-02,2017-03-15,2017-03-28
2a1e3bb73151,2017-03-03,2017-03-15,2017-03-18
cadf38bcfe75,2017-03-12,2017-03-15,2017-03-28
addc8d46be9b,2017-03-28,2017-03-28,2017-03-28
af8bb0386da7,2017-03-25,2017-03-25,2017-03-28
c77123c8a87f,2017-02-08,2017-03-15,2017-03-17
963fcd0908c9,2017-02-16,2017-03-15,2017-03-18
729a0752f068,2017-03-07,2017-03-15,2017-03-28
c4834b11f663,2017-03-19,2017-03-19,2017-03-28
0e949c614adf,2017-03-21,2017-03-21,2017-03-26
e610789c0899,2017-03-16,2017-03-16,2017-03-28
258217de62e7,2017-03-03,2017-03-15,2017-03-28
96825be60d15,2017-03-20,2017-03-20,2017-03-28
45dba0a58b8b,2017-03-16,2017-03-16,2017-03-28
c39b773902ba,2017-02-22,2017-03-15,2017-03-23
0f9a4fde42a7,2017-03-14,2017-03-15,2017-03-28
bdc221a2e496,2017-03-09,2017-03-15,2017-03-28
7292ec73bad9,2017-02-26,2017-03-15,2017-03-27
b31bcefac1f1,2017-03-08,2017-03-15,2017-03-28
712dde91b71e,2017-03-17,2017-03-17,2017-03-28
7dfcb0631ed6,2017-03-06,2017-03-15,2017-03-28
5e5ab9625f9e,2017-03-09,2017-03-15,2017-03-28
7d02085b3198,2017-03-10,2017-03-15,2017-03-28
ec67a90b1bc6,2017-03-25,2017-03-25,2017-03-28
0412148b0ce5,2017-03-24,2017-03-24,2017-03-28
ff9c9484fc51,2017-03-03,2017-03-15,2017-03-28
59c530e5608c,2017-03-12,2017-03-15,2017-03-28
a81438a5b2af,2017-03-01,2017-03-15,2017-03-28
d5983b6ac507,2017-03-15,2017-03-15,2017-03-28
a969b689fead,2017-03-14,2017-03-15,2017-03-28
7db5a75c26a0,2017-03-09,2017-03-15,2017-03-28
8868a65bf2dd,2017-03-11,2017-03-15,2017-03-28
303d2e1df9c0,2017-03-26,2017-03-26,2017-03-28
b82cfb39879f,2017-03-10,2017-03-15,2017-03-28
fec3134330ab,2017-03-25,2017-03-25,2017-03-28
6b762ea7b165,2017-03-27,2017-03-27,2017-03-28
df7841422501,2017-03-13,2017-03-15,2017-03-28
e8986928ec02,2017-03-02,2017-03-15,2017-03-28
0817dc07107d,2017-02-16,2017-03-15,2017-03-18
1c473d08f84c,2017-03-07,2017-03-15,2017-03-28
d354ee25a750,2017-03-20,2017-03-20,2017-03-28
40f950b336c6,2017-03-27,2017-03-27,2017-03-28
92c80316c533,2017-03-14,2017-03-15,2017-03-28
95b36234f331,2017-03-21,2017-03-21,2017-03-28
30154c631a59,2017-02-24,2017-03-15,2017-03-26
526213cc5519,2017-02-16,2017-03-15,2017-03-18
fc691ac18597,2017-02-28,2017-03-15,2017-03-28
88748acb0afa,2017-03-18,2017-03-18,2017-03-28
0e2bf166be18,2017-03-17,2017-03-17,2017-03-28
aee7adde42b3,2017-03-03,2017-03-15,2017-03-28
9d23241bfc56,2017-03-12,2017-03-15,2017-03-28
c677be38ec4b,2017-02-15,2017-03-15,2017-03-17
046c27f3babf,2017-03-26,2017-03-26,2017-03-28
6539e8e8edfa,2017-03-14,2017-03-15,2017-03-28
3f115c9a2a6c,2017-03-18,2017-03-18,2017-03-28
8565c7416e67,2017-03-18,2017-03-18,2017-03-20
bbbe4687dca9,2017-03-14,2017-03-15,2017-03-28
04c8bbfd4160,2017-02-18,2017-03-15,2017-03-20
d57baba38c7d,2017-03-10,2017-03-15,2017-03-28
218f1f31c79d,2017-03-14,2017-03-15,2017-03-28
e254ee22a5f1,2017-02-21,2017-03-15,2017-03-23
86809be7757d,2017-02-17,2017-03-15,2017-03-18
6632eb8ef960,2017-03-05,2017-03-15,2017-03-28
3cf9005a2fcb,2017-02-14,2017-03-15,2017-03-16
3d0abe56bf7b,2017-02-28,2017-03-15,2017-03-28
f364cfe9996d,2017-03-02,2017-03-15,2017-03-28
539743d1b4d3,2017-03-04,2017-03-15,2017-03-28
6c6bed29388f,2017-02-25,2017-03-15,2017-03-27
1889edc816c5,2017-03-25,2017-03-25,2017-03-27
5f529320aa5e,2017-03-09,2017-03-15,2017-03-28
7f7a7531c804,2017-03-25,2017-03-25,2017-03-28
49ec31fa44a4,2017-02-21,2017-03-15,2017-03-23
13c2855f9213,2017-03-14,2017-03-15,2017-03-28
82ab1e418679,2017-03-10,2017-03-15,2017-03-28
08aa2a51dd63,2017-03-20,2017-03-20,2017-03-28
9787b4595850,2017-03-10,2017-03-15,2017-03-28
de383e2664c6,2017-03-28,2017-03-28,2017-03-28
051ea926ab6f,2017-03-14,2017-03-15,2017-03-28
98afe6d988c9,2017-02-25,2017-03-15,2017-03-27
4c4adf10218e,2017-03-10,2017-03-15,2017-03-28
57ae0f32a916,2017-03-03,2017-03-15,2017-03-28
511b88aedc4f,2017-03-06,2017-03-15,2017-03-28
9deed49b182f,2017-02-14,2017-03-15,2017-03-15
ec495b226a11,2017-02-19,2017-03-15,2017-03-20
5601d3193d84,2017-03-12,2017-03-15,2017-03-28
bf761f04a146,2017-02-20,2017-03-15,2017-03-22
5a30616f5141,2017-03-06,2017-03-15,2017-03-28
24a402ffbcf8,2017-02-18,2017-03-15,2017-03-20
d7d316c23de3,2017-02-16,2017-03-15,2017-03-18
84836aab4e5e,2017-03-10,2017-03-15,2017-03-28
f26bdd12784f,2017-03-22,2017-03-22,2017-03-28
67477fe95028,2017-02-27,2017-03-15,2017-03-28
4ee43c101251,2017-03-24,2017-03-24,2017-03-28
b4d1690eeb19,2017-03-19,2017-03-19,2017-03-28
d94dfb7e590c,2017-02-20,2017-03-15,2017-03-22
fb835b2aa2ec,2017-03-08,2017-03-15,2017-03-28
138917bab2d9,2017-02-18,2017-03-15,2017-03-20
ade73adacaa0,2017-02-27,2017-03-15,2017-03-28
2a9590382377,2017-03-13,2017-03-15,2017-03-28
fda81dee2492,2017-03-13,2017-03-15,2017-03-28
b55ceabdb6bc,2017-02-28,2017-03-15,2017-03-28
3f49fc27e2a7,2017-03-13,2017-03-15,2017-03-28
7d7d9b7de19e,2017-02-21,2017-03-15,2017-03-23
43cdc7dd683a,2017-02-23,2017-03-15,2017-03-25
f20d6ec30bde,2017-03-11,2017-03-15,2017-03-28
55a7c250930f,2017-03-17,2017-03-17,2017-03-28
3b944e7f8bcd,2017-03-05,2017-03-15,2017-03-28
53758f2909fe,2017-02-17,2017-03-15,2017-03-18
29fbaa595425,2017-03-14,2017-03-15,2017-03-28
285c09ad9a1c,2017-02-27,2017-03-15,2017-03-23
d66f5ed4201a,2017-02-26,2017-03-15,2017-03-27
189313434dce,2017-03-05,2017-03-15,2017-03-28
fcd751f27e8b,2017-02-15,2017-03-15,2017-03-24
da08f74ce61d,2017-02-16,2017-03-15,2017-03-18
2c17a8db0c1d,2017-03-05,2017-03-15,2017-03-28
6026ecf7fb72,2017-02-15,2017-03-15,2017-03-16
6a6cb4523c43,2017-02-19,2017-03-15,2017-03-21
4d3e4bc00943,2017-03-28,2017-03-28,2017-03-28
d80aad066915,2017-03-13,2017-03-15,2017-03-28
ab17d20be3d3,2017-03-09,2017-03-15,2017-03-28
c4144e4f2b4f,2017-03-20,2017-03-20,2017-03-28
e43e45a4407a,2017-03-13,2017-03-15,2017-03-28
c0dfa282269b,2017-03-06,2017-03-15,2017-03-28
1152c83e1768,2017-03-01,2017-03-15,2017-03-23
c3b1c793dfdb,2017-03-08,2017-03-15,2017-03-28
120274a6ee5b,2017-02-14,2017-03-15,2017-03-16
634c8244da44,2017-03-07,2017-03-15,2017-03-28
beb6dde094c5,2017-02-24,2017-03-15,2017-03-26
8f8051f60e0b,2017-02-17,2017-03-15,2017-03-19
43bb40aea9c1,2017-03-22,2017-03-22,2017-03-22
8f3c28c1b0e5,2017-03-15,2017-03-15,2017-03-28
1563c741fcdd,2017-03-09,2017-03-15,2017-03-24
31d42353ae95,2017-03-05,2017-03-15,2017-03-28
88b7c14d21e4,2017-03-23,2017-03-23,2017-03-28
f0858235621a,2017-03-04,2017-03-15,2017-03-26
1cec135f3177,2017-03-11,2017-03-15,2017-03-28
2c58a0e17647,2017-03-23,2017-03-23,2017-03-28
21294477f662,2017-03-05,2017-03-15,2017-03-28
a619bef1c371,2017-03-22,2017-03-22,2017-03-26
a7edacd63543,2017-03-16,2017-03-16,2017-03-28
92b577ac99d2,2017-02-26,2017-03-15,2017-03-28
c6d8054892f6,2017-03-26,2017-03-26,2017-03-28
ff5e2e76fc16,2017-03-07,2017-03-15,2017-03-28
d5f011aae4f1,2017-02-23,2017-03-15,2017-03-24
4a4553c23784,2017-02-20,2017-03-15,2017-03-21
febf4670d4e5,2017-03-09,2017-03-15,2017-03-28
012cfc93c8e9,2017-03-04,2017-03-15,2017-03-28
a077ef3799a4,2017-03-20,2017-03-20,2017-03-28
28860cf470bc,2017-02-23,2017-03-15,2017-03-25
b2b2c2195f4e,2017-03-18,2017-03-18,2017-03-28
7c5d33b90200,2017-03-22,2017-03-22,2017-03-28
f8d3f169bc2a,2017-03-18,2017-03-18,2017-03-28
5bfa41abed63,2017-02-19,2017-03-15,2017-03-21
5c3b5aa47c12,2017-03-13,2017-03-15,2017-03-28
0d363d472139,2017-02-16,2017-03-15,2017-03-18
aa54fbbbfcba,2017-03-19,2017-03-19,2017-03-28
7159bf4991c5,2017-02-27,2017-03-15,2017-03-28
9bb426e7dc53,2017-03-20,2017-03-20,2017-03-28
faba8cc80116,2017-02-28,2017-03-15,2017-03-28
f1a5714f0813,,2017-03-15,2017-03-28
c7fa97e01ce8,2017-03-27,2017-03-27,2017-03-28
5264c3aa5620,2017-03-16,2017-03-16,2017-03-28
9324cf61b769,2017-03-27,2017-03-27,2017-03-28
e3e742b81e59,2017-03-09,2017-03-15,2017-03-28
40d8d7a418a5,2017-03-14,2017-03-15,2017-03-28
124857a4e01d,2017-03-20,2017-03-20,2017-03-28
29b347a04eb6,2017-03-20,2017-03-20,2017-03-28
3de7b6734141,2017-03-12,2017-03-15,2017-03-28
eaacd94ddaa7,2017-03-15,2017-03-15,2017-03-28
a066f902272d,2017-03-09,2017-03-15,2017-03-28
818bcc60b7c4,2017-02-16,2017-03-15,2017-03-18
0aac2827c2c1,2017-03-12,2017-03-15,2017-03-21
7daeea0fd2ae,2017-03-12,2017-03-15,2017-03-21
84e9d4de098f,2017-03-23,2017-03-23,2017-03-28
374e4199f8e4,2017-03-03,2017-03-15,2017-03-28
d3a7e1b7bfc6,2017-02-27,2017-03-15,2017-03-28
5dff8e3c6154,2017-02-18,2017-03-15,2017-03-20
37f0f8edaf3b,2017-03-04,2017-03-15,2017-03-28
f7b5aba80199,2017-03-02,2017-03-15,2017-03-28
01d388f855e7,2017-03-25,2017-03-25,2017-03-28
b15a0ee7bd74,2017-03-13,2017-03-15,2017-03-28
107ffc37cdd4,2017-03-12,2017-03-15,2017-03-28
e913b96d5371,2017-02-25,2017-03-15,2017-03-26
298bbd8101cd,2017-02-27,2017-03-15,2017-03-28
aaea20c6c05c,2017-03-18,2017-03-18,2017-03-28
efb9daa045fb,2017-03-04,2017-03-15,2017-03-28
e3487b18f206,2017-02-22,2017-03-15,2017-03-24
9c31515d4a21,2017-03-02,2017-03-15,2017-03-28
ed81fa42ebf8,2017-02-24,2017-03-15,2017-03-26
d698aac7fb04,2017-03-06,2017-03-15,2017-03-28
99ad899f06cf,2017-03-14,2017-03-15,2017-03-28
a2d5476c104a,2017-03-17,2017-03-17,2017-03-28
9dab7ad26f30,2017-03-07,2017-03-15,2017-03-17
6e30da362a23,2017-02-15,2017-03-15,2017-03-17
8b4c64d54a3c,2017-03-04,2017-03-15,2017-03-28
630054b4a587,2017-03-01,2017-03-15,2017-03-28
6aeb4538fc04,2017-03-05,2017-03-15,2017-03-28
81f6d5e93b26,2017-03-02,2017-03-15,2017-03-28
4ce440994e8d,2017-03-01,2017-03-15,2017-03-28
7759d6b9949e,2017-03-06,2017-03-15,2017-03-28
630eb88c0078,2017-02-26,2017-03-15,2017-03-28
2a649166c812,2017-03-18,2017-03-18,2017-03-28
96d4fbc7f3e9,2017-03-10,2017-03-15,2017-03-28
bd8dacd32a91,2017-02-13,2017-03-15,2017-03-15
ad9a25df7e12,2017-02-27,2017-03-15,2017-03-28
272eafb308ee,2017-03-10,2017-03-15,2017-03-22
2682bf6b36f6,2017-03-17,2017-03-17,2017-03-28
4d70782e9720,2017-03-01,2017-03-15,2017-03-28
eec58c79780c,2017-02-13,2017-03-15,2017-03-15
3890007ae467,2017-02-13,2017-03-15,2017-03-15
2c7608584b13,2017-03-06,2017-03-15,2017-03-18
07d87a3abc8d,2017-03-02,2017-03-15,2017-03-28
79ff55e989ac,2017-03-22,2017-03-22,2017-03-28
50ea1fa0796a,2017-03-09,2017-03-15,2017-03-28
ef30ea386cb2,2017-02-18,2017-03-15,2017-03-19
7d66f1322cab,2017-03-18,2017-03-18,2017-03-28
86386f7b0ef3,2017-02-23,2017-03-15,2017-03-24
dc4cef1cbcf6,2017-03-01,2017-03-15,2017-03-28
188821e91427,2017-02-25,2017-03-15,2017-03-27
19837c490a56,2017-03-24,2017-03-24,2017-03-26
545d5638978d,2017-03-03,2017-03-15,2017-03-28
f2339408e2a5,2017-03-21,2017-03-21,2017-03-28
57ae353efd1c,2017-03-24,2017-03-24,2017-03-28
41a79f9baf00,2017-02-28,2017-03-15,2017-03-28
65469d5d4eca,2017-03-18,2017-03-18,2017-03-28
19325c5529ba,2017-03-25,2017-03-25,2017-03-28
cd8797c6034a,2017-02-20,2017-03-15,2017-03-22
358214fbe6d8,2017-03-05,2017-03-15,2017-03-28
0771f57e9572,2017-03-25,2017-03-25,2017-03-28
cb4782bc6c33,2017-03-05,2017-03-15,2017-03-28
d5a0eb43de32,2017-03-13,2017-03-15,2017-03-28
45bfafc383da,2017-02-16,2017-03-15,2017-03-18
a5b343d4a584,2017-02-21,2017-03-15,2017-03-23
9bb7191c3e56,2017-03-23,2017-03-23,2017-03-28
6e1a003ef3aa,2017-02-21,2017-03-15,2017-03-23
e1635e299a46,2017-03-09,2017-03-15,2017-03-28
66715527eb16,2017-03-01,2017-03-15,2017-03-28
93ad423b40f8,2017-03-04,2017-03-15,2017-03-28
deda9b1636ac,2017-02-16,2017-03-15,2017-03-17
68b1ec19693d,2017-03-16,2017-03-16,2017-03-22
8cbe25484c3f,2017-03-27,2017-03-27,2017-03-28
f21a8e508ae1,2017-03-01,2017-03-15,2017-03-28
d4b094441090,2017-03-16,2017-03-16,2017-03-18
d865fac4399a,2017-02-25,2017-03-15,2017-03-18
f544fe45cac5,2017-02-26,2017-03-15,2017-03-28
56fb0a7eabbb,2017-03-16,2017-03-16,2017-03-28
2d65c877cc88,2017-02-22,2017-03-15,2017-03-24
a6754b1f548a,2017-03-21,2017-03-22,2017-03-22
99e0b7df59a1,2017-03-24,2017-03-24,2017-03-28
4bd1d04f7369,2017-03-13,2017-03-15,2017-03-28
5777df676ee2,2017-02-28,2017-03-15,2017-03-28
6a3964088f18,2017-03-06,2017-03-15,2017-03-28
5558a066206c,2017-02-21,2017-03-15,2017-03-23
4f3e10c13d85,2017-03-27,2017-03-27,2017-03-28
3f3543116298,2017-02-17,2017-03-15,2017-03-19
9fd111e6d592,2017-03-13,2017-03-15,2017-03-28
3e0507c9f069,2017-03-09,2017-03-15,2017-03-28
f6d39eb84413,2017-02-21,2017-03-15,2017-03-22
564e323f099b,2017-02-14,2017-03-15,2017-03-16
ef97e03cdef8,2017-03-26,2017-03-26,2017-03-28
3721ea105e09,2017-03-22,2017-03-22,2017-03-28
db9211e83175,2017-02-20,2017-03-15,2017-03-22
1ffb07d13b98,2017-02-22,2017-03-15,2017-03-24
16e7e7ddf366,2017-03-23,2017-03-23,2017-03-28
448c59946950,2017-03-18,2017-03-18,2017-03-28
e9cb85f8bf3f,2017-03-14,2017-03-15,2017-03-28
e6001e74017e,2017-03-03,2017-03-15,2017-03-28
159c58556cf4,2017-03-16,2017-03-16,2017-03-28
d8a82469216c,2017-03-04,2017-03-15,2017-03-28
4d1fdb7c1ec7,2017-03-04,2017-03-15,2017-03-28
6b9099ac5068,2017-03-11,2017-03-15,2017-03-28
6b5f13478a0d,2017-02-20,2017-03-15,2017-03-21
900e54940a63,2017-03-15,2017-03-15,2017-03-18
798f6c91e232,2017-03-12,2017-03-15,2017-03-28
890de278ca88,2017-03-24,2017-03-24,2017-03-28
ca05f443249d,2017-03-27,2017-03-27,2017-03-28
c815cdcb019d,2017-02-14,2017-03-15,2017-03-16
23c36fa1197a,2017-03-21,2017-03-21,2017-03-28
bf397719628e,2017-02-24,2017-03-15,2017-03-26
b45953d864a2,2017-03-07,2017-03-15,2017-03-28
e3dc5bf26596,2017-03-03,2017-03-15,2017-03-28
6cf7f36306e0,2017-03-22,2017-03-22,2017-03-28
f1110bec9cb1,2017-02-22,2017-03-15,2017-03-24
1250cf215205,2017-03-06,2017-03-15,2017-03-24
02f8c95ddb5d,2017-02-16,2017-03-15,2017-03-18
d449f3391bb5,2017-02-15,2017-03-15,2017-03-17
c9aa5577b1e9,2017-03-07,2017-03-15,2017-03-28
327c68946576,2017-03-28,2017-03-28,2017-03-28
2045415c4bee,2017-02-23,2017-03-15,2017-03-24
065e00eabe77,2017-02-20,2017-03-15,2017-03-22
cc91487760f5,2017-02-22,2017-03-15,2017-03-24
210855c6e173,2017-03-14,2017-03-15,2017-03-16
96ae99336bee,2017-03-13,2017-03-15,2017-03-28
7de6cae3fa08,2017-03-20,2017-03-20,2017-03-28
00fa450d304c,2017-02-15,2017-03-15,2017-03-16
81a986a5a478,2017-03-23,2017-03-23,2017-03-28
4e754b46bc3a,2017-03-15,2017-03-15,2017-03-28
ba88c0ce9176,2017-02-21,2017-03-15,2017-03-22
04cc32de357d,2017-03-16,2017-03-16,2017-03-19
b2207fac37f8,2017-03-06,2017-03-15,2017-03-28
00c973448ba4,2017-02-13,2017-03-15,2017-03-15
ac5b714805ce,2017-03-15,2017-03-15,2017-03-28
b18121f5297f,2017-03-19,2017-03-19,2017-03-28
25396222b714,2017-02-26,2017-03-15,2017-03-27
6bae7dcecdfe,2017-03-19,2017-03-19,2017-03-28
797f1b1d3edc,2017-02-26,2017-03-15,2017-03-27
dfbfb3a0a0d5,2017-03-07,2017-03-15,2017-03-28
a9411a41abb0,2017-03-07,2017-03-15,2017-03-28
0a6dc53e295b,2017-03-20,2017-03-20,2017-03-28
1cc2259ab5f1,2017-02-27,2017-03-15,2017-03-28
9259971ae1f5,2017-03-19,2017-03-19,2017-03-28
71e245f44b88,2017-03-15,2017-03-15,2017-03-28
fa67b6a4e901,2017-02-13,2017-03-15,2017-03-15
5d09e06f3237,2017-03-16,2017-03-16,2017-03-28
e375d4097017,2017-03-23,2017-03-23,2017-03-28
9237aa197a83,2017-03-21,2017-03-21,2017-03-28
76cd8f19c669,2017-02-25,2017-03-15,2017-03-26
bbc76c2a9024,2017-03-06,2017-03-15,2017-03-28
0c83d695b693,2017-03-15,2017-03-15,2017-03-28
992f21384bef,2017-03-14,2017-03-15,2017-03-28
3c407b65d884,2017-02-21,2017-03-15,2017-03-23
a83b26c7e618,2017-03-24,2017-03-24,2017-03-28
9c7b3815df42,2017-03-25,2017-03-25,2017-03-28
68f51907b58e,2017-03-22,2017-03-22,2017-03-28
0ccfefe704c3,2017-02-17,2017-03-15,2017-03-19
49a89c0f4285,2017-02-26,2017-03-15,2017-03-28
03e0f36fd508,2017-03-13,2017-03-15,2017-03-28
7f4264a82798,2017-03-26,2017-03-26,2017-03-28
122ef022b26e,2017-03-14,2017-03-15,2017-03-28
3b171dc695a5,2017-03-22,2017-03-22,2017-03-28
87ed4cae748c,2017-02-19,2017-03-15,2017-03-21
edf638109886,2017-03-23,2017-03-23,2017-03-26
f114fbe207af,2017-02-20,2017-03-15,2017-03-22
825bb9f2f3c4,2017-03-13,2017-03-15,2017-03-28
f51315ddfd6d,2017-03-22,2017-03-22,2017-03-28
35d15ca6d9c8,2017-03-02,2017-03-15,2017-03-28
9e924c4f8547,2017-02-24,2017-03-15,2017-03-26
99b5848a158f,2017-02-21,2017-03-15,2017-03-23
e293f7eaf1b0,2017-02-28,2017-03-15,2017-03-28
0397bff6e6ae,2017-03-09,2017-03-15,2017-03-28
b5c677642956,2017-02-20,2017-03-15,2017-03-21
98032a6b3b72,2017-03-14,2017-03-15,2017-03-28
8279e50c81d8,2017-03-17,2017-03-17,2017-03-28
377dd7d0a027,2017-03-03,2017-03-15,2017-03-28
03958dee24d4,2017-02-23,2017-03-15,2017-03-25
1ad252b403d1,2017-03-13,2017-03-15,2017-03-28
d8ed86e3eb2d,2017-02-19,2017-03-15,2017-03-21
2549864885b9,2017-02-18,2017-03-15,2017-03-20
2559e237925d,2017-03-18,2017-03-18,2017-03-28
1399536c7447,2017-02-19,2017-03-15,2017-03-21
3804d3944f2d,2017-03-12,2017-03-15,2017-03-28
6b15b6f0c1ac,2017-02-18,2017-03-15,2017-03-19
2574017d1faf,2017-02-14,2017-03-15,2017-03-16
5697c20d2425,2017-03-17,2017-03-17,2017-03-28
0527ab724d5d,2017-03-17,2017-03-17,2017-03-28
4910bf91e5a4,2017-03-13,2017-03-15,2017-03-28
f0581d32f17c,2017-03-22,2017-03-22,2017-03-28
ff6b502ccde6,2017-03-11,2017-03-15,2017-03-28
b7ed866c00ac,2017-03-16,2017-03-16,2017-03-28
d34010704a7d,2017-03-20,2017-03-20,2017-03-28
b192314abd9a,2017-02-28,2017-03-15,2017-03-28
75b66cae37c7,2017-03-03,2017-03-15,2017-03-28
a01aff47dfd8,2017-03-16,2017-03-16,2017-03-28
ec648733c4c5,2017-03-01,2017-03-15,2017-03-28
1b1b18042b9f,2017-02-22,2017-03-15,2017-03-24
4f524e5a34c1,2017-03-18,2017-03-18,2017-03-28
68fd4834ea64,2017-03-23,2017-03-23,2017-03-28
e05863312b4f,2017-03-17,2017-03-18,2017-03-28
f68ea4596f61,2017-03-08,2017-03-15,2017-03-28
b16f2640eb79,2017-03-19,2017-03-19,2017-03-28
d8d87d36b49b,2017-03-11,2017-03-15,2017-03-28
8939c400c55c,2017-03-07,2017-03-15,2017-03-28
14165dcde11c,2017-03-01,2017-03-15,2017-03-28
f96844870a1b,2017-03-24,2017-03-24,2017-03-28
e9d01320c8dc,2017-03-11,2017-03-15,2017-03-28
df19b44bd604,2017-03-02,2017-03-15,2017-03-28
01c952b80303,2017-03-11,2017-03-15,2017-03-28
c72156be4fd4,2017-03-14,2017-03-15,2017-03-28
71dfcfb8a419,2017-03-06,2017-03-15,2017-03-28
99e33c0e2c71,2017-02-26,2017-03-15,2017-03-28
7c7dd7bc84e6,2017-03-02,2017-03-15,2017-03-28
b1c45f994045,2017-02-15,2017-03-15,2017-03-17
32cc73d43c11,2017-03-20,2017-03-20,2017-03-28
1948ec2ef9c5,2017-02-25,2017-03-15,2017-03-26
78526c2bef7e,2017-03-22,2017-03-22,2017-03-28
96e9d2909779,2017-02-22,2017-03-15,2017-03-24
7b1a117787b2,2017-02-26,2017-03-15,2017-03-28
bdfed3a12271,2017-03-03,2017-03-15,2017-03-28
f7cc9af58309,2017-02-21,2017-03-15,2017-03-23
dd48b35a9881,2017-02-27,2017-03-15,2017-03-28
4e38677ad075,2017-03-24,2017-03-24,2017-03-28
e2d545a885fd,2017-03-04,2017-03-15,2017-03-28
11af6a0205fc,2017-02-16,2017-03-15,2017-03-18
589c5b2bd95e,2017-03-16,2017-03-16,2017-03-28
1aa7091153c4,2017-03-22,2017-03-22,2017-03-28
0c850002cfbd,2017-02-19,2017-03-15,2017-03-21
c4eed7abb83a,2017-02-19,2017-03-15,2017-03-20
d11b005e0a7c,2017-03-19,2017-03-19,2017-03-28
957e68d04cb1,2017-03-21,2017-03-21,2017-03-28
3b4af32011a5,2017-03-16,2017-03-16,2017-03-28
b12b7c012b32,2017-03-16,2017-03-16,2017-03-28
e7319e949344,2017-03-13,2017-03-15,2017-03-28
1a38b182913d,2017-03-17,2017-03-17,2017-03-28
6b7875b22aa7,2017-01-17,2017-03-15,2017-03-18
8a4ac3eb0154,2017-02-21,2017-03-15,2017-03-23
84fe42ab9184,2017-03-06,2017-03-15,2017-03-28
ee1cc1b9e896,2017-03-18,2017-03-18,2017-03-28
259f570a9c16,2017-03-03,2017-03-15,2017-03-28
43e445202d5a,2017-03-05,2017-03-15,2017-03-28
19894e834dd6,2017-03-22,2017-03-22,2017-03-28
222ad66715cb,2017-03-14,2017-03-15,2017-03-28
36b9568b856f,2017-03-15,2017-03-15,2017-03-16
1d1bbd3c2ede,2017-02-26,2017-03-15,2017-03-28
31e5ca675262,2017-02-24,2017-03-15,2017-03-17
c760705e363c,2017-02-27,2017-03-15,2017-03-28
07cbb43124c8,2017-02-26,2017-03-15,2017-03-28
95c42d229dda,2017-03-01,2017-03-15,2017-03-28
8fc59853d672,2017-02-27,2017-03-15,2017-03-28
a51a41e41cd7,2017-03-21,2017-03-21,2017-03-28
ac3775bf2155,2017-03-06,2017-03-15,2017-03-28
895f5642b4d0,2017-03-11,2017-03-15,2017-03-28
e0f77a96fb54,2017-03-14,2017-03-15,2017-03-28
ffd10f0057da,2017-03-23,2017-03-23,2017-03-28
c1c4148c58ec,2017-03-11,2017-03-15,2017-03-28
0af42572152b,2017-02-20,2017-03-15,2017-03-21
a45f7902b73b,2017-03-11,2017-03-15,2017-03-28
73be31d373a4,2017-03-12,2017-03-15,2017-03-28
ba093d60a596,2017-03-28,2017-03-28,2017-03-28
3410f8ffc04d,2017-02-20,2017-03-15,2017-03-22
5a7f3a2f5361,2017-03-12,2017-03-15,2017-03-28
5bdf9d5cb2d2,2017-03-20,2017-03-20,2017-03-28
0f07f9e9a638,2017-03-09,2017-03-15,2017-03-28
89ddc44ee2af,2017-03-17,2017-03-17,2017-03-28
f296fb4b0e5d,2017-03-10,2017-03-15,2017-03-28
7e8cd15aba06,2017-03-14,2017-03-15,2017-03-28
e0c6076a65b4,2017-03-07,2017-03-15,2017-03-28
eda7243886ee,2017-03-16,2017-03-16,2017-03-28
df377f0a5b31,2017-02-14,2017-03-15,2017-03-15
75b4940e3d8a,2017-03-01,2017-03-15,2017-03-28
b828ea050868,2017-02-22,2017-03-15,2017-03-24
dd4bb8334990,2017-03-12,2017-03-15,2017-03-28
3988be32490f,2017-03-08,2017-03-15,2017-03-28
413bc2031867,2017-03-02,2017-03-15,2017-03-28
98985d1833df,2017-03-18,2017-03-18,2017-03-28
3d2ed6413bca,2017-02-23,2017-03-15,2017-03-24
49774905b298,2017-03-03,2017-03-15,2017-03-28
909dd2760a55,2017-03-03,2017-03-15,2017-03-28
87a6e547c1b1,2017-03-12,2017-03-15,2017-03-28
4ccd0c822d6b,2017-03-18,2017-03-18,2017-03-28
ac22996f402b,2017-03-16,2017-03-16,2017-03-28
db91411d0c91,2017-03-07,2017-03-15,2017-03-28
088a5e1b785b,2017-03-15,2017-03-15,2017-03-28
31f737b345cc,2017-03-08,2017-03-15,2017-03-28
f760630485da,2017-03-12,2017-03-15,2017-03-28
ee16ee221909,2017-02-23,2017-03-15,2017-03-25
bfd3c2742d17,2017-03-09,2017-03-15,2017-03-28
6007bf88248d,2017-03-07,2017-03-15,2017-03-28
7c61127cda7b,2017-03-20,2017-03-20,2017-03-20
f78389480f4d,2017-03-04,2017-03-15,2017-03-28
7c98a463616a,2017-02-23,2017-03-15,2017-03-25
154ef407968f,2017-02-28,2017-03-15,2017-03-18
64a7fdbc4b35,2017-02-21,2017-03-15,2017-03-23
252ba186fb17,2017-03-23,2017-03-23,2017-03-28
040da4fb6969,2017-03-16,2017-03-16,2017-03-28
94949552caa1,2017-03-26,2017-03-26,2017-03-28
648166c0f229,2017-03-22,2017-03-22,2017-03-28
96e78227751e,2017-03-14,2017-03-15,2017-03-28
b9451816e7a6,2017-03-10,2017-03-15,2017-03-26
dd4be35bd785,2017-02-22,2017-03-15,2017-03-23
cc6c94b23bf5,2017-03-05,2017-03-15,2017-03-28
9ee7be900293,2017-03-11,2017-03-15,2017-03-28
a98a58f2f9ad,2017-02-16,2017-03-15,2017-03-18
28a31a475c7f,2017-02-28,2017-03-15,2017-03-28
55e95029de42,2017-03-17,2017-03-17,2017-03-28
a1e03091aa0b,2017-03-20,2017-03-20,2017-03-28
d675ecd149db,2017-03-09,2017-03-15,2017-03-28
a9ae421cc9cd,2017-03-25,2017-03-25,2017-03-28
1ae2321d6812,2017-03-18,2017-03-18,2017-03-28
972a9550a69c,2017-02-27,2017-03-15,2017-03-28
af9163a6eeba,2017-03-23,2017-03-23,2017-03-28
0b3359732ca4,2017-03-12,2017-03-15,2017-03-28
10ca10d70ee4,2017-03-21,2017-03-21,2017-03-28
7a120fbb1f50,2017-03-27,2017-03-27,2017-03-28
a11b78b3f3a4,2017-03-08,2017-03-15,2017-03-28
a6c28e23c7c0,2017-02-17,2017-03-15,2017-03-18
411b09027e14,2017-03-02,2017-03-15,2017-03-21
43cbda037643,2017-03-08,2017-03-15,2017-03-28
3d6f40662823,2017-03-26,2017-03-26,2017-03-28
1911bb01ee60,2017-03-06,2017-03-15,2017-03-28
231fc4ea4415,2017-03-12,2017-03-15,2017-03-23
44ec5d09364a,2017-03-23,2017-03-23,2017-03-28
448607817e10,2017-02-13,2017-03-15,2017-03-15
18c3c3d17dbe,2017-03-25,2017-03-25,2017-03-28
17c9a4b0bdf0,2017-03-17,2017-03-17,2017-03-26
101aa32c9cc3,2017-03-13,2017-03-15,2017-03-28
67fb92edc3e7,2017-03-05,2017-03-15,2017-03-28
893180e678a2,2017-02-15,2017-03-15,2017-03-17
d1d14ec2eb1b,2017-02-22,2017-03-15,2017-03-23
12f02d553574,2017-03-28,2017-03-28,2017-03-28
bdc22e822971,2017-02-22,2017-03-15,2017-03-23
ed025b96b823,2017-03-21,2017-03-21,2017-03-28
f82739f14586,2017-02-21,2017-03-15,2017-03-23
c39717e1011c,2017-03-01,2017-03-15,2017-03-28
d90501eff14d,2017-03-19,2017-03-19,2017-03-28
f0965d80e45e,2017-02-24,2017-03-15,2017-03-25
375e95117222,2017-03-28,2017-03-28,2017-03-28
55ba6570464c,2017-02-20,2017-03-15,2017-03-22
178abc24f394,2017-02-26,2017-03-15,2017-03-28
8c36629c2d13,2017-02-26,2017-03-15,2017-03-27
ae13439079b9,2017-03-08,2017-03-15,2017-03-28
79c44adb8f5a,2017-03-27,2017-03-27,2017-03-28
9a3735be5233,2017-03-01,2017-03-15,2017-03-28
fc8023510862,2017-03-06,2017-03-15,2017-03-28
8eda2b5c9fc6,2017-02-28,2017-03-15,2017-03-28
f33f2967a952,2017-02-21,2017-03-15,2017-03-23
6dc33180f6a8,2017-03-11,2017-03-15,2017-03-28
8e584e672428,2017-02-26,2017-03-15,2017-03-27
03d19b80d930,2017-03-04,2017-03-15,2017-03-28
b9a765cd9eed,2017-02-27,2017-03-15,2017-03-28
0f929be1893f,2017-03-20,2017-03-20,2017-03-28
5c76ed04ee3b,2017-02-21,2017-03-15,2017-03-22
517f6882b92c,2017-02-16,2017-03-15,2017-03-18
ea0896e32032,2017-02-27,2017-03-15,2017-03-28
5ef0166b4fd2,2017-03-16,2017-03-16,2017-03-28
45de7cd53b42,2017-03-27,2017-03-27,2017-03-28
fc3889ae8598,2017-03-01,2017-03-15,2017-03-28
95caf6c1816a,2017-02-18,2017-03-15,2017-03-19
c2c990238720,2017-02-19,2017-03-15,2017-03-21
3fefe951cff3,2017-03-24,2017-03-24,2017-03-28
54181240473e,2017-03-11,2017-03-15,2017-03-28
13d69efd7c0d,2017-03-06,2017-03-15,2017-03-28
41bb1c151202,2017-02-17,2017-03-15,2017-03-19
3fc87d34eb78,2017-03-04,2017-03-15,2017-03-28
c5fdfce0a9c4,2017-02-16,2017-03-15,2017-03-18
0a55250bd5c8,2017-03-10,2017-03-15,2017-03-28
b6bb161f5cd7,2017-03-18,2017-03-18,2017-03-28
fced464978fa,2017-02-17,2017-03-15,2017-03-18
1605dfbc74aa,2017-02-28,2017-03-15,2017-03-28
0d8c9f0b610f,2017-03-04,2017-03-15,2017-03-28
43ebdcdb9945,2017-02-27,2017-03-15,2017-03-28
f0cc85f6b62d,2017-03-22,2017-03-22,2017-03-28
7873ea1e474d,2017-02-27,2017-03-15,2017-03-28
20e1e681f454,2017-02-13,2017-03-15,2017-03-15
d6b78a24355c,2017-02-26,2017-03-15,2017-03-28
5646a7a0ee92,2017-03-12,2017-03-15,2017-03-28
2c13191d2433,2017-02-16,2017-03-15,2017-03-17
c5ce0cfb2224,2017-02-27,2017-03-15,2017-03-28
1340b0c0e7a5,2017-02-28,2017-03-15,2017-03-28
674c20652203,2017-03-02,2017-03-15,2017-03-28
f66f98be7e19,2017-03-01,2017-03-15,2017-03-28
ae16ca737d8a,2017-03-03,2017-03-15,2017-03-28
d957ca6f4560,2017-02-15,2017-03-15,2017-03-17
a7bf261e4a6c,2017-03-13,2017-03-15,2017-03-28
b0c6fdd75b63,2017-02-17,2017-03-15,2017-03-18
8e8e168fe936,2017-03-01,2017-03-15,2017-03-28
e8161a77194e,2017-02-17,2017-03-15,2017-03-19
dc4d644e30d7,2017-03-08,2017-03-15,2017-03-28
16644a8e8dad,2017-03-12,2017-03-15,2017-03-28
81c095120fdd,2017-02-20,2017-03-15,2017-03-22
09dc9bdd51e0,2017-03-06,2017-03-15,2017-03-28
b8971713adc3,2017-03-10,2017-03-15,2017-03-28
e0a3e4bfcb7f,2017-03-03,2017-03-15,2017-03-28
391e1bd91df8,2017-03-21,2017-03-21,2017-03-28
441afacada51,2017-02-20,2017-03-15,2017-03-22
707c31b3ab77,2017-03-06,2017-03-15,2017-03-28
7706c5b222f3,2017-03-21,2017-03-21,2017-03-28
a93f9218f8e2,2017-02-17,2017-03-15,2017-03-19
eb18fffa9344,2017-02-28,2017-03-15,2017-03-28
173762029637,2017-03-16,2017-03-16,2017-03-28
a9c7a4db48ef,2017-03-06,2017-03-15,2017-03-28
455a1b8f68bc,2017-03-16,2017-03-16,2017-03-28
f39e98325a1f,2017-02-15,2017-03-15,2017-03-17
21e6a487f393,2017-03-18,2017-03-18,2017-03-28
0f990324f9ec,2017-03-09,2017-03-15,2017-03-28
c5a96541537c,2017-02-19,2017-03-15,2017-03-21
24477b637df0,2017-02-18,2017-03-15,2017-03-20
9af22b83ccef,2017-03-21,2017-03-21,2017-03-28
27c621505e85,2017-03-09,2017-03-15,2017-03-19
fb349409edb2,2017-03-27,2017-03-27,2017-03-28
2beee957ff0a,2017-02-28,2017-03-15,2017-03-28
7d6fb537689e,2017-03-13,2017-03-15,2017-03-28
4be5fdbf5fdc,2017-03-10,2017-03-15,2017-03-28
d82caacb524e,2017-02-27,2017-03-15,2017-03-28
7db9e57de8e2,2017-02-14,2017-03-15,2017-03-16
c710da5accff,2017-02-16,2017-03-15,2017-03-17
85e43ad36936,2017-03-10,2017-03-15,2017-03-28
2b487a3082de,2017-03-08,2017-03-15,2017-03-28
c26602447c21,2017-02-14,2017-03-15,2017-03-16
4b81d1f012b1,2017-03-23,2017-03-23,2017-03-28
e6f111d01666,2017-03-23,2017-03-23,2017-03-28
9fae3da404f3,2017-03-27,2017-03-27,2017-03-28
f55feda10bc3,2017-02-24,2017-03-15,2017-03-25
d8db8df117ce,2017-02-17,2017-03-15,2017-03-19
5103a112c5d3,2017-03-28,2017-03-28,2017-03-28
ff57904ddf92,2017-03-12,2017-03-15,2017-03-28
7ff9795dda87,2017-03-19,2017-03-19,2017-03-28
e064fc7fcc77,2017-03-19,2017-03-19,2017-03-28
1b2a1408abeb,2017-03-11,2017-03-15,2017-03-28
e8feb3695c8c,2017-03-27,2017-03-27,2017-03-28
c027a4246b29,2017-02-28,2017-03-15,2017-03-28
9868b487a7a8,2017-03-17,2017-03-17,2017-03-28
b656eb8aef33,2017-02-14,2017-03-15,2017-03-16
0c407628018b,2017-02-22,2017-03-15,2017-03-24
b759d3b17f24,2017-03-27,2017-03-27,2017-03-28
9743961ee62e,2017-03-16,2017-03-16,2017-03-28
6885612ca66c,2017-03-06,2017-03-15,2017-03-28
a5cf2af97637,2017-03-04,2017-03-15,2017-03-28
c885333904b5,2017-03-24,2017-03-24,2017-03-28
67a6ed906c07,2017-03-19,2017-03-19,2017-03-20
af1e8bb4443b,2017-03-25,2017-03-25,2017-03-28
2637a8f45292,2017-02-14,2017-03-15,2017-03-16
c2d0bd7a3c8a,2017-03-22,2017-03-22,2017-03-28
0214a7a38a48,2017-02-24,2017-03-15,2017-03-25
a944065216a8,2017-02-22,2017-03-15,2017-03-23
3422b05389f6,2017-03-10,2017-03-15,2017-03-28
d3b731322edb,2017-02-14,2017-03-15,2017-03-16
38bc2afcba50,2017-02-14,2017-03-15,2017-03-16
f4dae6d5d3a8,2017-02-25,2017-03-15,2017-03-27
0abb75a1a92c,2017-03-12,2017-03-15,2017-03-28
1baaa9c2e98b,2017-02-15,2017-03-15,2017-03-16
d4f849ba6f9b,2017-02-13,2017-03-15,2017-03-15
efa25d896f1f,2017-02-17,2017-03-15,2017-03-19
56774e447968,2017-03-25,2017-03-25,2017-03-28
9ebb53651a89,2017-03-21,2017-03-21,2017-03-28
b924103d5683,2017-02-19,2017-03-15,2017-03-21
1a04632b071c,2017-02-22,2017-03-15,2017-03-24
ca334c049ea0,2017-02-22,2017-03-15,2017-03-24
57ceb463d63c,2017-03-22,2017-03-22,2017-03-23
344964ba52bf,2017-02-26,2017-03-15,2017-03-28
ba099fd9e532,2017-03-15,2017-03-15,2017-03-28
c7177e7df31a,2017-03-25,2017-03-25,2017-03-28
79c03f15448a,2017-02-22,2017-03-15,2017-03-23
52a67634fbe1,2017-03-16,2017-03-16,2017-03-28
11b08859d3ef,2017-03-10,2017-03-15,2017-03-28
bc0c73b18fdf,2017-02-27,2017-03-15,2017-03-28
fd3f56759fa5,2017-02-26,2017-03-15,2017-03-28
4960fe1f6a77,2017-03-11,2017-03-15,2017-03-28
216bc1e8a7d9,2017-03-25,2017-03-25,2017-03-28
2883e97d2fa6,2017-03-27,2017-03-27,2017-03-28
d3e6ee7fdb13,2017-02-23,2017-03-15,2017-03-24
984c53048900,2017-03-01,2017-03-15,2017-03-28
f48bef7f3bb0,2017-03-26,2017-03-26,2017-03-28
2fcf10d10c2f,2017-03-13,2017-03-15,2017-03-28
a5bf0adb5ccb,2017-03-24,2017-03-24,2017-03-28
b9b2fadec125,2017-03-03,2017-03-15,2017-03-28
6022f9daa712,2017-03-05,2017-03-15,2017-03-28
ca7e176a6532,2017-02-22,2017-03-15,2017-03-24
d4d09317a155,2017-03-04,2017-03-15,2017-03-28
f43f9091d983,2017-02-18,2017-03-15,2017-03-20
fc44ef4adc0c,2017-03-18,2017-03-18,2017-03-25
c0c19a3f120d,2017-03-28,2017-03-28,2017-03-28
304aeaf0224b,2017-03-14,2017-03-15,2017-03-28
553fa8647859,2017-03-04,2017-03-15,2017-03-28
ad99c3e054d3,2017-03-17,2017-03-17,2017-03-28
6111e2334377,2017-03-21,2017-03-21,2017-03-28
9853f4549c18,2017-03-10,2017-03-15,2017-03-28
b08788bc51ee,2017-02-17,2017-03-15,2017-03-19
7a7a9d83f785,2017-03-28,2017-03-28,2017-03-28
889b4c69590f,2017-02-15,2017-03-15,2017-03-17
320014cdce8d,2017-03-26,2017-03-26,2017-03-28
62dcf3c933b3,2017-03-13,2017-03-15,2017-03-28
5eb4930ffc6c,2017-02-18,2017-03-15,2017-03-20
0231aef1a0f6,2017-02-13,2017-03-15,2017-03-15
89415a7181dc,2017-03-05,2017-03-15,2017-03-28
5dac5ec6d855,2017-02-21,2017-03-15,2017-03-22
d11340a8dfa5,2017-03-13,2017-03-15,2017-03-28
bc6a85ba5b44,2017-03-25,2017-03-25,2017-03-28
0024bae804b7,2017-02-17,2017-03-15,2017-03-18
64a995bea381,2017-03-18,2017-03-18,2017-03-28
c915f16a8978,2017-03-07,2017-03-15,2017-03-28
5c31b3f35640,2017-03-05,2017-03-15,2017-03-24
b94a37b5f000,2017-02-15,2017-03-15,2017-03-17
bb4d00708977,2017-02-20,2017-03-15,2017-03-22
3ef2fe8c17de,2017-02-23,2017-03-15,2017-03-25
dc6aba0aa8b6,2017-02-15,2017-03-15,2017-03-17
9a3b66dca701,2017-03-22,2017-03-22,2017-03-28
ece1ca62965e,2017-03-05,2017-03-15,2017-03-28
032fa87a3f69,2017-02-20,2017-03-15,2017-03-22
b0ae26bb43fe,2017-03-23,2017-03-23,2017-03-28
f20d0f16c4d5,2017-03-14,2017-03-15,2017-03-28
389f3e7325c8,2017-03-23,2017-03-23,2017-03-28
dbfdcfa0c6f5,2017-02-26,2017-03-15,2017-03-27
0e0d27871d4e,2017-02-15,2017-03-15,2017-03-17
81e73e7dac9e,2017-03-14,2017-03-15,2017-03-28
79c0531d5641,2017-02-22,2017-03-15,2017-03-24
a4f5d55dce66,2017-03-23,2017-03-23,2017-03-28
3d61984befc1,2017-03-12,2017-03-15,2017-03-28
8b67e7655ad1,2017-03-09,2017-03-15,2017-03-28
045003e1be14,2017-03-07,2017-03-15,2017-03-28
be8c37ec3366,2017-03-06,2017-03-15,2017-03-28
4670b0018784,2017-03-12,2017-03-15,2017-03-28
eaecd8c0982a,2017-02-28,2017-03-15,2017-03-28
0845fdfb099b,2017-03-05,2017-03-15,2017-03-28
735e3cb3a0d5,2017-03-13,2017-03-15,2017-03-28
63ac8bdb8897,2017-03-18,2017-03-18,2017-03-28
d37843e91a9c,2017-02-26,2017-03-15,2017-03-28
926d2705b1f0,2017-02-19,2017-03-15,2017-03-21
3a53d7d9111e,2017-03-09,2017-03-15,2017-03-28
2d9792669eac,2017-02-23,2017-03-15,2017-03-25
83eb2d1d5dff,2017-03-18,2017-03-18,2017-03-21
d9d291bb7e1b,2017-03-12,2017-03-15,2017-03-28
66bd8725c641,2017-03-22,2017-03-22,2017-03-28
91ff4b800f1e,2017-03-23,2017-03-23,2017-03-28
997955cd977b,2017-03-01,2017-03-15,2017-03-28
0d44b5df28c7,2017-03-19,2017-03-19,2017-03-28
13ba83f8b3af,2017-02-23,2017-03-15,2017-03-25
338533db5f7e,2017-02-25,2017-03-15,2017-03-27
c7e38669e9af,2017-02-22,2017-03-15,2017-03-23
a7920b96ad6f,2017-03-12,2017-03-15,2017-03-28
cef3d6197243,2017-03-15,2017-03-15,2017-03-28
547d6117dc6e,2017-02-13,2017-03-15,2017-03-15
277d57a03e1f,2017-03-11,2017-03-15,2017-03-28
c365f43922a7,2017-03-14,2017-03-15,2017-03-28
ecb20e8f65ac,2017-03-02,2017-03-15,2017-03-28
a93f70c69d1f,2017-03-14,2017-03-15,2017-03-28
59b3b3717fd1,2017-02-20,2017-03-15,2017-03-22
b9da51fe1501,2017-03-16,2017-03-16,2017-03-28
b6ad71b4da19,2017-03-01,2017-03-15,2017-03-28
c9d839a9fe50,2017-03-27,2017-03-27,2017-03-28
127a48268ee1,2017-03-01,2017-03-15,2017-03-28
88ffe5ca66b3,2017-03-22,2017-03-22,2017-03-28
ede9f039024e,2017-02-15,2017-03-15,2017-03-16
07648bf3a6fd,2017-02-21,2017-03-15,2017-03-23
a140df816e86,2017-03-07,2017-03-15,2017-03-28
18bd81618db9,2017-03-28,2017-03-28,2017-03-28
8828ff18f1e3,2017-03-27,2017-03-27,2017-03-28
9b6cdc83e524,2017-03-09,2017-03-15,2017-03-28
1b7ac8723d7a,2017-03-04,2017-03-15,2017-03-28
a3b5c9ff8db2,2017-02-20,2017-03-15,2017-03-22
46f4e90f1859,2017-03-04,2017-03-15,2017-03-27
a3def0b923fa,2017-02-27,2017-03-15,2017-03-22
f1bae4c2ef07,2017-02-22,2017-03-15,2017-03-24
37805f0f19da,2017-02-26,2017-03-15,2017-03-28
d336e796bfc3,2017-03-25,2017-03-25,2017-03-28
9928e2f80735,2017-02-26,2017-03-15,2017-03-20
af06fa17c6c3,2017-03-20,2017-03-20,2017-03-28
01e79ea0677f,2017-03-07,2017-03-15,2017-03-28
2bc26516c74d,2017-03-23,2017-03-23,2017-03-28
f6fa9f7a2036,2017-02-26,2017-03-15,2017-03-28
78c185985559,2017-02-19,2017-03-15,2017-03-20
7adacc86bbea,2017-02-24,2017-03-15,2017-03-26
03d3e4334823,,2017-03-15,2017-03-28
57d196b277e0,2017-03-06,2017-03-15,2017-03-28
ff4a5e571399,2017-03-08,2017-03-15,2017-03-28
7ee156cc01f2,2017-03-11,2017-03-15,2017-03-28
74ec06a6911c,2017-03-04,2017-03-15,2017-03-28
a2434ca6a57d,2017-03-06,2017-03-15,2017-03-28
8cdb552a8651,2017-03-25,2017-03-25,2017-03-28
edebb8be6e4c,2017-03-22,2017-03-22,2017-03-28
2fbf261d6d1e,2017-03-01,2017-03-15,2017-03-28
ec030210a775,2017-02-13,2017-03-15,2017-03-15
719263232eca,2017-03-09,2017-03-15,2017-03-28
c3fad29748a8,2017-03-03,2017-03-15,2017-03-28
0a3e6b6be2f7,2017-03-03,2017-03-15,2017-03-28
c6a47469f208,2017-03-20,2017-03-20,2017-03-28
c34377243dc6,2017-02-25,2017-03-15,2017-03-27
d2f72a5f693c,2017-02-22,2017-03-15,2017-03-24
6849453e3fef,2017-03-08,2017-03-15,2017-03-28
852ed3f95aec,2017-03-11,2017-03-15,2017-03-28
d735e5cc2036,2017-03-06,2017-03-15,2017-03-24
ae7c1c69cf38,2017-03-21,2017-03-21,2017-03-28
47ef235df6da,2017-03-03,2017-03-15,2017-03-28
e87edc9239cb,2017-03-13,2017-03-15,2017-03-27
15f2768eb24d,2017-02-17,2017-03-15,2017-03-19
1cd8e97d137f,2017-02-26,2017-03-15,2017-03-28
0888d17dcb7b,2017-03-23,2017-03-23,2017-03-28
3f86ff4823ce,2017-02-15,2017-03-15,2017-03-17
b6748c35a595,2017-03-03,2017-03-15,2017-03-28
3e995b18e682,2017-02-22,2017-03-15,2017-03-23
fc9228f158a4,2017-02-14,2017-03-15,2017-03-16
d2c75f2c7d14,2017-03-19,2017-03-19,2017-03-28
8244b9b69eb9,2017-03-25,2017-03-25,2017-03-28
6884a9fbedf6,2017-02-24,2017-03-15,2017-03-25
2fb6c172850f,2017-03-07,2017-03-15,2017-03-28
aa5c494d3f60,2017-03-06,2017-03-15,2017-03-28
4c159d1c1ee8,2017-03-10,2017-03-15,2017-03-28
087b713267bf,2017-02-28,2017-03-15,2017-03-28
50efe11b0517,2017-02-21,2017-03-15,2017-03-22
0df1fe9e844e,2017-02-14,2017-03-15,2017-03-16
050278f026c4,2017-02-19,2017-03-15,2017-03-21
1bed759b2e32,2017-02-18,2017-03-15,2017-03-20
517896dbeff8,2017-03-23,2017-03-23,2017-03-28
6f08d728e3ee,2017-03-19,2017-03-19,2017-03-28
d0db9ba5ef1c,2017-03-05,2017-03-15,2017-03-28
423ff9bfa96f,2017-03-07,2017-03-15,2017-03-28
1f1cf4189c72,2017-03-13,2017-03-15,2017-03-28
477bb24bce87,2017-03-17,2017-03-17,2017-03-28
ccab934bee15,2017-02-21,2017-03-15,2017-03-16
2ef2f88126f2,2017-02-15,2017-03-15,2017-03-16
cf899f5f99fc,2017-03-16,2017-03-16,2017-03-28
4ac4a37204c8,2017-03-11,2017-03-15,2017-03-28
3aed4c1e3e7a,2017-03-18,2017-03-18,2017-03-28
92373a405e05,2017-02-15,2017-03-15,2017-03-17
cfc3f68853d0,2017-02-25,2017-03-15,2017-03-27
44ae0f1d8dfa,2017-03-14,2017-03-15,2017-03-28
a1b6fce31588,2017-02-25,2017-03-15,2017-03-27
a0e1aa44c21e,2017-02-14,2017-03-15,2017-03-16
f90beb4ce68c,2017-02-14,2017-03-15,2017-03-16
d99a72d7711e,2017-03-12,2017-03-15,2017-03-28
d237cc118bef,2017-03-15,2017-03-15,2017-03-28
de491978afff,2017-03-12,2017-03-15,2017-03-24
0d1b031b2aac,2017-03-09,2017-03-15,2017-03-28
8847da4db70e,2017-02-17,2017-03-15,2017-03-19
7fc397eb37fd,2017-02-19,2017-03-15,2017-03-21
dfe0ff63446e,2017-03-09,2017-03-15,2017-03-28
f7dd6e359e50,2017-03-10,2017-03-15,2017-03-28
edfa69d35ccf,2017-02-25,2017-03-15,2017-03-25
61e3a2df778d,2017-02-17,2017-03-15,2017-03-19
72bd4efb67c6,2017-03-14,2017-03-15,2017-03-28
10aed3c6def1,2017-03-11,2017-03-15,2017-03-28
d6475cef3101,2017-02-15,2017-03-15,2017-03-17
90dbaac5a0fd,2017-03-27,2017-03-27,2017-03-28
aac804500c0f,2017-03-04,2017-03-15,2017-03-28
24bae26283ca,2017-02-15,2017-03-15,2017-03-17
4e99d3532c01,2017-03-24,2017-03-24,2017-03-28
23fe630bfaba,2017-03-08,2017-03-15,2017-03-28
252a8c82ae9b,2017-02-24,2017-03-15,2017-03-26
65310e195eff,2017-03-26,2017-03-26,2017-03-28
07c76f7ee6d0,2017-03-05,2017-03-15,2017-03-28
ee5c45705cff,2017-03-06,2017-03-15,2017-03-28
0f16bb371bbd,2017-03-22,2017-03-22,2017-03-28
45995da507ca,2017-03-05,2017-03-15,2017-03-28
dab1a481deac,2017-02-18,2017-03-15,2017-03-19
16e0f07013e5,2017-03-11,2017-03-15,2017-03-28
ddb92f391cb0,2017-03-12,2017-03-15,2017-03-28
2ad9954a8fe9,2017-02-17,2017-03-15,2017-03-19
249e81d2d23e,2017-03-07,2017-03-15,2017-03-28
31a8753e5ca6,2017-02-15,2017-03-15,2017-03-16
426f68da5a60,2017-02-23,2017-03-15,2017-03-24
b0eac8aef99c,2017-03-05,2017-03-15,2017-03-28
a6f775fdad5c,2017-02-25,2017-03-15,2017-03-27
821097afa582,2017-03-14,2017-03-15,2017-03-28
2ad866ba266e,2017-03-02,2017-03-15,2017-03-28
08aca1687afe,2017-02-23,2017-03-15,2017-03-25
212004008072,2017-03-12,2017-03-15,2017-03-28
db2524f41c21,2017-03-23,2017-03-23,2017-03-28
400d63bb126c,2017-03-03,2017-03-15,2017-03-28
3bfa394c0fa6,2017-03-13,2017-03-15,2017-03-28
7efe0c8d4599,2017-03-02,2017-03-15,2017-03-28
28a2ed196229,2017-03-15,2017-03-15,2017-03-28
e515b947d07f,2017-02-20,2017-03-15,2017-03-21
694fcc1a183f,2017-03-13,2017-03-15,2017-03-28
a7b0ccf901f8,2017-02-27,2017-03-15,2017-03-28
ed6319ee4bcf,2017-02-17,2017-03-15,2017-03-19
c3cb18a4f371,2017-03-07,2017-03-15,2017-03-28
139dd2fd9c66,2017-03-11,2017-03-15,2017-03-28
9d252078d1f5,2017-03-05,2017-03-15,2017-03-28
c9e7ce54c801,2017-02-23,2017-03-15,2017-03-25
b57f81c9631a,2017-03-10,2017-03-15,2017-03-28
d7f71d35c802,2017-02-28,2017-03-15,2017-03-28
eabcaa15c5b8,2017-03-28,2017-03-28,2017-03-28
117124f58e2f,2017-02-24,2017-03-15,2017-03-26
a8dc1fc41d9e,2017-02-17,2017-03-15,2017-03-19
3c47086d28ef,2017-03-09,2017-03-15,2017-03-28
00cefc304f7c,2017-03-28,2017-03-28,2017-03-28
ce48197484f6,2017-03-23,2017-03-23,2017-03-28
b56f03a99df5,2017-03-08,2017-03-15,2017-03-28
bed9fcb14606,2017-03-21,2017-03-21,2017-03-28
4ab67970b713,2017-02-14,2017-03-15,2017-03-16
704126c09cb3,2017-02-21,2017-03-15,2017-03-22
3c1fb10ec21d,2017-03-22,2017-03-22,2017-03-28
57270ebcaf10,2017-03-07,2017-03-15,2017-03-28
78c19076d7c0,2017-03-01,2017-03-15,2017-03-28
b296b2a01b3e,2017-03-19,2017-03-19,2017-03-24
e9386e8483ea,2017-03-06,2017-03-15,2017-03-28
8fe216a2f7a8,2017-03-27,2017-03-27,2017-03-28
94241802cde3,2017-02-23,2017-03-15,2017-03-25
2c65dc64b4f5,2017-03-24,2017-03-24,2017-03-28
7f07c9ba3976,2017-03-06,2017-03-15,2017-03-28
3227a37e701e,2017-03-18,2017-03-18,2017-03-28
2f57b560e285,2017-03-17,2017-03-17,2017-03-28
b30d4ff59b98,2017-02-23,2017-03-15,2017-03-24
44199b834b13,2017-03-25,2017-03-25,2017-03-28
3f0f6ecea987,2017-03-20,2017-03-20,2017-03-28
3f3b33144771,2017-02-13,2017-03-15,2017-03-15
02845b77a3cf,2017-03-02,2017-03-15,2017-03-28
9d0e59dfd1b2,2017-02-26,2017-03-15,2017-03-28
ab8ec185c30c,2017-02-28,2017-03-15,2017-03-17
f1cec2025549,2017-02-17,2017-03-15,2017-03-19
1ceab48dfa4e,2017-03-26,2017-03-26,2017-03-28
d995f20a71ae,2017-03-09,2017-03-15,2017-03-28
994751a94100,2017-03-20,2017-03-20,2017-03-28
7b19f05d3604,2017-02-17,2017-03-15,2017-03-19
bb162145ff8b,2017-03-21,2017-03-21,2017-03-28
19bf94beca56,2017-03-01,2017-03-15,2017-03-28
5a297cf35d07,2017-03-03,2017-03-15,2017-03-28
5ae25c213151,2017-02-26,2017-03-15,2017-03-28
36a3056833f1,2017-03-06,2017-03-15,2017-03-28
bdd6ce805b2f,2017-02-14,2017-03-15,2017-03-16
dd36492f1c80,2017-03-03,2017-03-15,2017-03-28
faa7ab21d284,2017-03-03,2017-03-15,2017-03-28
025c4ec2a2d1,2017-02-25,2017-03-15,2017-03-27
6d6f0aea8aa5,2017-03-26,2017-03-26,2017-03-28
0a4dbb67d121,2017-03-03,2017-03-15,2017-03-28
a949487dc950,2017-03-20,2017-03-20,2017-03-28
fd8f1fca0e36,2017-03-16,2017-03-16,2017-03-28
dcca98402241,2017-02-15,2017-03-15,2017-03-17
3e7d0ac2b6ea,2017-03-22,2017-03-22,2017-03-28
42fc5d8628b4,2017-02-28,2017-03-15,2017-03-28
90f7f2ab8661,2017-03-17,2017-03-17,2017-03-28
c59cbaf264aa,2017-03-02,2017-03-15,2017-03-28
17d64a7da617,2017-02-26,2017-03-15,2017-03-28
635688f0d181,2017-03-08,2017-03-15,2017-03-28
a78b67f1892e,2017-03-01,2017-03-15,2017-03-28
a9afd4c9a2b9,2017-03-18,2017-03-18,2017-03-21
12a9cf3af49e,2017-03-24,2017-03-24,2017-03-28
fed242e34d6a,2017-03-09,2017-03-15,2017-03-28
9cb43f162df5,2017-02-22,2017-03-15,2017-03-24
9ebd8f01380b,2017-03-06,2017-03-15,2017-03-28
a5266004fd19,2017-03-27,2017-03-27,2017-03-28
d1faa6fed8b4,2017-02-18,2017-03-15,2017-03-20
5d53442c9889,2017-03-23,2017-03-23,2017-03-28
963339b6ed0f,2017-03-14,2017-03-15,2017-03-28
87a382724b90,2017-03-26,2017-03-26,2017-03-28
0b073bf2fe5f,2017-03-04,2017-03-15,2017-03-28
1d34ed9810b6,2017-02-15,2017-03-15,2017-03-17
b844da2eea50,2017-02-18,2017-03-15,2017-03-19
47a00d438d0f,2017-03-05,2017-03-15,2017-03-28
b940ba6d0a75,2017-03-25,2017-03-25,2017-03-28
1a06dcae3c08,2017-03-15,2017-03-15,2017-03-28
c38322588fbc,2017-02-26,2017-03-15,2017-03-28
0b47c14ee842,2017-03-06,2017-03-15,2017-03-28
2b515b49fa6c,2017-03-03,2017-03-15,2017-03-28
f0e3f6e80fdc,2017-03-03,2017-03-15,2017-03-18
b30f81d84199,2017-03-02,2017-03-15,2017-03-28
94da03ba5e8e,2017-03-15,2017-03-15,2017-03-28
16d8c042db55,2017-02-20,2017-03-15,2017-03-22
f30231c1bb18,2017-02-27,2017-03-15,2017-03-28
ead1462322a4,2017-02-15,2017-03-15,2017-03-17
dd1103e816fe,2017-03-02,2017-03-15,2017-03-28
f55e737d90ba,2017-03-03,2017-03-15,2017-03-28
9212a5353a91,2017-03-03,2017-03-15,2017-03-28
4555900d6430,2017-02-16,2017-03-15,2017-03-17
51e3f700a85a,2017-03-09,2017-03-15,2017-03-28
7702900ac2fe,2017-03-15,2017-03-15,2017-03-28
f3367eb322b6,2017-03-24,2017-03-24,2017-03-28
df56b87e5522,2017-03-16,2017-03-16,2017-03-28
5867cb079956,2017-03-04,2017-03-15,2017-03-28
6c57b197ec0b,2017-03-13,2017-03-15,2017-03-20
286ba2081e87,2017-03-14,2017-03-15,2017-03-28
24e0847dc72e,2017-03-16,2017-03-16,2017-03-28
6b31655f20e7,2017-03-11,2017-03-15,2017-03-28
ce1b6ff15c1f,2017-03-19,2017-03-19,2017-03-28
ae8a8dc72a5c,2017-03-05,2017-03-15,2017-03-28
52be2b481c2d,2017-03-11,2017-03-15,2017-03-28
013a51f08ded,2017-03-11,2017-03-15,2017-03-28
eb66ebb0b997,2017-03-03,2017-03-15,2017-03-28
bbe860402037,2017-03-24,2017-03-24,2017-03-28
82e54f1a8cd0,2017-03-24,2017-03-24,2017-03-28
8398faf628f2,2017-02-27,2017-03-15,2017-03-28
c86fe65d61ca,2017-03-20,2017-03-20,2017-03-28
349f7a88c452,2017-03-20,2017-03-20,2017-03-28
b2eaf6b13a08,2017-03-13,2017-03-15,2017-03-28
cd9bd3818681,2017-02-28,2017-03-15,2017-03-28
ca02b57df9ba,2017-03-08,2017-03-15,2017-03-28
5aa4f013eb1e,2017-03-22,2017-03-22,2017-03-28
5f797cbaf759,2017-03-26,2017-03-26,2017-03-28
bdc7904d37a7,2017-02-25,2017-03-15,2017-03-26
fbae8028c98e,2017-03-13,2017-03-15,2017-03-28
7705c7276726,2017-02-21,2017-03-15,2017-03-23
d4a483cdc4be,2017-03-12,2017-03-15,2017-03-28
62d4ac1153b9,2017-02-19,2017-03-15,2017-03-21
4a42ef639ce4,2017-03-18,2017-03-18,2017-03-28
c4c1e1cde26e,2017-03-19,2017-03-19,2017-03-28
6530988c493d,2017-03-25,2017-03-25,2017-03-28
589410dabca5,2017-03-16,2017-03-16,2017-03-28
7ad13f03f90c,2017-02-19,2017-03-15,2017-03-21
90b0be5b26f5,2017-02-14,2017-03-15,2017-03-16
a0a7e97ebd52,2017-02-19,2017-03-15,2017-03-20
69b250ac69f2,2017-03-10,2017-03-15,2017-03-28
12c69b01389e,2017-02-14,2017-03-15,2017-03-16
ad65e545f1e6,2017-02-23,2017-03-15,2017-03-25
9dc2231ead98,2017-02-15,2017-03-15,2017-03-17
2e8fd5b7f5ff,2017-02-14,2017-03-15,2017-03-16
d71c7d71cf64,2017-03-28,2017-03-28,2017-03-28
c4b3a8635bd0,2017-03-16,2017-03-16,2017-03-28
13f1a4258ee4,2017-03-23,2017-03-23,2017-03-28
8c446b30819a,2017-03-11,2017-03-15,2017-03-28
212f22982926,2017-02-26,2017-03-15,2017-03-27
6b4e252c9d2c,2017-03-11,2017-03-15,2017-03-28
54fe4c5ec719,2017-03-15,2017-03-15,2017-03-16
f3fd13e8faf4,2017-03-22,2017-03-22,2017-03-28
be0c0f349c47,2017-02-25,2017-03-15,2017-03-27
32ca1e65c694,2017-02-18,2017-03-15,2017-03-20
4288cd4c989c,2017-02-23,2017-03-15,2017-03-25
0d926fe71b3e,2017-02-27,2017-03-15,2017-03-28
b9885143449a,2017-03-20,2017-03-20,2017-03-28
089cac17f373,2017-03-19,2017-03-19,2017-03-28
4187a9ba23a3,2017-03-15,2017-03-15,2017-03-28
6dba62791b49,2017-02-23,2017-03-15,2017-03-25
37354b6f7d4f,2017-02-14,2017-03-15,2017-03-16
1dcb8bcbb712,2017-02-13,2017-03-15,2017-03-15
735cf4aee390,2017-03-10,2017-03-15,2017-03-28
47f1994f822b,2017-03-13,2017-03-15,2017-03-28
128f31a5537f,2017-02-25,2017-03-15,2017-03-26
d13a4004f284,2017-03-28,2017-03-28,2017-03-28
28ae0397fb8d,2017-03-26,2017-03-26,2017-03-27
b70a2e4042b5,2017-02-17,2017-03-15,2017-03-16
6cc6016b824c,2017-03-23,2017-03-23,2017-03-28
f743f1c6bc89,2017-02-20,2017-03-15,2017-03-21
9883bbce7f64,2017-02-21,2017-03-15,2017-03-23
ab3ebe7855a7,2017-02-27,2017-03-15,2017-03-28
80216653e623,2017-03-13,2017-03-15,2017-03-28
aa8f16334953,2017-02-22,2017-03-15,2017-03-22
2c14932ca4ef,2017-02-16,2017-03-15,2017-03-18
eb23c9a2750b,2017-03-11,2017-03-15,2017-03-22
3d3a2b9b3209,2017-02-21,2017-03-15,2017-03-23
2c6b43db4f61,2017-03-21,2017-03-21,2017-03-27
278dd99403a7,2017-03-19,2017-03-19,2017-03-28
d68326388d38,2017-03-22,2017-03-22,2017-03-28
cbfec7e96e1f,2017-03-23,2017-03-23,2017-03-28
44a01b1ab469,2017-03-01,2017-03-15,2017-03-28
c2613ad2a159,2017-03-13,2017-03-15,2017-03-28
20ab0630783e,2017-03-25,2017-03-25,2017-03-28
7488925825a1,2017-03-17,2017-03-17,2017-03-28
d7e0df138c7d,2017-02-17,2017-03-15,2017-03-19
39715b201547,2017-02-23,2017-03-15,2017-03-25
8569ca9c5f3a,2017-02-18,2017-03-15,2017-03-20
f350b189378d,2017-03-10,2017-03-15,2017-03-16
3699f317c110,2017-03-03,2017-03-15,2017-03-28
364794abb1b6,2017-02-26,2017-03-15,2017-03-28
e4959612a7bf,2017-02-18,2017-03-15,2017-03-20
02d0fc49e912,2017-02-23,2017-03-15,2017-03-25
3cdac2c3bd85,2017-03-15,2017-03-15,2017-03-28
e2bee9514ed8,2017-02-15,2017-03-15,2017-03-17
ece284954f52,2017-03-01,2017-03-15,2017-03-28
5e668f65bab9,2017-02-26,2017-03-15,2017-03-28
9c6fe396f0b5,2017-03-22,2017-03-22,2017-03-28
da261f913a6d,2017-03-01,2017-03-15,2017-03-28
bdacd81367ac,2017-02-19,2017-03-15,2017-03-20
638214afd6e2,2017-03-21,2017-03-21,2017-03-28
abcf2a3209a4,2017-02-15,2017-03-15,2017-03-17
741bdc3fd2d4,2017-03-15,2017-03-15,2017-03-22
8727c6b72cfb,2017-03-05,2017-03-15,2017-03-22
c202cbfb028f,2017-03-04,2017-03-15,2017-03-28
f14640c7107c,2017-03-09,2017-03-15,2017-03-28
20e553832e08,2017-03-22,2017-03-22,2017-03-28
7d921d8f9818,2017-03-06,2017-03-15,2017-03-28
ab4c6379a612,2017-03-01,2017-03-15,2017-03-28
5c5f07dfce7a,2017-02-17,2017-03-15,2017-03-19
4703440844f9,2017-02-19,2017-03-15,2017-03-20
1a89fca47013,2017-03-10,2017-03-15,2017-03-28
c74789748cfa,2017-03-16,2017-03-16,2017-03-28
2b9fd5151bcc,2017-02-21,2017-03-15,2017-03-22
39c03ef88428,2017-03-10,2017-03-15,2017-03-28
4a96edbcc349,2017-03-10,2017-03-15,2017-03-28
a890ab3571c3,2017-03-17,2017-03-17,2017-03-20
c80cb0c11b59,2017-03-13,2017-03-15,2017-03-28
ae9d8d1b7f17,2017-02-20,2017-03-15,2017-03-22
3d8a2935a964,2017-02-17,2017-03-15,2017-03-19
cdb563c574fb,2017-03-22,2017-03-22,2017-03-28
3b83051f8ed9,2017-03-11,2017-03-15,2017-03-28
b1f4d5098844,2017-02-25,2017-03-15,2017-03-27
1a0880ce5642,2017-03-14,2017-03-15,2017-03-28
8d003283551f,2017-02-19,2017-03-15,2017-03-21
d79f5c699568,2017-03-23,2017-03-23,2017-03-28
7f750a1a23ea,2017-03-20,2017-03-20,2017-03-28
267013fb6c83,2017-03-07,2017-03-15,2017-03-28
0d50187e27f1,2017-03-18,2017-03-18,2017-03-28
b6c27c7015d8,2017-03-02,2017-03-15,2017-03-28
9ca87bd438fa,2017-03-18,2017-03-18,2017-03-28
8fe002abfc7c,2017-03-24,2017-03-24,2017-03-28
24f820a5e565,2017-02-28,2017-03-15,2017-03-28
38a811f19e62,2017-03-09,2017-03-15,2017-03-28
ef23729f05e0,2017-02-21,2017-03-15,2017-03-23
3477314d93bf,2017-03-13,2017-03-15,2017-03-21
2327d0bd5402,2017-03-24,2017-03-24,2017-03-28
f4ba7629055a,2017-03-07,2017-03-15,2017-03-28
5de3500460a3,2017-02-24,2017-03-15,2017-03-26
d6077eb0ee39,2017-03-10,2017-03-15,2017-03-28
aead7913b4da,2017-03-21,2017-03-21,2017-03-28
9a865214ebb0,2017-03-13,2017-03-15,2017-03-28
b6d4fd40e308,2017-03-13,2017-03-15,2017-03-28
acd2408068df,2017-02-20,2017-03-15,2017-03-21
bacb8cb2394e,2017-02-23,2017-03-15,2017-03-24
889f4b57c51c,2017-03-28,2017-03-28,2017-03-28
bd42603c8f6a,2017-03-19,2017-03-19,2017-03-28
43f66845608d,2017-03-24,2017-03-24,2017-03-28
b85d58e81b4d,2017-02-18,2017-03-15,2017-03-20
c4f05296f5ce,2017-03-06,2017-03-15,2017-03-28
c382832d5964,2017-03-16,2017-03-17,2017-03-28
0064a73a8534,2017-03-16,2017-03-16,2017-03-28
64fd01f09e5c,2017-03-16,2017-03-16,2017-03-28
05e97a10afb5,2017-02-19,2017-03-15,2017-03-21
a69f4136c81e,2017-03-19,2017-03-19,2017-03-28
de91df66119e,2017-02-20,2017-03-15,2017-03-21
4d504a691f47,2017-03-17,2017-03-17,2017-03-28
e1b435cb8bf5,2017-03-21,2017-03-21,2017-03-28
4520f6754b67,2017-03-26,2017-03-26,2017-03-28
500fa65a8258,2017-03-18,2017-03-18,2017-03-28
3c051afe8352,2017-02-19,2017-03-15,2017-03-21
920b7f67164e,2017-02-24,2017-03-15,2017-03-26
0d630335e654,2017-03-04,2017-03-15,2017-03-28
52db503d9b29,2017-03-14,2017-03-15,2017-03-28
bf1d0a15cd99,2017-03-04,2017-03-15,2017-03-28
b2cf4e7c140c,2017-03-05,2017-03-15,2017-03-28
dbcd68b44556,2017-03-15,2017-03-15,2017-03-23
540c45fa581e,2017-02-18,2017-03-15,2017-03-20
b81c4e977ae8,2017-02-20,2017-03-15,2017-03-22
2e4d2e0203ca,2017-02-17,2017-03-15,2017-03-19
6d4d8260efd3,2017-03-10,2017-03-15,2017-03-15
60cb86fc61c2,2017-03-19,2017-03-19,2017-03-28
140fbe9448e2,2017-02-19,2017-03-15,2017-03-21
658490a443c2,2017-03-18,2017-03-18,2017-03-28
780472eac5c9,2017-03-26,2017-03-26,2017-03-27
b255c9a9bf75,2017-03-10,2017-03-15,2017-03-28
84f17756821c,2017-03-10,2017-03-15,2017-03-28
f2c5eff81991,2017-02-18,2017-03-15,2017-03-20
0938bdf7d3df,2017-02-21,2017-03-15,2017-03-22
7e3fffbf3084,2017-03-15,2017-03-23,2017-03-26
cb15d57d839c,2017-02-27,2017-03-15,2017-03-28
30f4afb177df,2017-03-13,2017-03-15,2017-03-28
95412a3c86e2,2017-02-20,2017-03-15,2017-03-22
ec9e14bfdbd4,2017-03-23,2017-03-23,2017-03-28
5ee4ff9115fd,2017-03-19,2017-03-19,2017-03-28
ba49f989cf5f,2017-02-17,2017-03-15,2017-03-18
cfb707fc13aa,2017-02-15,2017-03-15,2017-03-16
4ec00d507b68,2017-03-09,2017-03-15,2017-03-28
f49e2f05448d,2017-03-18,2017-03-18,2017-03-28
7581e27b1d8c,2017-03-10,2017-03-15,2017-03-28
275b727ff4a3,2017-03-06,2017-03-15,2017-03-28
f4e5c642f7e8,2017-02-20,2017-03-15,2017-03-22
a8f6a6400cde,2017-02-20,2017-03-15,2017-03-22
0c353ee6c2a5,2017-03-17,2017-03-17,2017-03-28
1816a0aa122f,2017-02-24,2017-03-15,2017-03-26
1250d5553a2a,2017-03-26,2017-03-26,2017-03-28
bc701fcf94d9,2017-03-23,2017-03-23,2017-03-28
2b5e3f698853,2017-03-21,2017-03-21,2017-03-28
6c24ddabb6a4,2017-03-10,2017-03-15,2017-03-28
d6f368d0f68e,2017-03-05,2017-03-15,2017-03-28
19c916d042dd,2017-03-14,2017-03-15,2017-03-28
e0a223ba8ad9,2017-03-05,2017-03-15,2017-03-28
ee0d9fed9939,2017-02-16,2017-03-15,2017-03-17
a01f164bb162,2017-03-25,2017-03-25,2017-03-28
6ce2778fe058,2017-03-16,2017-03-16,2017-03-16
267bf1346572,2017-02-18,2017-03-15,2017-03-20
c16ae1679d91,2017-03-22,2017-03-22,2017-03-28
8dc530fbd565,2017-03-12,2017-03-15,2017-03-28
60a60a63d421,2017-03-20,2017-03-20,2017-03-28
c01794a3091b,2017-03-02,2017-03-15,2017-03-28
aa825c30fd05,2017-03-28,2017-03-28,2017-03-28
d0a9a1e70783,2017-02-15,2017-03-15,2017-03-16
845f1c466464,2017-03-10,2017-03-15,2017-03-28
e86ab11d5e49,2017-02-13,2017-03-15,2017-03-15
1537d710d98f,2017-02-21,2017-03-15,2017-03-23
8b3d2456a23f,2017-02-18,2017-03-15,2017-03-20
afb013ca84b3,2017-03-01,2017-03-15,2017-03-23
79e87893e0c4,2017-03-21,2017-03-21,2017-03-28
91c754c96f4b,2017-03-06,2017-03-15,2017-03-28
ffc7f3a69dad,2017-03-16,2017-03-16,2017-03-28
a0badb722735,2017-03-20,2017-03-20,2017-03-28
f94f184f123b,2017-02-23,2017-03-15,2017-03-25
a80ceb25ef59,2017-03-14,2017-03-15,2017-03-28
4fb85de035d6,2017-03-10,2017-03-15,2017-03-28
8dce60ae7a03,2017-03-04,2017-03-15,2017-03-28
596f36ffe3e5,2017-03-13,2017-03-15,2017-03-28
cc95db403247,2017-03-20,2017-03-20,2017-03-28
6d28d6e5e0da,2017-03-25,2017-03-25,2017-03-28
f1ce994a24d5,2017-02-21,2017-03-15,2017-03-23
fc5573fe76c0,2017-03-12,2017-03-15,2017-03-28
891e8e3f482d,2017-03-21,2017-03-21,2017-03-28
994a7a4ba1c3,2017-03-27,2017-03-27,2017-03-28
f437a017462b,2017-03-24,2017-03-24,2017-03-28
f75b700f8324,2017-03-11,2017-03-15,2017-03-28
99fd1bdc2ad2,2017-03-09,2017-03-15,2017-03-28
9fac185dffac,2017-02-25,2017-03-15,2017-03-26
7553327b91aa,2017-03-17,2017-03-17,2017-03-21
2e54b51b7138,2017-03-05,2017-03-15,2017-03-28
34c7aa764041,2017-03-25,2017-03-25,2017-03-28
2128df7157e2,2017-03-15,2017-03-15,2017-03-28
05e62d9bf5bd,2017-02-19,2017-03-15,2017-03-21
7d0242e374a6,2017-02-13,2017-03-15,2017-03-15
a141c4d6d639,2017-02-28,2017-03-15,2017-03-28
6cd322990462,2017-03-10,2017-03-15,2017-03-28
ad9adce9294f,2017-03-19,2017-03-19,2017-03-28
354c01b71593,2017-03-13,2017-03-15,2017-03-28
122ee968cec2,2017-03-06,2017-03-15,2017-03-28
12b2555aafad,2017-03-15,2017-03-15,2017-03-28
1f24ae3235b8,2017-03-05,2017-03-15,2017-03-28
ee0d3a7c1651,2017-02-24,2017-03-15,2017-03-26
7786515e7c49,2017-03-01,2017-03-15,2017-03-28
797b6c325ed5,2017-02-25,2017-03-15,2017-03-24
13a95eee9799,2017-02-19,2017-03-15,2017-03-20
377c1a4ecf87,2017-02-25,2017-03-15,2017-03-20
f80b7c8e2486,2017-03-25,2017-03-25,2017-03-28
f2dc46b3afae,2017-02-27,2017-03-15,2017-03-28
3ce795d7d5f6,2017-03-13,2017-03-15,2017-03-20
869806b54caf,2017-03-08,2017-03-15,2017-03-28
71049b5cb765,2017-02-17,2017-03-15,2017-03-18
41fbf894ab01,2017-03-17,2017-03-17,2017-03-28
a6595d2b9209,2017-02-24,2017-03-15,2017-03-26
ca550468929f,2017-02-15,2017-03-15,2017-03-17
b29a9c286588,2017-03-14,2017-03-15,2017-03-28
0a54a1751421,2017-03-08,2017-03-15,2017-03-28
b535c59d67f7,2017-03-12,2017-03-15,2017-03-28
e6e121dd7522,2017-03-01,2017-03-15,2017-03-28
2862b5d3ec3f,2017-02-23,2017-03-15,2017-03-25
f504e4451f41,2017-03-08,2017-03-15,2017-03-17
5a45b06e94eb,2017-03-22,2017-03-22,2017-03-23
ab06698f5b4c,2017-03-05,2017-03-15,2017-03-28
2069cdf0cd3d,2017-03-24,2017-03-24,2017-03-28
e4cba822b9a5,2017-03-13,2017-03-15,2017-03-28
f0e3e273e501,2017-03-06,2017-03-15,2017-03-28
1dda1102d740,2017-02-18,2017-03-15,2017-03-20
292ad1dd5135,2017-03-16,2017-03-16,2017-03-28
cbdb05a18157,2017-02-15,2017-03-15,2017-03-17
ed1f36b3a6fc,2017-03-21,2017-03-21,2017-03-28
db49145a511b,2017-03-24,2017-03-24,2017-03-28
38d691c83ef5,2017-03-14,2017-03-15,2017-03-28
6a9b57a8184f,2017-02-27,2017-03-15,2017-03-28
53cbeeb999d5,2017-03-24,2017-03-24,2017-03-28
be5d3914137d,2017-02-25,2017-03-15,2017-03-26
2573c45b1a6b,2017-02-17,2017-03-15,2017-03-18
68fbd91644b8,2017-02-27,2017-03-15,2017-03-18
85aaa0c8d4ac,2017-03-14,2017-03-15,2017-03-18
bd917974f934,2017-03-26,2017-03-26,2017-03-28
b8847566638f,2017-03-07,2017-03-15,2017-03-28
42a6cec815a4,2017-02-23,2017-03-15,2017-03-25
3b6c9b0499a3,2017-03-14,2017-03-15,2017-03-28
984eb893dba0,2017-03-28,2017-03-28,2017-03-28
db87d714a3f1,2017-02-13,2017-03-15,2017-03-15
3cae178b57d5,2017-03-15,2017-03-15,2017-03-28
9f207bc5e66c,2017-02-15,2017-03-15,2017-03-17
c39fc455cc94,2017-02-28,2017-03-15,2017-03-28
27de3e714af5,2017-03-13,2017-03-15,2017-03-28
8d79e68e7438,2017-03-28,2017-03-28,2017-03-28
389898d80f52,2017-03-17,2017-03-17,2017-03-28
eae4e77e902a,2017-03-27,2017-03-27,2017-03-28
ff3f603b223f,2017-03-25,2017-03-25,2017-03-28
9f5917831b42,2017-03-24,2017-03-24,2017-03-28
b80483954f6b,2017-03-06,2017-03-15,2017-03-28
05b8ade8c092,2017-02-14,2017-03-15,2017-03-15
2453610b68f0,2017-03-08,2017-03-15,2017-03-28
227adc43c2c8,2017-03-21,2017-03-21,2017-03-28
8978689e5f57,2017-02-26,2017-03-15,2017-03-28
2f0d669d6d1b,2017-03-11,2017-03-15,2017-03-28
08b2b185d7f9,2017-02-28,2017-03-15,2017-03-28
6901d0389b39,2017-02-18,2017-03-15,2017-03-20
84f0b32b10f6,2017-03-01,2017-03-15,2017-03-28
f28c09ddc922,2017-03-26,2017-03-26,2017-03-28
8f8882a7babb,2017-02-26,2017-03-15,2017-03-27
afd22425c4a0,2017-02-26,2017-03-15,2017-03-28
3333f7025b88,2017-02-27,2017-03-15,2017-03-28
c863e0d8e665,2017-02-24,2017-03-15,2017-03-25
1de22134009c,2017-03-09,2017-03-15,2017-03-28
9aaca2208fe9,2017-03-17,2017-03-17,2017-03-23
c7dc261e4d57,2017-02-21,2017-03-15,2017-03-23
d34583e98c69,2017-03-02,2017-03-15,2017-03-28
e4f2cc7986cf,2017-03-23,2017-03-23,2017-03-28
dee6c68c79a1,2017-03-04,2017-03-15,2017-03-28
d24d410ef27d,2017-03-13,2017-03-15,2017-03-21
8d7e3ae1679a,2017-03-25,2017-03-25,2017-03-28
55000d8dba21,2017-02-20,2017-03-15,2017-03-21
7b76f35ba85b,2017-03-03,2017-03-15,2017-03-28
9254747b38f6,2017-02-24,2017-03-15,2017-03-25
ae7e143ee659,2017-03-21,2017-03-21,2017-03-28
5a902b05ae61,2017-03-19,2017-03-19,2017-03-24
eda82a872817,2017-03-06,2017-03-15,2017-03-16
df85216a64ce,2017-03-17,2017-03-17,2017-03-28
2d11cfdfe1a1,2017-02-24,2017-03-15,2017-03-26
f76b5017359c,2017-03-03,2017-03-15,2017-03-28
7cb36f0bad16,2017-03-08,2017-03-15,2017-03-28
c9a571d1e8db,2017-02-24,2017-03-15,2017-03-26
63418a038b66,2017-03-20,2017-03-20,2017-03-28
64140f21b260,2017-03-07,2017-03-15,2017-03-28
3030ed772d19,2017-03-12,2017-03-15,2017-03-28
4d78a5a07bd4,2017-03-02,2017-03-15,2017-03-28
bf467dd6ac16,2017-03-10,2017-03-15,2017-03-28
4ee0eb4fd582,2017-02-16,2017-03-15,2017-03-18
59c8dd89c310,2017-03-26,2017-03-26,2017-03-28
3e4656feac90,2017-03-02,2017-03-15,2017-03-28
28391d85eb71,2017-03-18,2017-03-18,2017-03-28
96b9540d4e5d,2017-03-06,2017-03-15,2017-03-28
27cfe4f3e715,2017-03-10,2017-03-15,2017-03-28
825bebad5b3e,2017-02-14,2017-03-15,2017-03-16
857d4e91fc3a,2017-03-05,2017-03-15,2017-03-28
0c0960d710e8,2017-03-06,2017-03-15,2017-03-28
79ea2f424edf,2017-03-06,2017-03-15,2017-03-28
b49a1e470146,2017-02-20,2017-03-15,2017-03-22
b518f8c033ec,2017-02-23,2017-03-15,2017-03-25
36b4635b1622,2017-02-24,2017-03-15,2017-03-26
93c779d9f609,2017-02-19,2017-03-15,2017-03-21
fde32423ada5,2017-03-07,2017-03-15,2017-03-28
57d7fb57a4e6,2017-02-21,2017-03-15,2017-03-23
6458f400fad0,2017-02-16,2017-03-15,2017-03-18
e13e1ab10860,2017-02-27,2017-03-15,2017-03-28
fc6b688a2a20,2017-02-15,2017-03-15,2017-03-17
d5addc0eef3b,2017-03-15,2017-03-15,2017-03-28
7b023f681425,2017-03-05,2017-03-15,2017-03-28
369212b28030,2017-03-23,2017-03-23,2017-03-28
4d2bb74ff349,2017-03-09,2017-03-15,2017-03-28
6244fa15cd01,2017-02-21,2017-03-15,2017-03-22
1f4d8f65a72d,2017-03-21,2017-03-21,2017-03-28
900d02c59c91,2017-03-06,2017-03-15,2017-03-28
237b555a1321,2017-03-22,2017-03-22,2017-03-28
8d7cbe625b47,2017-02-17,2017-03-15,2017-03-19
340c229b6c62,2017-02-14,2017-03-15,2017-03-16
642c955bcba0,2017-03-21,2017-03-21,2017-03-24
16ffa48b3ad4,2017-03-04,2017-03-15,2017-03-28
caf487e50607,2017-02-14,2017-03-15,2017-03-16
9b28fa117c7a,2017-03-28,2017-03-28,2017-03-28
0cb463acb4fc,2017-02-17,2017-03-15,2017-03-19
38ece53e50db,2017-03-09,2017-03-15,2017-03-28
c8a32de99886,2017-02-21,2017-03-15,2017-03-23
3890dbfc715a,2017-03-17,2017-03-17,2017-03-22
384b499c8690,2017-03-07,2017-03-15,2017-03-28
ea0eb2665c24,2017-03-20,2017-03-20,2017-03-23
622339725e2c,2017-02-13,2017-03-15,2017-03-15
a13efb2bf863,2017-02-24,2017-03-15,2017-03-26
350d2306b3e5,2017-02-20,2017-03-15,2017-03-22
e75a3d5ed659,2017-03-01,2017-03-15,2017-03-25
53245924e9c1,2017-03-14,2017-03-15,2017-03-16
da6aa22f717e,2017-03-08,2017-03-15,2017-03-21
77482c7c4226,2017-03-01,2017-03-15,2017-03-28
9812a501dff0,2017-02-16,2017-03-15,2017-03-18
4c7f7ed499c7,2017-03-02,2017-03-15,2017-03-28
ddec6a4d88e2,2017-03-09,2017-03-15,2017-03-28
8dbcad9955c6,2017-02-16,2017-03-15,2017-03-18
3a6e7865ca81,2017-03-17,2017-03-17,2017-03-28
9f781f601299,2017-02-19,2017-03-15,2017-03-21
df6da90948b1,2017-02-18,2017-03-15,2017-03-19
934666621de8,2017-03-10,2017-03-15,2017-03-28
0758a7ab553c,2017-03-02,2017-03-15,2017-03-28
6d647ada9889,2017-02-18,2017-03-15,2017-03-19
31fcf2e4e52e,2017-02-22,2017-03-15,2017-03-24
cec4a38d4d22,2017-02-16,2017-03-15,2017-03-18
610021b96a6a,2017-03-10,2017-03-15,2017-03-28
da85407f3c64,2017-03-19,2017-03-19,2017-03-28
5608fb4e7186,2017-02-25,2017-03-15,2017-03-27
d7d962445e57,2017-03-19,2017-03-19,2017-03-28
65208664dd78,2017-03-05,2017-03-15,2017-03-28
c9e75eca3852,2017-03-19,2017-03-19,2017-03-28
5858cd236f7e,2017-03-08,2017-03-15,2017-03-28
f229d63729bf,2017-02-15,2017-03-15,2017-03-17
ca8cc52c52da,2017-03-02,2017-03-15,2017-03-28
c494c88f5e69,2017-03-20,2017-03-20,2017-03-28
1432bffe0c58,2017-02-22,2017-03-15,2017-03-21
4f9dc834b5c8,2017-03-05,2017-03-15,2017-03-28
a6431ce9fc73,2017-03-06,2017-03-15,2017-03-28
028c1d47a1fc,2017-02-28,2017-03-15,2017-03-28
6d2263ecda65,2017-02-19,2017-03-15,2017-03-21
67809a16de7a,2017-02-28,2017-03-15,2017-03-28
dcfb8361064c,2017-03-06,2017-03-15,2017-03-27
16033f064f24,2017-03-28,2017-03-28,2017-03-28
da1da1d91e68,2017-03-08,2017-03-15,2017-03-27
375ff146f957,2017-03-02,2017-03-15,2017-03-28
90ee5a60d95d,2017-02-16,2017-03-15,2017-03-18
8e2ff7326df8,2017-03-23,2017-03-23,2017-03-28
7ed68c796cf1,2017-03-13,2017-03-15,2017-03-28
de724397cfa6,2017-02-26,2017-03-15,2017-03-28
139bfe0b3b8a,2017-02-19,2017-03-15,2017-03-20
28ae9070e3ba,2017-02-22,2017-03-15,2017-03-24
d5be014b1e89,2017-02-28,2017-03-15,2017-03-28
d14bd8744558,2017-03-18,2017-03-18,2017-03-28
6cc58769c66f,2017-02-17,2017-03-15,2017-03-18
46356891de4b,2017-03-11,2017-03-15,2017-03-28
135acaf23cf8,2017-03-06,2017-03-15,2017-03-28
da067b4a6872,2017-03-12,2017-03-15,2017-03-28
8f5b1082eac3,2017-03-17,2017-03-17,2017-03-28
8e1c7a64c023,2017-02-18,2017-03-15,2017-03-20
e3b917178c34,2017-03-06,2017-03-15,2017-03-28
aea30c961edf,2017-02-26,2017-03-15,2017-03-27
447ae1130049,2017-03-24,2017-03-24,2017-03-28
6e1813295ebb,2017-02-21,2017-03-15,2017-03-23
9934d5a4502e,2017-02-28,2017-03-15,2017-03-18
b2a4d9340e7c,2017-02-13,2017-03-15,2017-03-15
3b0c44fef792,2017-03-20,2017-03-20,2017-03-28
62d56638ab61,2017-03-04,2017-03-15,2017-03-28
0a232e33f67b,2017-03-03,2017-03-15,2017-03-28
ae94b594ed4f,2017-02-25,2017-03-15,2017-03-26
33d8122adff1,2017-03-02,2017-03-15,2017-03-28
0c1655ca919b,2017-03-06,2017-03-15,2017-03-28
f3cf0b620e5d,2017-03-12,2017-03-15,2017-03-28
4a7e6bb862fe,2017-03-06,2017-03-15,2017-03-28
6c7866400556,2017-03-24,2017-03-24,2017-03-28
fbf8cf096e82,2017-03-01,2017-03-15,2017-03-28
4674c403b289,2017-03-13,2017-03-15,2017-03-28
e1b55e34fc3e,2017-03-24,2017-03-24,2017-03-28
aa53a1e2af2d,2017-02-27,2017-03-15,2017-03-28
bdc982977003,2017-02-18,2017-03-15,2017-03-16
30f9c43faf28,2017-03-07,2017-03-15,2017-03-28
5d020e8f06cb,2017-03-23,2017-03-23,2017-03-28
b9b322f39c56,2017-02-25,2017-03-15,2017-03-27
99b4e9489dd9,2017-03-07,2017-03-15,2017-03-28
2c92e395770d,2017-03-13,2017-03-15,2017-03-28
a5aaa853775d,2017-03-09,2017-03-15,2017-03-28
b4e59847a27b,2017-03-12,2017-03-15,2017-03-28
248662a49192,2017-03-07,2017-03-15,2017-03-28
86480691558a,2017-03-07,2017-03-15,2017-03-28
9c2fd0e36023,2017-02-20,2017-03-15,2017-03-21
5a7e0d8c4028,2017-03-19,2017-03-19,2017-03-28
39993503d137,2017-03-02,2017-03-15,2017-03-27
1b812f43c4a0,2017-03-01,2017-03-15,2017-03-28
59586080baf6,2017-03-08,2017-03-15,2017-03-28
d26e620d029a,2017-02-21,2017-03-15,2017-03-23
e6baabee651a,2017-03-12,2017-03-15,2017-03-28
af75f65e0731,2017-02-14,2017-03-15,2017-03-15
dc5e45b8e02e,2017-02-28,2017-03-15,2017-03-18
5cfcff597d40,2017-02-26,2017-03-15,2017-03-27
195818d04069,2017-03-14,2017-03-15,2017-03-28
e8afd7988840,2017-03-27,2017-03-27,2017-03-28
63d47ce75621,2017-03-03,2017-03-15,2017-03-28
bdc67f092447,2017-03-14,2017-03-15,2017-03-28
8d88124bf540,2017-02-20,2017-03-15,2017-03-22
7b8758bd70d8,2017-03-13,2017-03-15,2017-03-28
b8ebe0d30482,2017-03-26,2017-03-26,2017-03-28
32ced85e6be4,2017-03-03,2017-03-15,2017-03-28
c3482eed3f11,2017-02-24,2017-03-15,2017-03-24
136aaf2fff8b,2017-03-22,2017-03-22,2017-03-28
cc607d7aa622,2017-02-13,2017-03-15,2017-03-15
41f54c8ae676,2017-02-19,2017-03-15,2017-03-21
0c6720948a9d,2017-03-22,2017-03-22,2017-03-28
a069b4e17fe8,2017-02-27,2017-03-15,2017-03-28
11441edc688f,2017-02-20,2017-03-15,2017-03-22
84cecd0bbf22,2017-03-15,2017-03-15,2017-03-28
bbb9b9aa96de,2017-03-13,2017-03-15,2017-03-28
ec79e0df6666,2017-03-02,2017-03-15,2017-03-28
fd13911697fc,2017-02-24,2017-03-15,2017-03-25
0f8bdcfac3c8,2017-02-25,2017-03-15,2017-03-27
e89601c8662d,2017-03-12,2017-03-15,2017-03-21
55172345cc38,2017-03-11,2017-03-15,2017-03-28
4c04a33859cb,2017-02-26,2017-03-15,2017-03-28
8509d48eb832,2017-02-22,2017-03-15,2017-03-24
5402b9cca15a,2017-02-23,2017-03-15,2017-03-25
0bf65acd68cf,2017-02-25,2017-03-15,2017-03-27
3d604ffe1505,2017-03-16,2017-03-16,2017-03-28
bfc6340023b7,2017-02-27,2017-03-15,2017-03-28
96fffb406f25,2017-02-15,2017-03-15,2017-03-17
de07bb40ae2f,2017-03-09,2017-03-15,2017-03-28
f357e79e5582,2017-02-16,2017-03-15,2017-03-16
f1da18c62263,2017-03-19,2017-03-19,2017-03-28
64f20f72b37b,2017-03-15,2017-03-15,2017-03-22
fd1cd3ca8a83,2017-03-05,2017-03-15,2017-03-28
b296f791b52e,2017-03-16,2017-03-16,2017-03-28
b6344fcb2070,2017-02-14,2017-03-15,2017-03-16
9b0f76f51a84,2017-03-23,2017-03-23,2017-03-28
97f23e7940e9,2017-03-14,2017-03-15,2017-03-28
40e992a685e4,2017-03-23,2017-03-23,2017-03-28
51e78d66dbee,2017-02-18,2017-03-15,2017-03-17
92d398101b97,2017-03-09,2017-03-15,2017-03-28
7c03f0674c26,2017-02-16,2017-03-15,2017-03-18
882e2700b84d,2017-03-20,2017-03-20,2017-03-28
27c11a6331a4,2017-03-17,2017-03-17,2017-03-28
ef97ec1e1b03,2017-03-20,2017-03-20,2017-03-28
132d08f439ee,2017-03-09,2017-03-15,2017-03-28
ba16c0fe709c,2017-02-27,2017-03-15,2017-03-28
9c87b7e7cd7c,2017-03-17,2017-03-17,2017-03-28
bb2f92a543df,2017-03-18,2017-03-18,2017-03-28
ab0e9229689f,2017-03-16,2017-03-16,2017-03-28
f63f5b8e7778,2017-02-17,2017-03-15,2017-03-19
9a86832d7545,2017-02-28,2017-03-15,2017-03-28
23146347a35b,2017-02-13,2017-03-15,2017-03-15
965de06279e1,2017-03-01,2017-03-15,2017-03-28
963bfe42531d,2017-03-05,2017-03-15,2017-03-28
6fa55395dc23,2017-03-18,2017-03-18,2017-03-28
350078231351,2017-02-21,2017-03-15,2017-03-23
6b9e3fe69c96,2017-02-20,2017-03-15,2017-03-22
67cd8d16ce3e,2017-03-13,2017-03-15,2017-03-28
22e5308a3937,2017-03-24,2017-03-24,2017-03-28
870291ab7655,2017-03-10,2017-03-15,2017-03-28
e4dc5f0227d5,2017-03-01,2017-03-15,2017-03-28
21996f45162e,2017-02-25,2017-03-15,2017-03-27
6cff7eed6bc4,2017-02-28,2017-03-15,2017-03-28
8c5f9686021f,2017-03-13,2017-03-15,2017-03-28
059898bcb77e,2017-03-06,2017-03-15,2017-03-28
b0a8a2cc8e56,2017-03-04,2017-03-15,2017-03-28
b93a186ab3e8,2017-02-23,2017-03-15,2017-03-25
19482c507393,2017-03-07,2017-03-15,2017-03-28
d4c274f9b415,2017-03-26,2017-03-26,2017-03-28
bc6493d9cb7d,2017-03-27,2017-03-27,2017-03-28
bbea058c3f5b,2017-03-24,2017-03-24,2017-03-28
176387096a4e,2017-03-15,2017-03-15,2017-03-28
d8ed05fc940f,2017-03-17,2017-03-17,2017-03-28
4daae91192e8,2017-03-25,2017-03-25,2017-03-28
6f9c4030394b,2017-03-24,2017-03-24,2017-03-28
eb0eba4e1ba8,2017-03-02,2017-03-15,2017-03-28
19bfc40b98f3,2017-02-13,2017-03-15,2017-03-15
73d6a6517da1,2017-02-25,2017-03-15,2017-03-27
e240800e29c4,2017-02-28,2017-03-15,2017-03-28
1e1bf7320447,2017-03-14,2017-03-15,2017-03-28
cf129fadcea4,2017-03-14,2017-03-15,2017-03-28
31db9a2dc5eb,2017-03-14,2017-03-15,2017-03-28
aac791c5b129,2017-02-19,2017-03-15,2017-03-21
fd725e14ac24,2017-03-23,2017-03-23,2017-03-28
0103f664370e,2017-03-03,2017-03-15,2017-03-24
b4b0589b4e57,2017-02-15,2017-03-15,2017-03-17
db4badfb8b9a,2017-03-28,2017-03-28,2017-03-28
3e9d75b90ad2,2017-03-12,2017-03-15,2017-03-28
76cbb3aa60e5,2017-03-07,2017-03-15,2017-03-28
b8e813b9dbe3,2017-03-18,2017-03-18,2017-03-28
24a44b70efb3,2017-03-27,2017-03-27,2017-03-28
8a22e10a08fe,2017-03-26,2017-03-26,2017-03-28
25b6377b75d0,2017-03-11,2017-03-15,2017-03-28
077b82693942,2017-02-20,2017-03-15,2017-03-21
9893b383bc91,2017-02-21,2017-03-15,2017-03-22
a78afd28cb48,2017-02-28,2017-03-15,2017-03-28
fca9ce4b0585,2017-03-24,2017-03-24,2017-03-28
09deadb4077b,2017-03-27,2017-03-27,2017-03-28
018cf72c2295,2017-03-10,2017-03-15,2017-03-28
63d6e6558ddd,2017-03-12,2017-03-28,2017-03-28
903ab5246521,2017-02-24,2017-03-15,2017-03-26
dcde95e57848,2017-02-17,2017-03-15,2017-03-19
c962586f3891,2017-02-28,2017-03-15,2017-03-28
7bc921b24b99,2017-02-21,2017-03-15,2017-03-22
819a29aa78c7,2017-03-12,2017-03-15,2017-03-28
c8af78bc7b4c,2017-03-26,2017-03-26,2017-03-28
12220225e477,2017-02-15,2017-03-15,2017-03-17
e89188dcc9c1,2017-02-27,2017-03-15,2017-03-18
fe919ffffaa4,2017-03-20,2017-03-20,2017-03-28
9ae43498c2f5,2017-03-13,2017-03-15,2017-03-18
43afec6fda63,2017-03-04,2017-03-15,2017-03-28
9f703874d933,2017-03-01,2017-03-15,2017-03-22
b64cce6db2c5,2017-03-01,2017-03-15,2017-03-28
08a4b1bc871d,2017-03-13,2017-03-15,2017-03-28
b662e0dbe8ef,2017-02-24,2017-03-15,2017-03-26
a58a0ef78385,2017-02-19,2017-03-15,2017-03-21
0e98601b59c5,2017-03-24,2017-03-24,2017-03-28
6dda4e453542,2017-02-21,2017-03-15,2017-03-22
f0da2c28d3db,2017-03-07,2017-03-15,2017-03-28
8eeb08a933c8,2017-03-12,2017-03-15,2017-03-28
87fcaf0333d7,2017-02-28,2017-03-15,2017-03-28
0db6bbcdbe5e,2017-02-24,2017-03-15,2017-03-26
cd82630ad6d1,2017-02-15,2017-03-15,2017-03-16
f594bb0e2c3d,2017-02-13,2017-03-15,2017-03-15
dbb9ea6b52bc,2017-02-26,2017-03-15,2017-03-28
c946084a5d5d,2017-03-19,2017-03-19,2017-03-28
ecf32081c350,2017-02-16,2017-03-15,2017-03-18
0c31f08dba2b,2017-03-12,2017-03-15,2017-03-28
c3630857c31a,2017-02-15,2017-03-15,2017-03-16
73c186a0b151,2017-02-24,2017-03-15,2017-03-26
dc9bbe34a01f,2017-03-19,2017-03-19,2017-03-28
3bc57f6ed188,2017-03-14,2017-03-15,2017-03-28
765c0cb736c0,2017-03-27,2017-03-27,2017-03-28
c031f0fa27b0,2017-02-18,2017-03-15,2017-03-19
9a1adb8b5865,2017-03-24,2017-03-24,2017-03-28
d6bde0353bcd,2017-03-06,2017-03-15,2017-03-28
fb20d16de011,2017-02-22,2017-03-15,2017-03-24
2d714f99633c,2017-03-15,2017-03-15,2017-03-28
6d6e77b66ce5,2017-03-21,2017-03-21,2017-03-28
fa2bad8a8578,2017-03-17,2017-03-17,2017-03-28
97467d9ff02a,2017-02-19,2017-03-15,2017-03-20
5ce79261a5fc,2017-03-01,2017-03-15,2017-03-28
b657c145f23f,2017-02-28,2017-03-15,2017-03-28
f19987cca2ba,2017-02-24,2017-03-15,2017-03-26
75249971295b,2017-02-19,2017-03-15,2017-03-21
e2d1c10db1ce,2017-03-28,2017-03-28,2017-03-28
626b484b66d0,2017-02-24,2017-03-15,2017-03-17
625df409f905,2017-03-07,2017-03-15,2017-03-28
e0db0ae625f4,2017-03-24,2017-03-24,2017-03-28
09849a7fc6a4,2017-02-20,2017-03-15,2017-03-22
2fc9d6ba8ccb,2017-03-01,2017-03-15,2017-03-28
2ed15d41a651,2017-03-22,2017-03-22,2017-03-28
82ac486a0def,2017-03-05,2017-03-15,2017-03-28
91eb5ef83192,2017-03-05,2017-03-15,2017-03-28
b4927c1ddf2e,2017-02-27,2017-03-15,2017-03-28
8918a2cd9bd5,2017-03-17,2017-03-17,2017-03-25
b527204a546f,2017-02-14,2017-03-15,2017-03-16
166b16decab8,2017-03-11,2017-03-15,2017-03-20
27cc78604186,2017-03-12,2017-03-15,2017-03-28
510e8f7f43b7,2017-03-11,2017-03-15,2017-03-28
c6a98cf0ef4a,2017-02-19,2017-03-15,2017-03-21
49b76ed6059f,2017-02-14,2017-03-15,2017-03-15
23b084899401,2017-02-20,2017-03-15,2017-03-22
f70902581f22,2017-02-28,2017-03-15,2017-03-28
b41213dfffc6,2017-02-28,2017-03-15,2017-03-28
6d4c28838dc6,2017-02-23,2017-03-15,2017-03-25
391867d0670c,2017-03-22,2017-03-22,2017-03-28
18567a78c8e4,2017-02-20,2017-03-15,2017-03-22
b022eb7d97dc,2017-02-23,2017-03-15,2017-03-24
ed646b8bf41a,2017-03-13,2017-03-15,2017-03-28
73afd8f6aea6,2017-02-19,2017-03-15,2017-03-20
63d8116c613c,2017-03-07,2017-03-15,2017-03-28
712ae256345c,2017-03-17,2017-03-17,2017-03-28
c71142332106,2017-03-16,2017-03-16,2017-03-28
6504f040cee0,2017-03-12,2017-03-15,2017-03-28
48b6657c8b98,2017-02-23,2017-03-15,2017-03-25
34be5bf24b3d,2017-03-25,2017-03-25,2017-03-28
a614565d998f,2017-02-15,2017-03-15,2017-03-17
98658ca4b46c,2017-03-06,2017-03-15,2017-03-28
5c5c8f6194dc,2017-03-23,2017-03-23,2017-03-28
70f68ca88262,2017-02-23,2017-03-15,2017-03-24
af48eaffebba,2017-03-11,2017-03-15,2017-03-16
bf3951e385da,2017-03-18,2017-03-18,2017-03-28
252e703af712,2017-02-20,2017-03-15,2017-03-22
3a6a64410550,2017-02-14,2017-03-15,2017-03-15
b12ec9d629d4,2017-03-07,2017-03-15,2017-03-28
0ccc012f8010,2017-03-10,2017-03-15,2017-03-28
b30e78098b5e,2017-03-18,2017-03-18,2017-03-28
4530ebeeb413,2017-03-18,2017-03-18,2017-03-28
af9becfeb78d,2017-02-15,2017-03-15,2017-03-17
70820bd4244e,2017-02-23,2017-03-15,2017-03-25
10da6ea77a4e,2017-03-08,2017-03-15,2017-03-28
7acd39d4cec4,2017-03-28,2017-03-28,2017-03-28
a07594732209,2017-02-24,2017-03-15,2017-03-25
08a4fd15a10d,2017-02-25,2017-03-15,2017-03-27
48a953f1feaf,2017-03-22,2017-03-22,2017-03-28
61ec4b7e5e65,2017-03-15,2017-03-15,2017-03-28
260bfaadfe73,2017-03-24,2017-03-24,2017-03-28
da78582e2a1f,2017-03-01,2017-03-15,2017-03-21
a177fd55793b,2017-03-05,2017-03-15,2017-03-28
b0d6b71ef2ea,2017-03-27,2017-03-27,2017-03-28
fb6d6e9eedbd,2017-03-24,2017-03-24,2017-03-28
fce6c1337673,2017-03-17,2017-03-17,2017-03-28
af3e6ce21343,2017-03-22,2017-03-22,2017-03-28
f7e469425382,2017-03-20,2017-03-20,2017-03-28
36ba2e642fb4,2017-03-14,2017-03-15,2017-03-28
b505bb5cee63,2017-03-25,2017-03-25,2017-03-28
7839c7ccfdf3,2017-03-19,2017-03-19,2017-03-28
95e5b9f1eed6,2017-03-12,2017-03-15,2017-03-19
3dc688caa451,2017-02-23,2017-03-15,2017-03-25
f30d6ca2d7a2,2017-03-15,2017-03-15,2017-03-28
4cf091bab7a6,2017-02-25,2017-03-15,2017-03-27
87ea4512726c,2017-03-08,2017-03-15,2017-03-28
f65c7ec57c53,2017-03-13,2017-03-15,2017-03-28
1829e3a8f16c,2017-03-12,2017-03-15,2017-03-28
6a42a8b1ce3c,2017-03-01,2017-03-15,2017-03-28
ddabcf609d6c,2017-02-22,2017-03-15,2017-03-24
4107b70d6209,2017-03-17,2017-03-17,2017-03-28
5ca762b1c301,2017-03-26,2017-03-26,2017-03-28
edd2736c8951,2017-03-05,2017-03-15,2017-03-28
025ada322e41,2017-02-26,2017-03-15,2017-03-28
9a32ac3334c3,2017-02-27,2017-03-15,2017-03-28
f3e065f84d24,2017-03-03,2017-03-15,2017-03-20
77b2475a3a6d,2017-03-24,2017-03-24,2017-03-28
ffb6fd424888,2017-03-24,2017-03-24,2017-03-28
5f24726e825b,2017-03-22,2017-03-22,2017-03-28
c2c54e2ddadb,2017-02-24,2017-03-15,2017-03-26
c9ebae5865a6,2017-03-06,2017-03-15,2017-03-28
5713f9f763b3,2017-03-18,2017-03-18,2017-03-28
04f26abeb138,2017-03-04,2017-03-15,2017-03-28
05424a7f5ef5,2017-02-19,2017-03-15,2017-03-20
b3ce0d9be742,2017-03-27,2017-03-27,2017-03-28
b4308303b425,2017-02-16,2017-03-15,2017-03-18
ba2814ec80bb,2017-03-21,2017-03-21,2017-03-28
c89bc0390a77,2017-03-14,2017-03-15,2017-03-28
123c38faa076,2017-02-24,2017-03-15,2017-03-25
1c803d2d2356,2017-03-24,2017-03-24,2017-03-28
c7d057fbcd95,2017-03-23,2017-03-23,2017-03-28
8c85cf49454a,2017-02-26,2017-03-15,2017-03-28
26465f8fd6c5,2017-03-27,2017-03-27,2017-03-28
ed599de35949,2017-03-02,2017-03-15,2017-03-28
8a404d6b254e,2017-03-20,2017-03-20,2017-03-28
35ffacda4ce1,2017-03-07,2017-03-15,2017-03-28
22fb47026eb9,2017-02-20,2017-03-15,2017-03-22
7581a0f74d79,2017-03-06,2017-03-15,2017-03-28
3cd5ebf523d7,2017-02-15,2017-03-15,2017-03-17
9aab00d8f514,2017-03-15,2017-03-15,2017-03-28
2714876bb154,2017-03-26,2017-03-26,2017-03-28
b5a6f6ba581a,2017-03-19,2017-03-19,2017-03-22
85aeb6423106,2017-02-24,2017-03-15,2017-03-20
98f50e14974b,2017-03-13,2017-03-15,2017-03-28
bfa3f117af5f,2017-03-09,2017-03-15,2017-03-28
75d4a028f1bb,2017-03-22,2017-03-22,2017-03-28
ee9c577af42f,2017-03-02,2017-03-15,2017-03-28
43776bd1e64d,2017-02-15,2017-03-15,2017-03-17
39f66b36ee2e,2017-02-24,2017-03-15,2017-03-26
519e31686eb7,2017-02-21,2017-03-15,2017-03-23
82ceaef557c3,2017-02-24,2017-03-15,2017-03-26
8f00a2acf44f,2017-03-16,2017-03-16,2017-03-28
04a784a8c20f,2017-03-09,2017-03-15,2017-03-28
ad7c43c2fb72,2017-03-22,2017-03-22,2017-03-28
a7617ef9fcbd,2017-03-08,2017-03-15,2017-03-28
9d69f4e0fb18,2017-02-22,2017-03-15,2017-03-24
54a10724f408,2017-02-28,2017-03-15,2017-03-28
dfe9f0249d42,2017-03-13,2017-03-15,2017-03-28
71db493e246c,2017-02-20,2017-03-15,2017-03-22
655e29e5a005,2017-03-12,2017-03-15,2017-03-28
6a457756d591,2017-02-21,2017-03-15,2017-03-23
eac2b87afdbe,2017-03-09,2017-03-15,2017-03-28
4988a60483c1,2017-02-26,2017-03-15,2017-03-28
ddc2dab1e60f,2017-03-06,2017-03-15,2017-03-28
d82eeee69897,2017-03-12,2017-03-15,2017-03-28
f71e0c0631e9,2017-02-28,2017-03-15,2017-03-28
2c6ed336fe74,2017-03-05,2017-03-15,2017-03-28
156e8238f4b6,2017-03-15,2017-03-15,2017-03-28
9920e39a5ed7,2017-03-01,2017-03-15,2017-03-28
674683a32237,2017-02-22,2017-03-15,2017-03-23
2d4fc154fae0,2017-02-18,2017-03-15,2017-03-20
dcca7d2c0d47,2017-02-20,2017-03-15,2017-03-22
f0899a0c2748,2017-03-23,2017-03-23,2017-03-28
41ce703d913f,2017-02-25,2017-03-15,2017-03-27
4556769efab4,2017-03-08,2017-03-15,2017-03-28
1c3630970bac,2017-02-26,2017-03-15,2017-03-28
79379eb48eda,2017-02-15,2017-03-15,2017-03-17
ad6cacae1338,2017-03-27,2017-03-27,2017-03-28
092455d01fc2,2017-03-16,2017-03-16,2017-03-28
82c5cf8140c3,2017-03-16,2017-03-16,2017-03-28
978616e2515f,2017-03-21,2017-03-21,2017-03-28
5b2f22b2675a,2017-03-24,2017-03-24,2017-03-28
d3942cf436c3,2017-03-23,2017-03-23,2017-03-28
6508fb1837df,2017-03-05,2017-03-15,2017-03-28
4d81d68a773c,2017-02-22,2017-03-15,2017-03-24
4a672bc371fd,2017-03-01,2017-03-15,2017-03-28
28eebb5b6f96,2017-02-26,2017-03-15,2017-03-28
49021904b0ee,2017-03-11,2017-03-15,2017-03-28
fe7f58381c03,2017-03-25,2017-03-25,2017-03-28
60ce16274162,2017-02-26,2017-03-15,2017-03-28
f454d4092159,2017-03-01,2017-03-15,2017-03-28
5d6362d788c7,2017-02-26,2017-03-15,2017-03-28
456e48b40d50,2017-03-18,2017-03-18,2017-03-28
0536cc442cc9,2017-03-16,2017-03-16,2017-03-28
3fcd13528611,2017-03-12,2017-03-15,2017-03-28
11dd2dd97f51,2017-03-25,2017-03-25,2017-03-28
ad9b5a040446,2017-03-12,2017-03-15,2017-03-28
b9c821634134,2017-02-16,2017-03-15,2017-03-17
f761f20b8f3c,2017-03-11,2017-03-15,2017-03-28
888a97b2df05,2017-03-16,2017-03-16,2017-03-28
0f2b9b6cfabd,2017-03-11,2017-03-15,2017-03-28
afcb399b11f1,2017-02-20,2017-03-15,2017-03-22
c9060c4c9a5a,2017-03-23,2017-03-23,2017-03-28
c095ae87b02c,2017-03-08,2017-03-15,2017-03-28
0db9cb319f17,2017-03-17,2017-03-17,2017-03-17
bca795b59343,2017-02-25,2017-03-15,2017-03-27
934c079533ac,2017-02-14,2017-03-15,2017-03-16
1a242bca160d,2017-03-06,2017-03-15,2017-03-28
7aaa2c3de1b2,2017-03-06,2017-03-15,2017-03-28
3392f2d63ade,2017-03-04,2017-03-15,2017-03-20
cdb71a385d9f,2017-03-20,2017-03-20,2017-03-28
5831e04bce0d,2017-03-13,2017-03-15,2017-03-28
8006a1cb0627,2017-03-12,2017-03-15,2017-03-28
c25c3c299b38,2017-03-10,2017-03-15,2017-03-19
54ee229d0481,2017-03-02,2017-03-15,2017-03-28
806699915f99,2017-03-17,2017-03-17,2017-03-28
a163f3b937ab,2017-02-23,2017-03-15,2017-03-25
91f34ebe3426,2017-03-16,2017-03-16,2017-03-28
43f7c61ebd1a,2017-03-01,2017-03-15,2017-03-28
b410c31c31f5,2017-02-21,2017-03-15,2017-03-23
41f60c0f4302,2017-03-16,2017-03-16,2017-03-28
9c8b52b8aad7,2017-03-25,2017-03-25,2017-03-28
f30066c24c32,2017-03-02,2017-03-15,2017-03-28
d061d0436a15,2017-02-18,2017-03-15,2017-03-20
e114d7bc3d25,2017-02-16,2017-03-15,2017-03-17
1162efc183d4,2017-02-28,2017-03-15,2017-03-28
6b42423a8c59,2017-03-14,2017-03-15,2017-03-28
d1d02f0a0fd1,2017-03-14,2017-03-15,2017-03-28
69c492542f18,2017-02-27,2017-03-15,2017-03-25
0b2316495205,2017-02-25,2017-03-15,2017-03-27
f027ed6c0deb,2017-03-10,2017-03-15,2017-03-28
9a0d74fe3aa3,2017-03-09,2017-03-15,2017-03-28
493aeb5ea808,2017-03-22,2017-03-22,2017-03-28
ef2a594cdc0f,2017-03-22,2017-03-22,2017-03-22
72a58f3d2729,2017-02-21,2017-03-15,2017-03-23
7ab4a9c01570,2017-02-25,2017-03-15,2017-03-27
f691a0ee112b,2017-02-15,2017-03-15,2017-03-16
48d15447787e,2017-03-14,2017-03-15,2017-03-24
87e1aa3857b2,2017-03-22,2017-03-22,2017-03-28
011b9904d185,2017-02-25,2017-03-15,2017-03-26
9d35271c5c9e,2017-02-24,2017-03-15,2017-03-26
bc0995853488,2017-02-14,2017-03-15,2017-03-16
c7d1e0fda37e,2017-02-23,2017-03-15,2017-03-25
444098943af5,2017-03-19,2017-03-19,2017-03-28
f004c1db3d13,2017-03-22,2017-03-22,2017-03-28
fcab4ebce7e6,2017-03-21,2017-03-21,2017-03-28
1bfb38ed4cc5,2017-03-15,2017-03-15,2017-03-18
4603b94b78c1,2017-02-16,2017-03-15,2017-03-18
2217202d1366,2017-03-01,2017-03-15,2017-03-28
bffa88b465dc,2017-03-14,2017-03-15,2017-03-28
1f09c9cc8436,2017-03-09,2017-03-15,2017-03-19
9c0158910160,2017-03-23,2017-03-23,2017-03-28
e3543806d421,2017-03-13,2017-03-15,2017-03-28
15d70a132358,2017-03-11,2017-03-15,2017-03-28
8a52e8469d3a,2017-03-27,2017-03-27,2017-03-28
7da72b14d9b4,2017-02-24,2017-03-15,2017-03-26
dc07826a1763,2017-03-10,2017-03-15,2017-03-28
a3e94c942335,2017-03-03,2017-03-15,2017-03-28
f682c4c98d60,2017-03-01,2017-03-15,2017-03-28
69e57be8da19,2017-03-23,2017-03-23,2017-03-28
36d0cb092ff7,2017-03-09,2017-03-15,2017-03-28
d9f8d73c212e,2017-03-12,2017-03-15,2017-03-28
b727d3bcee16,2017-03-09,2017-03-15,2017-03-28
1e4bd4a0fc24,2017-03-04,2017-03-15,2017-03-28
401c9371c6ab,2017-02-21,2017-03-15,2017-03-16
a388611854b6,2017-02-28,2017-03-15,2017-03-28
91db8ad5f07a,2017-03-19,2017-03-19,2017-03-28
5551b54f0332,2017-03-10,2017-03-15,2017-03-28
4e068decf283,2017-03-10,2017-03-15,2017-03-28
0b17b0ef4f32,2017-03-16,2017-03-16,2017-03-28
a74018ee2a10,2017-03-09,2017-03-15,2017-03-28
35cc437176b8,2017-02-27,2017-03-15,2017-03-28
8029513291a1,2017-03-09,2017-03-15,2017-03-28
8185400eb9bd,2017-03-27,2017-03-27,2017-03-28
eb66cfbcd003,2017-02-27,2017-03-15,2017-03-28
d4e4d2869b05,2017-02-23,2017-03-15,2017-03-25
349236ba3f1c,2017-02-21,2017-03-15,2017-03-23
8e686fbe3737,2017-02-15,2017-03-15,2017-03-17
c13237ba33c0,2017-03-03,2017-03-15,2017-03-28
89087dc8bf0a,2017-03-04,2017-03-15,2017-03-28
c4aa29b41f11,2017-03-14,2017-03-15,2017-03-17
94ee04492c04,2017-03-16,2017-03-16,2017-03-28
31343f197e12,2017-03-28,2017-03-28,2017-03-28
7b1982a24b1c,2017-02-20,2017-03-15,2017-03-22
30a6c0d8fba9,2017-03-08,2017-03-15,2017-03-28
69d5c694a708,2017-02-16,2017-03-15,2017-03-18
f41464ce6dd8,2017-03-25,2017-03-25,2017-03-28
f11fba0bc916,2017-03-21,2017-03-21,2017-03-28
452eb070f88e,2017-03-28,2017-03-28,2017-03-28
697d8a54d7b8,2017-03-25,2017-03-25,2017-03-28
879aaae2d58c,2017-02-27,2017-03-15,2017-03-28
d7b85a5b3550,2017-03-09,2017-03-15,2017-03-28
ce4c36a8bae4,2017-02-13,2017-03-15,2017-03-15
8f27de08063c,2017-03-08,2017-03-15,2017-03-28
01dc631b9f7f,2017-03-16,2017-03-16,2017-03-28
711be456c284,2017-03-01,2017-03-15,2017-03-28
f05f58971ab0,2017-03-07,2017-03-15,2017-03-28
dcf1ff22dd22,2017-03-14,2017-03-15,2017-03-28
295badf27657,2017-03-09,2017-03-15,2017-03-28
40b61557d2bb,2017-03-07,2017-03-15,2017-03-28
da8229d7c6d1,2017-02-22,2017-03-15,2017-03-24
35e80c2b539a,2017-03-26,2017-03-26,2017-03-28
635b434a30e0,2017-02-19,2017-03-15,2017-03-20
ef0b24bc6a21,2017-03-13,2017-03-15,2017-03-28
4d5c37a820e0,2017-03-16,2017-03-16,2017-03-28
90c5561627ba,2017-02-22,2017-03-15,2017-03-24
d5fd105b5122,2017-03-06,2017-03-15,2017-03-28
834217fd6e7b,2017-03-20,2017-03-20,2017-03-28
06cfa1ba8ea1,2017-03-08,2017-03-15,2017-03-28
7f33ceafb432,2017-02-24,2017-03-15,2017-03-26
1f3fdaa5d386,2017-02-28,2017-03-15,2017-03-28
1f4a819eea41,2017-02-18,2017-03-15,2017-03-20
88e961345fac,2017-03-25,2017-03-25,2017-03-28
5fe028c0ef5e,2017-03-12,2017-03-15,2017-03-28
48be29b08d79,2017-03-13,2017-03-15,2017-03-28
d5dc0d965784,2017-03-26,2017-03-26,2017-03-28
20ba2ad71d9e,2017-03-20,2017-03-20,2017-03-28
1f13618aca71,2017-03-04,2017-03-15,2017-03-16
cc89274b68dc,2017-03-15,2017-03-15,2017-03-28
c575c6605965,2017-02-27,2017-03-15,2017-03-28
86098fdb9e7e,2017-03-03,2017-03-15,2017-03-28
d83ce658b5c8,2017-03-03,2017-03-15,2017-03-28
db8eb604c60d,2017-03-21,2017-03-21,2017-03-28
45d922c64e69,2017-03-07,2017-03-15,2017-03-28
5ae777b8914c,2017-02-20,2017-03-15,2017-03-22
b67ed2b9e412,2017-02-21,2017-03-15,2017-03-22
7861d6b1e3aa,2017-03-18,2017-03-18,2017-03-28
d74a23d40d77,2017-03-11,2017-03-15,2017-03-28
11529e43a873,2017-02-24,2017-03-15,2017-03-26
e9c0f246ca2e,2017-02-21,2017-03-15,2017-03-22
317afaaea7dd,2017-02-27,2017-03-15,2017-03-28
2cafdabd27b0,2017-03-21,2017-03-21,2017-03-28
0aba10956a55,2017-03-02,2017-03-15,2017-03-28
3b82da3f1866,2017-02-17,2017-03-15,2017-03-19
8147357de3e0,2017-03-09,2017-03-15,2017-03-28
e056133766e1,2017-03-07,2017-03-15,2017-03-28
83c810346ca5,2017-03-28,2017-03-28,2017-03-28
19c826ec898a,2017-03-26,2017-03-26,2017-03-28
430683d5303b,2017-03-23,2017-03-23,2017-03-28
d6eadbf3d78f,2017-03-22,2017-03-22,2017-03-28
52e3b24378f1,2017-02-18,2017-03-15,2017-03-20
dd970bac27d3,2017-03-18,2017-03-18,2017-03-28
adcc3f11dfa8,2017-03-09,2017-03-15,2017-03-28
883f5d12be92,2017-03-20,2017-03-20,2017-03-28
cf2ffb1d4dab,2017-02-21,2017-03-15,2017-03-22
1216fb885be0,2017-03-26,2017-03-26,2017-03-28
e3a55ae54bf7,2017-03-18,2017-03-18,2017-03-28
5fb1733c7d5c,2017-03-05,2017-03-15,2017-03-28
b94037149ace,2017-03-10,2017-03-15,2017-03-18
0f0d90214d08,2017-03-20,2017-03-20,2017-03-28
a4c606f27095,2017-02-15,2017-03-15,2017-03-17
d8f3eec637df,2017-02-25,2017-03-15,2017-03-26
602c772a5b0e,2017-03-19,2017-03-19,2017-03-28
f334827262cb,2017-02-16,2017-03-15,2017-03-18
19f09467dcb9,2017-03-17,2017-03-17,2017-03-28
b6c726d5450d,2017-03-09,2017-03-15,2017-03-28
e6cbeb3f2113,2017-02-23,2017-03-15,2017-03-24
dfa6b4d96ccb,2017-03-20,2017-03-20,2017-03-28
e3f0d9072c3a,2017-02-25,2017-03-15,2017-03-27
58a50e3d3195,2017-03-06,2017-03-15,2017-03-28
d91f098b5c5d,2017-03-13,2017-03-15,2017-03-28
2c007ef1626d,2017-03-26,2017-03-26,2017-03-28
1832c56fa0bb,2017-03-07,2017-03-15,2017-03-28
f2142aae6a13,2017-03-24,2017-03-24,2017-03-28
af1474ba5581,2017-03-20,2017-03-20,2017-03-28
90a82092bacd,2017-03-14,2017-03-15,2017-03-28
a42ead10e287,2017-03-13,2017-03-15,2017-03-28
6aa7e4c9818a,2017-03-02,2017-03-15,2017-03-28
5f8b32c3c9e0,2017-03-10,2017-03-15,2017-03-28
efa1134fd2aa,2017-03-08,2017-03-15,2017-03-20
b44776dde579,2017-02-24,2017-03-15,2017-03-26
f80b02a15942,2017-02-15,2017-03-15,2017-03-17
95e9d7f7534d,2017-03-02,2017-03-15,2017-03-28
d2a07ab58c9a,2017-02-22,2017-03-15,2017-03-24
ee363932df6a,2017-03-19,2017-03-19,2017-03-28
3ea99be314fd,2017-03-23,2017-03-23,2017-03-28
7eed5fe60570,2017-02-20,2017-03-15,2017-03-22
b2430d96cd4f,2017-02-22,2017-03-15,2017-03-24
2a3f9ae13369,2017-03-08,2017-03-15,2017-03-28
fd512b446292,2017-03-19,2017-03-19,2017-03-28
b6cc41767142,2017-03-17,2017-03-17,2017-03-28
8a628cb9c1ca,2017-02-23,2017-03-15,2017-03-24
e7e719ed52fa,2017-02-28,2017-03-15,2017-03-15
03853dbb9cfa,2017-03-03,2017-03-15,2017-03-28
ddcfd8ac3270,2017-03-02,2017-03-15,2017-03-28
946c95c72c89,2017-02-28,2017-03-15,2017-03-28
5184a699450a,2017-03-20,2017-03-20,2017-03-28
abacb058d7a6,2017-02-25,2017-03-15,2017-03-27
26b9e006a653,2017-03-15,2017-03-15,2017-03-28
58d753fc1027,2017-02-14,2017-03-15,2017-03-15
9c60c8d5c78c,2017-03-03,2017-03-15,2017-03-28
983c1456d9fd,2017-03-02,2017-03-15,2017-03-28
c36ce4ba7c59,2017-03-11,2017-03-15,2017-03-28
ac80c4a4b551,2017-03-10,2017-03-15,2017-03-18
ce1ecf1d1504,2017-02-24,2017-03-15,2017-03-26
719aa2a35d4c,2017-03-06,2017-03-15,2017-03-28
f14519747271,2017-03-17,2017-03-17,2017-03-28
42a9a0472277,2017-02-16,2017-03-15,2017-03-18
d8d816cd9849,2017-02-19,2017-03-15,2017-03-21
1c3ca2adc3db,2017-03-15,2017-03-15,2017-03-28
05e299243216,2017-02-27,2017-03-15,2017-03-28
5218a10b732d,2017-02-27,2017-03-15,2017-03-28
f77a3e752ac3,2017-03-26,2017-03-26,2017-03-28
df498ac83e41,2017-03-14,2017-03-15,2017-03-28
4e63526ad291,2017-02-27,2017-03-15,2017-03-25
52428d48a3f4,2017-03-10,2017-03-15,2017-03-28
57ccb7fe2183,2017-02-26,2017-03-15,2017-03-28
d51026778c8e,2017-03-19,2017-03-19,2017-03-20
b6a4945a9afb,2017-03-26,2017-03-26,2017-03-27
f8129984e419,2017-03-12,2017-03-15,2017-03-28
02f09e61ac0d,2017-03-09,2017-03-15,2017-03-28
aaa33356c07a,2017-03-02,2017-03-15,2017-03-28
ba63dd08510e,2017-03-15,2017-03-15,2017-03-28
540804ea9f5c,2017-03-24,2017-03-24,2017-03-28
baea80182aff,2017-02-14,2017-03-15,2017-03-16
2316ae1f142d,2017-03-16,2017-03-16,2017-03-25
867c3d0844d8,2017-03-03,2017-03-15,2017-03-28
e1514c85928c,2017-02-27,2017-03-15,2017-03-28
bbe8d16015ad,2017-03-06,2017-03-15,2017-03-28
4fcad72789e8,2017-03-21,2017-03-21,2017-03-28
89eb49592a9a,2017-03-23,2017-03-23,2017-03-28
e6172b1d4e92,2017-03-13,2017-03-15,2017-03-28
da85237d2cc7,2017-03-12,2017-03-15,2017-03-28
1b526b299131,2017-03-27,2017-03-27,2017-03-28
6afbcbb98a87,2017-03-22,2017-03-22,2017-03-28
f25207facf1a,2017-03-11,2017-03-15,2017-03-28
8b64273e3aa6,2017-02-16,2017-03-15,2017-03-18
ff430ee9c03b,2017-02-27,2017-03-15,2017-03-28
0966408cc47d,2017-03-09,2017-03-15,2017-03-28
1149578de1af,2017-03-27,2017-03-27,2017-03-28
38d7a170690d,2017-03-22,2017-03-22,2017-03-28
5922433a6c0c,2017-03-24,2017-03-24,2017-03-26
b8de3865da82,2017-03-11,2017-03-15,2017-03-28
c938c059d26c,2017-03-28,2017-03-28,2017-03-28
762074bdc394,2017-03-07,2017-03-15,2017-03-28
aeb1d0ee0e96,2017-03-07,2017-03-15,2017-03-28
3ca53ba93eb0,2017-03-09,2017-03-15,2017-03-28
4a23a51dfefe,2017-03-25,2017-03-25,2017-03-28
93cc7f3f0df1,2017-03-14,2017-03-15,2017-03-28
dac21c75255b,2017-02-21,2017-03-15,2017-03-22
283051878b93,2017-03-07,2017-03-15,2017-03-28
e235dc3134b9,2017-03-08,2017-03-15,2017-03-28
ca9dc1f1586f,2017-03-15,2017-03-15,2017-03-28
ce03a7990def,2017-02-17,2017-03-15,2017-03-19
10b05f4f7cf9,2017-03-23,2017-03-23,2017-03-28
ab5ff778a7d6,2017-03-15,2017-03-15,2017-03-28
18a36211d90e,2017-03-20,2017-03-20,2017-03-28
861e9df27f10,2017-03-14,2017-03-15,2017-03-28
eebc8b855e58,2017-03-23,2017-03-23,2017-03-28
d54c47d9932c,2017-03-19,2017-03-19,2017-03-28
1e608626d27e,2017-02-23,2017-03-15,2017-03-25
bae961c7cb68,2017-03-09,2017-03-15,2017-03-28
f5a864e8c70a,2017-02-14,2017-03-15,2017-03-16
5bc9bc4881e4,2017-03-19,2017-03-20,2017-03-28
0bd7b28f7a74,2017-03-19,2017-03-19,2017-03-28
b7ab63aff11f,2017-03-01,2017-03-15,2017-03-28
788ab2a1aef1,2017-03-25,2017-03-25,2017-03-28
208c046e3381,2017-03-20,2017-03-20,2017-03-28
319650880868,2017-03-19,2017-03-19,2017-03-28
c77d724d8518,2017-02-17,2017-03-15,2017-03-19
175565f64033,2017-03-23,2017-03-23,2017-03-28
86c34ba3ca76,2017-03-23,2017-03-23,2017-03-28
d2330ea34a5b,2017-03-05,2017-03-15,2017-03-28
ce47408db171,2017-02-14,2017-03-15,2017-03-16
ef95ce080796,2017-03-17,2017-03-17,2017-03-25
1a3f03a1b204,2017-03-01,2017-03-15,2017-03-28
9b6af5586d06,2017-03-16,2017-03-16,2017-03-28
e800998c5330,2017-02-18,2017-03-15,2017-03-19
3d097de01400,2017-03-02,2017-03-15,2017-03-27
fcaeb8f47df8,2017-02-14,2017-03-15,2017-03-15
86cf7eb1a852,2017-03-14,2017-03-15,2017-03-28
643eed90b4fa,2017-02-16,2017-03-15,2017-03-18
3643473636c4,2017-02-16,2017-03-15,2017-03-18
a3bb4a5f2792,2017-03-16,2017-03-16,2017-03-28
2c4a3c67d134,2017-02-26,2017-03-15,2017-03-27
1924a863d9f1,2017-03-04,2017-03-15,2017-03-28
0a7bc360a22d,2017-02-14,2017-03-15,2017-03-16
e563bc8e3193,2017-02-19,2017-03-15,2017-03-21
8f9ac9bfc3dc,2017-03-09,2017-03-15,2017-03-28
172d15c6c95e,2017-02-22,2017-03-15,2017-03-24
11f1b3115b0f,2017-03-10,2017-03-15,2017-03-28
b688a235d7b3,2017-03-13,2017-03-15,2017-03-28
47b33e6cfcae,2017-03-24,2017-03-24,2017-03-28
13182ae8770b,2017-03-22,2017-03-22,2017-03-28
69d8115045c4,2017-03-10,2017-03-15,2017-03-28
35b275a172ca,2017-02-26,2017-03-15,2017-03-28
88fa0fb15558,2017-03-06,2017-03-15,2017-03-28
07b2bb20dea7,2017-03-08,2017-03-15,2017-03-15
596cdd33381f,2017-03-13,2017-03-15,2017-03-28
50cdcba0c298,2017-03-07,2017-03-15,2017-03-28
9a1b1bc008c4,2017-03-24,2017-03-24,2017-03-28
0eb118187a50,2017-03-05,2017-03-15,2017-03-28
a3e0ccba5ab2,2017-03-02,2017-03-15,2017-03-28
70b618dfad46,2017-03-15,2017-03-15,2017-03-28
fa6ff8fe2148,2017-03-19,2017-03-19,2017-03-28
e8ff517ff547,2017-03-28,2017-03-28,2017-03-28
c9495a3485d5,2017-03-08,2017-03-15,2017-03-28
24e655ec29d9,2017-03-21,2017-03-21,2017-03-28
7bacec37d0de,2017-03-09,2017-03-15,2017-03-28
9c740ea56755,2017-02-24,2017-03-15,2017-03-26
a97c902c3250,2017-03-12,2017-03-15,2017-03-28
361318dfbd07,2017-03-06,2017-03-15,2017-03-28
f62837e0b65b,2017-03-22,2017-03-22,2017-03-28
98bea2e4dfe5,2017-03-14,2017-03-15,2017-03-28
dcf2f62979ca,2017-03-03,2017-03-15,2017-03-28
c0febb1be164,2017-03-23,2017-03-23,2017-03-28
45cd6465b6d4,2017-03-17,2017-03-17,2017-03-28
64d2acc1b714,2017-03-07,2017-03-15,2017-03-28
1a7ec95fe145,2017-02-22,2017-03-15,2017-03-24
9958f6f455ed,2017-03-07,2017-03-15,2017-03-28
3cdddfdc3171,2017-03-13,2017-03-15,2017-03-28
9047c6e6e31b,2017-02-23,2017-03-15,2017-03-24
ecd448028eec,2017-02-25,2017-03-15,2017-03-27
508b830d5093,2017-03-02,2017-03-15,2017-03-28
25832b9d4994,2017-03-28,2017-03-28,2017-03-28
517b051663e6,2017-03-25,2017-03-25,2017-03-28
416538f9298e,2017-03-04,2017-03-15,2017-03-28
fe8f272c1d25,2017-02-25,2017-03-15,2017-03-27
a65914884ad0,2017-03-08,2017-03-15,2017-03-28
323ac0545579,2017-03-11,2017-03-15,2017-03-28
bdd5ca98a1e2,2017-03-17,2017-03-17,2017-03-28
4db1ad7a6a40,2017-02-17,2017-03-15,2017-03-19
49151c75264c,2017-02-18,2017-03-15,2017-03-20
294e49a09bb0,2017-02-16,2017-03-15,2017-03-18
95de8d6c4c26,2017-03-21,2017-03-21,2017-03-28
60fd3636009e,2017-02-21,2017-03-15,2017-03-23
23ec861ac9dd,2017-03-22,2017-03-22,2017-03-28
ddf3ba427cab,2017-03-26,2017-03-26,2017-03-28
9a60350ba7e2,2017-03-08,2017-03-15,2017-03-28
705730ef200c,2017-02-15,2017-03-15,2017-03-17
7eceeae9975d,2017-02-22,2017-03-15,2017-03-24
4766e37f0ba5,2017-02-22,2017-03-15,2017-03-24
e1f325e991c1,2017-03-28,2017-03-28,2017-03-28
d03a367f2ce0,2017-03-13,2017-03-15,2017-03-28
a0d555c489f0,2017-03-22,2017-03-22,2017-03-28
e0a0ed4d1757,2017-03-21,2017-03-21,2017-03-28
898ea8952cd5,2017-03-16,2017-03-16,2017-03-20
46fa457b1872,2017-02-23,2017-03-15,2017-03-24
83c5900c0ae9,2017-02-19,2017-03-15,2017-03-21
ce117f439c91,2017-02-11,2017-03-15,2017-03-16
777d08437c24,2017-03-27,2017-03-27,2017-03-28
556fdb2d3fda,2017-03-22,2017-03-22,2017-03-26
93599baa4ba8,2017-02-27,2017-03-15,2017-03-28
40970489d61e,2017-02-25,2017-03-15,2017-03-26
37505e8b954b,2017-02-22,2017-03-15,2017-03-24
f2fd53093486,2017-02-21,2017-03-15,2017-03-23
1e6f8a5cfc40,2017-03-10,2017-03-15,2017-03-28
f1ccc6eb2d94,2017-03-10,2017-03-15,2017-03-28
7b0ce7a89ed9,2017-03-06,2017-03-15,2017-03-28
0bd379172042,2017-02-16,2017-03-15,2017-03-18
e87f30a94b50,2017-03-12,2017-03-15,2017-03-28
d4e954468ce0,2017-03-26,2017-03-26,2017-03-28
b14123a62fc7,2017-02-23,2017-03-15,2017-03-24
10e979d45680,2017-02-17,2017-03-15,2017-03-17
781a48171e70,2017-03-05,2017-03-15,2017-03-28
63c5102b6610,2017-03-06,2017-03-15,2017-03-28
e6dd873696fd,2017-02-13,2017-03-15,2017-03-15
abe3eb8cddaf,2017-02-18,2017-03-15,2017-03-20
1d8faf9a2b8d,2017-03-27,2017-03-27,2017-03-28
1b854dfa16f9,2017-03-24,2017-03-24,2017-03-28
05fe2fdafe44,2017-02-19,2017-03-15,2017-03-16
917412b69450,2017-03-12,2017-03-15,2017-03-28
da53460ac6fd,2017-02-18,2017-03-15,2017-03-20
0a229997cb3f,2017-03-18,2017-03-18,2017-03-28
a3a9ac3f6ec9,2017-03-14,2017-03-15,2017-03-28
1450adb85205,2017-02-19,2017-03-15,2017-03-21
f7c30bebd431,2017-03-07,2017-03-15,2017-03-28
9bf9af5d42b1,2017-03-09,2017-03-15,2017-03-28
d737306febcf,2017-02-15,2017-03-15,2017-03-16
28c887a21773,2017-03-05,2017-03-15,2017-03-28
fb837a99b3c1,2017-03-23,2017-03-23,2017-03-28
f9b04854a763,2017-03-23,2017-03-23,2017-03-28
574c5dcf8e1c,2017-03-12,2017-03-15,2017-03-28
f7ffa0cb7df9,2017-03-14,2017-03-15,2017-03-28
94aaf0c9cc95,2017-02-20,2017-03-15,2017-03-22
2d27bc6726c2,2017-03-24,2017-03-24,2017-03-28
63be918640bd,2017-02-16,2017-03-15,2017-03-18
5e65476bbdf7,2017-03-05,2017-03-15,2017-03-28
34f6034e80bb,2017-03-14,2017-03-15,2017-03-28
357f53af001a,2017-03-01,2017-03-15,2017-03-28
767ab21c667a,2017-03-01,2017-03-15,2017-03-28
0789376c0ec7,2017-02-27,2017-03-15,2017-03-28
d54842658c9b,2017-02-20,2017-03-15,2017-03-22
15882db79115,2017-03-02,2017-03-15,2017-03-28
d3fe012543a2,2017-03-03,2017-03-15,2017-03-28
542f22d17f8f,2017-03-23,2017-03-23,2017-03-26
c6fc3db140d4,2017-03-05,2017-03-15,2017-03-28
61d62f115954,2017-03-25,2017-03-25,2017-03-28
00adb67da9ef,2017-03-13,2017-03-15,2017-03-28
382fb0c52fc2,2017-03-18,2017-03-18,2017-03-21
7a0f145fc170,2017-03-11,2017-03-15,2017-03-28
addd50a437e8,2017-02-20,2017-03-15,2017-03-22
4c7f24c9da5f,2017-03-04,2017-03-15,2017-03-28
1f661562d8e7,2017-03-02,2017-03-15,2017-03-28
275761b1b237,2017-02-27,2017-03-15,2017-03-28
c8b26264decc,2017-03-03,2017-03-15,2017-03-17
179bdbb82972,2017-02-15,2017-03-15,2017-03-17
e78669d04cb6,2017-03-10,2017-03-15,2017-03-28
e49cc7d49bf5,2017-03-13,2017-03-15,2017-03-28
ef814f7d4c85,2017-03-21,2017-03-21,2017-03-28
5a54bff23406,2017-03-21,2017-03-21,2017-03-28
1e965eeffafe,2017-03-13,2017-03-15,2017-03-28
5f2d32d6398d,2017-03-06,2017-03-15,2017-03-28
5517e935ec0e,2017-03-20,2017-03-20,2017-03-28
6d5c0525265f,2017-03-09,2017-03-15,2017-03-28
c86f65a3d01a,2017-03-13,2017-03-15,2017-03-28
9ba7fe8b90f9,2017-03-22,2017-03-22,2017-03-28
00b196db6ea3,2017-03-12,2017-03-15,2017-03-28
58b1b0c7ac03,2017-03-08,2017-03-15,2017-03-28
f50f90b5dd61,2017-03-06,2017-03-15,2017-03-28
5007cf0d1eac,2017-02-26,2017-03-15,2017-03-28
37e2df5c2027,2017-03-05,2017-03-15,2017-03-28
10c332e4380a,2017-03-19,2017-03-19,2017-03-28
94964605121a,2017-02-20,2017-03-15,2017-03-22
6cf85da6a7ad,2017-03-01,2017-03-15,2017-03-28
10524de3c7c2,2017-03-27,2017-03-27,2017-03-28
c0bd4bc7c76e,2017-02-20,2017-03-15,2017-03-22
9aecc15ca741,2017-02-26,2017-03-15,2017-03-28
d0cb1ab4a712,2017-02-14,2017-03-15,2017-03-15
41664182b5ca,2017-03-02,2017-03-15,2017-03-28
481a068dcaed,2017-03-26,2017-03-26,2017-03-28
281b6dec080b,2017-03-11,2017-03-15,2017-03-26
658769854078,2017-03-09,2017-03-15,2017-03-28
b945657a0b28,2017-03-05,2017-03-15,2017-03-28
c249030bcd7c,2017-03-04,2017-03-15,2017-03-28
5ec7edce6b21,2017-03-01,2017-03-15,2017-03-28
50f7a6ace13e,2017-03-22,2017-03-22,2017-03-28
ea0117b78e97,2017-03-15,2017-03-15,2017-03-28
b1198979ea37,2017-02-20,2017-03-15,2017-03-21
eebd35867e50,2017-02-15,2017-03-15,2017-03-16
2a97c1bd328c,2017-03-16,2017-03-16,2017-03-28
121b3cdecd47,2017-03-19,2017-03-19,2017-03-27
3787869144a9,2017-03-23,2017-03-23,2017-03-28
b694b63754fc,2017-03-07,2017-03-15,2017-03-28
2cd6c84b0601,2017-02-17,2017-03-15,2017-03-19
285fb7b219fe,2017-03-12,2017-03-15,2017-03-28
1fd2c54850d4,2017-03-03,2017-03-15,2017-03-28
eeeefcaebd63,2017-02-28,2017-03-15,2017-03-28
ef276d1e75e3,2017-02-19,2017-03-15,2017-03-21
8955516e42a0,2017-02-22,2017-03-15,2017-03-24
1bb7f8593bea,2017-03-12,2017-03-15,2017-03-28
072f85318ddf,2017-03-12,2017-03-15,2017-03-28
1599337857e1,2017-03-21,2017-03-21,2017-03-28
adf3421c3d76,2017-03-03,2017-03-15,2017-03-28
6d173f72c5a9,2017-03-07,2017-03-15,2017-03-28
e8f10ca3cb45,2017-03-17,2017-03-17,2017-03-28
f136ece34252,2017-02-24,2017-03-15,2017-03-26
6028dd1d42bb,2017-03-01,2017-03-15,2017-03-26
d749699f8fa0,2017-02-21,2017-03-15,2017-03-21
a7fb392066a2,2017-03-11,2017-03-15,2017-03-22
ec28140be4b0,2017-03-01,2017-03-15,2017-03-28
dd5df08a37cd,2017-02-26,2017-03-15,2017-03-28
3a4ed659e94b,2017-02-18,2017-03-15,2017-03-20
f5628ab4c7bd,2017-02-23,2017-03-15,2017-03-24
f16b5c76b1d4,2017-03-27,2017-03-27,2017-03-28
eed373413a15,2017-03-02,2017-03-15,2017-03-28
8c8040454e53,2017-03-24,2017-03-24,2017-03-28
072e6a2af82c,2017-02-22,2017-03-15,2017-03-23
281efdc61ea7,2017-02-22,2017-03-15,2017-03-23
54a8d158576c,2017-03-13,2017-03-15,2017-03-28
7306b6a09138,2017-03-17,2017-03-17,2017-03-28
79c4e6f5abef,2017-02-26,2017-03-15,2017-03-28
c3a636b93b1e,2017-03-04,2017-03-15,2017-03-18
d7fc51e62c91,2017-02-18,2017-03-15,2017-03-20
13682c10e5df,2017-02-26,2017-03-15,2017-03-27
9efd6e4e5214,2017-03-09,2017-03-15,2017-03-28
56971e6ef08d,2017-02-21,2017-03-15,2017-03-23
6bf7089f40e8,2017-03-16,2017-03-16,2017-03-28
62e9f102786e,2017-03-11,2017-03-15,2017-03-28
7f878d4c011e,2017-03-04,2017-03-15,2017-03-28
43f636ab1912,2017-03-16,2017-03-16,2017-03-28
59531de8418e,2017-03-26,2017-03-26,2017-03-28
15810bac6e32,2017-03-02,2017-03-15,2017-03-25
94fac294f16d,2017-03-18,2017-03-18,2017-03-28
0ee4c576a0fa,2017-03-25,2017-03-25,2017-03-28
3d17645cabbc,2017-02-20,2017-03-15,2017-03-22
30eee302faa0,2017-02-16,2017-03-15,2017-03-18
54b2f5cdfac8,2017-03-23,2017-03-23,2017-03-28
ebb3146b481d,2017-02-24,2017-03-15,2017-03-26
6866ebadc064,2017-02-21,2017-03-15,2017-03-22
f16ed5b4ccb8,2017-03-12,2017-03-15,2017-03-28
305ea23921fc,2017-03-13,2017-03-15,2017-03-28
035d086ca490,2017-03-07,2017-03-15,2017-03-28
20fb5faba499,2017-03-19,2017-03-19,2017-03-28
fe74e62f57d0,2017-03-06,2017-03-15,2017-03-23
39ed8f683057,2017-03-07,2017-03-15,2017-03-28
fc884b298d8d,2017-03-05,2017-03-15,2017-03-28
d1e727fa1990,2017-02-26,2017-03-15,2017-03-28
723e7ed8dd4e,2017-02-28,2017-03-15,2017-03-28
f3869af4688b,2017-03-22,2017-03-22,2017-03-28
312717d2a57f,2017-03-03,2017-03-15,2017-03-28
e80238477dca,2017-02-14,2017-03-15,2017-03-16
afcc33e403eb,2017-03-22,2017-03-22,2017-03-28
24c3cb093f7e,2017-02-15,2017-03-15,2017-03-17
3ecb39e8edb2,2017-03-17,2017-03-17,2017-03-28
28595a85bd0d,2017-03-13,2017-03-15,2017-03-28
41440b931278,2017-02-21,2017-03-15,2017-03-22
bba51120ecc0,2017-03-14,2017-03-15,2017-03-28
e1e06469f04e,2017-02-25,2017-03-15,2017-03-27
47ed93d1f204,2017-03-06,2017-03-15,2017-03-28
757937c79654,2017-02-17,2017-03-15,2017-03-19
9731e013132f,2017-03-06,2017-03-15,2017-03-28
250187700a97,2017-03-16,2017-03-16,2017-03-28
d02b296a75f4,2017-03-27,2017-03-27,2017-03-28
619308ad1c43,2017-03-01,2017-03-15,2017-03-28
fc127ea1cfb2,2017-03-20,2017-03-20,2017-03-28
d37f41edefbc,2017-03-16,2017-03-16,2017-03-18
22177936044a,2017-03-09,2017-03-15,2017-03-28
bf57dad35ddd,2017-03-18,2017-03-18,2017-03-28
d19a57b27701,2017-03-12,2017-03-15,2017-03-28
ae6b63e0211f,2017-02-17,2017-03-15,2017-03-19
f15dc9bef0c8,2017-02-15,2017-03-15,2017-03-17
6d6513eb57eb,2017-03-10,2017-03-15,2017-03-28
834dd69dc348,2017-02-15,2017-03-15,2017-03-16
81f9d891cafc,2017-03-11,2017-03-15,2017-03-28
ed546a8d3aa9,2017-03-24,2017-03-24,2017-03-26
4d372ee57583,2017-03-28,2017-03-28,2017-03-28
2a3c1c43aa80,2017-03-20,2017-03-20,2017-03-28
f22da55bfec2,2017-03-24,2017-03-24,2017-03-28
ec7f82eb8029,2017-03-10,2017-03-15,2017-03-28
05290626e575,2017-03-08,2017-03-15,2017-03-28
85c6cc67fb20,2017-03-15,2017-03-15,2017-03-28
7d87503fdbe4,2017-03-17,2017-03-18,2017-03-24
3adeebde78d8,2017-02-27,2017-03-15,2017-03-28
59ccd20c0b0e,2017-03-10,2017-03-15,2017-03-28
103bc7f2bb01,2017-02-19,2017-03-15,2017-03-21
e070641779d2,2017-02-27,2017-03-15,2017-03-28
fa2da6c9b467,2017-02-18,2017-03-15,2017-03-20
87979731029c,2017-03-11,2017-03-15,2017-03-21
3508d1c1aaaa,2017-02-13,2017-03-15,2017-03-15
95e0b2304c88,2017-03-13,2017-03-15,2017-03-28
e4c5415a1cde,2017-02-20,2017-03-15,2017-03-21
e3c6db4db5e8,2017-02-23,2017-03-15,2017-03-24
ea7e03697b5f,2017-03-20,2017-03-20,2017-03-28
0e8b6ec41567,2017-03-03,2017-03-15,2017-03-28
690250ac1678,2017-02-16,2017-03-15,2017-03-18
9fde4b05e96d,2017-03-09,2017-03-15,2017-03-16
e4a118f3d617,2017-03-24,2017-03-24,2017-03-28
526298e0fba4,2017-03-09,2017-03-15,2017-03-28
0a8cc4eb602f,2017-03-15,2017-03-15,2017-03-22
ed66f32bc309,2017-03-10,2017-03-15,2017-03-28
45dcf36ee02b,2017-03-10,2017-03-15,2017-03-28
07f626109447,2017-02-27,2017-03-15,2017-03-28
d9968092de70,2017-03-19,2017-03-19,2017-03-28
35404d4c5009,2017-02-28,2017-03-15,2017-03-28
3b1040df60e4,2017-02-15,2017-03-15,2017-03-17
a0177ce4e28f,2017-02-20,2017-03-15,2017-03-22
dbb379045941,2017-03-21,2017-03-21,2017-03-28
899f871b9ebd,2017-03-23,2017-03-23,2017-03-28
5dc0027d6b0e,2017-03-23,2017-03-23,2017-03-28
fdd01e35ae74,2017-02-25,2017-03-15,2017-03-27
5ae54e4145a6,2017-03-04,2017-03-15,2017-03-28
cd5f9c88b1da,2017-03-28,2017-03-28,2017-03-28
6127255d6dca,2017-03-16,2017-03-16,2017-03-28
d3a359266f0a,2017-02-20,2017-03-15,2017-03-21
6de51e8e467b,2017-03-18,2017-03-18,2017-03-28
ea98929dffa4,2017-03-25,2017-03-25,2017-03-28
8562fdad29ff,2017-02-28,2017-03-15,2017-03-28
aff5758e6ed1,2017-03-07,2017-03-15,2017-03-28
c15843727b83,2017-03-12,2017-03-15,2017-03-28
37b1713ea698,2017-02-27,2017-03-15,2017-03-28
24964efec37e,2017-03-22,2017-03-22,2017-03-28
f270f354ac02,2017-03-22,2017-03-22,2017-03-28
3247932b3197,2017-03-15,2017-03-15,2017-03-18
2b71c4ff41bb,2017-03-13,2017-03-15,2017-03-24
14796ebfe349,2017-03-22,2017-03-22,2017-03-28
47d472b62bdb,2017-02-15,2017-03-15,2017-03-17
35dcb1ba7879,2017-03-15,2017-03-15,2017-03-28
b890dffdf59e,2017-02-14,2017-03-15,2017-03-16
cdecbdab77dc,2017-02-19,2017-03-15,2017-03-20
da4a0355c95b,2017-03-15,2017-03-15,2017-03-28
8ad2add97268,2017-03-01,2017-03-15,2017-03-28
1c667583905f,2017-03-21,2017-03-21,2017-03-28
edcb07958c29,2017-03-20,2017-03-20,2017-03-28
2fae3adee85d,2017-03-05,2017-03-15,2017-03-28
88323d9b5660,2017-02-15,2017-03-15,2017-03-16
63842ec2d18f,2017-03-13,2017-03-15,2017-03-28
4b3e97d2b04a,2017-03-09,2017-03-15,2017-03-17
83adbb1f33ed,2017-02-24,2017-03-15,2017-03-26
afea0816bd23,2017-03-10,2017-03-15,2017-03-28
26ed9a854891,2017-02-21,2017-03-15,2017-03-23
469a22c9a450,2017-03-06,2017-03-15,2017-03-28
40428ffc4887,2017-02-28,2017-03-15,2017-03-28
33e4391773d2,2017-03-21,2017-03-21,2017-03-28
eb06f516d869,2017-03-25,2017-03-25,2017-03-28
42f297716ec1,2017-02-19,2017-03-15,2017-03-21
89c0dcc38faf,2017-03-02,2017-03-15,2017-03-28
a4b52a3bca96,2017-02-21,2017-03-15,2017-03-23
5b96e0a26fca,2017-03-07,2017-03-15,2017-03-28
297316120e0c,2017-02-21,2017-03-15,2017-03-23
645368dfe489,2017-03-01,2017-03-15,2017-03-28
4785caac9e2c,2017-03-09,2017-03-15,2017-03-25
129245dc04e1,2017-02-19,2017-03-15,2017-03-20
2d5e2ae40ca3,2017-02-14,2017-03-15,2017-03-16
6a6416751d20,2017-02-17,2017-03-15,2017-03-19
71ede849ce16,2017-03-03,2017-03-15,2017-03-28
811a745fb56e,2017-03-05,2017-03-15,2017-03-28
b1d2987dc685,2017-03-15,2017-03-15,2017-03-28
23856ce0600f,2017-02-16,2017-03-15,2017-03-18
785f28cd1371,2017-03-21,2017-03-21,2017-03-28
b62fdc960a1c,2017-02-27,2017-03-15,2017-03-28
0e1bd5e0348f,2017-02-21,2017-03-15,2017-03-23
282723332de1,2017-03-16,2017-03-16,2017-03-28
6757a8592627,2017-03-17,2017-03-17,2017-03-28
cfe1499fbb09,2017-02-27,2017-03-15,2017-03-28
3a3b1afa314e,2017-03-15,2017-03-15,2017-03-28
42d32c43fc1a,2017-03-13,2017-03-15,2017-03-28
aedfd37fc5be,2017-02-15,2017-03-15,2017-03-16
56bfb8c30bb5,2017-03-10,2017-03-15,2017-03-28
2587bf42e355,2017-03-22,2017-03-23,2017-03-28
edb6408347fa,2017-03-28,2017-03-28,2017-03-28
3cfd2a1e7431,2017-03-06,2017-03-15,2017-03-16
cfd3905b9fb6,2017-03-20,2017-03-20,2017-03-28
6c4eee8420f4,2017-03-06,2017-03-15,2017-03-28
a29c2118af1c,2017-03-02,2017-03-15,2017-03-28
e6e31df87584,2017-03-11,2017-03-15,2017-03-26
c42f741099d7,2017-02-14,2017-03-15,2017-03-16
af03bff66bee,2017-03-08,2017-03-15,2017-03-28
ee50a458ac8d,2017-02-27,2017-03-15,2017-03-28
4574946f798f,2017-02-26,2017-03-15,2017-03-28
e5127fed0562,2017-02-15,2017-03-15,2017-03-16
493c21e56566,2017-02-26,2017-03-15,2017-03-28
ca098fe84af1,2017-03-09,2017-03-15,2017-03-28
f21388d8b2c0,2017-02-20,2017-03-15,2017-03-22
adb8c2fd22da,2017-02-19,2017-03-15,2017-03-21
6e6f85c79f0b,2017-02-22,2017-03-15,2017-03-24
730e939a2c63,2017-02-21,2017-03-15,2017-03-23
0063deaeeb4d,2017-03-10,2017-03-15,2017-03-28
8102a1ed499d,2017-03-04,2017-03-15,2017-03-28
2c6f26affc22,2017-03-10,2017-03-15,2017-03-28
c188ee37706e,2017-02-28,2017-03-15,2017-03-28
1277ac3b0d5e,2017-02-18,2017-03-15,2017-03-20
27385716dc7d,2017-02-17,2017-03-15,2017-03-19
b8bb549bfd81,2017-03-10,2017-03-15,2017-03-28
18ff63fdda42,2017-03-06,2017-03-15,2017-03-28
560489b9950f,2017-02-26,2017-03-15,2017-03-28
b0a1d105fe50,2017-03-26,2017-03-26,2017-03-28
74222c0841a7,2017-03-04,2017-03-15,2017-03-28
65da2bf7294a,2017-03-14,2017-03-15,2017-03-28
dc85d4d5433c,2017-03-24,2017-03-24,2017-03-28
39cd400c9455,2017-02-20,2017-03-15,2017-03-22
cb2aafcd6dde,2017-03-25,2017-03-25,2017-03-28
81608bb0da08,2017-02-24,2017-03-15,2017-03-25
d1b2e9508594,2017-02-19,2017-03-15,2017-03-21
ef754b1d5e6f,2017-03-22,2017-03-22,2017-03-28
505d67132d14,2017-03-25,2017-03-25,2017-03-28
aba233198625,2017-02-19,2017-03-15,2017-03-21
3a633517e7a5,2017-03-22,2017-03-22,2017-03-28
524f1ca696e9,2017-03-24,2017-03-24,2017-03-28
7d53b5548d4f,2017-02-27,2017-03-15,2017-03-28
d4eab25a9d63,2017-03-28,2017-03-28,2017-03-28
bd1545525151,2017-03-14,2017-03-15,2017-03-28
44699313160f,2017-02-19,2017-03-15,2017-03-20
36cc54fcfb06,2017-02-28,2017-03-15,2017-03-28
40943e42f88c,2017-02-28,2017-03-15,2017-03-28
5efb419c1846,2017-03-06,2017-03-15,2017-03-28
3275e9558e59,2017-02-26,2017-03-15,2017-03-28
bbe5a32752e8,2017-02-28,2017-03-15,2017-03-28
6c3427ed7a55,2017-03-17,2017-03-17,2017-03-28
923b3c57c7a7,2017-03-10,2017-03-15,2017-03-28
8ed8113e4523,2017-02-28,2017-03-15,2017-03-28
7c7e276feb42,2017-03-22,2017-03-22,2017-03-28
81171640de5f,2017-03-14,2017-03-15,2017-03-25
74103e6adaaf,2017-03-13,2017-03-15,2017-03-28
65e732f4ba97,2017-02-19,2017-03-15,2017-03-21
7ad30c2b300c,2017-03-13,2017-03-15,2017-03-28
e74dec601798,2017-02-19,2017-03-15,2017-03-20
f14c338b06ec,2017-02-18,2017-03-15,2017-03-19
c3a69396d454,2017-03-11,2017-03-15,2017-03-28
2f16a634dac4,2017-03-24,2017-03-24,2017-03-28
9b61f4e3b995,2017-03-09,2017-03-15,2017-03-28
2bba0c4996f4,2017-03-06,2017-03-15,2017-03-28
364aedf611ab,2017-03-21,2017-03-21,2017-03-28
3c6996a451d9,2017-02-20,2017-03-15,2017-03-25
708a44469532,2017-02-21,2017-03-15,2017-03-22
c025c6c3c7cc,2017-02-27,2017-03-15,2017-03-28
46d5f6e73bd5,2017-03-18,2017-03-18,2017-03-28
a30f132a3bf9,2017-03-03,2017-03-15,2017-03-28
e16eab56a2f0,2017-03-11,2017-03-15,2017-03-28
127a7e0d764a,2017-03-08,2017-03-15,2017-03-28
35a3e8c7ba28,2017-02-28,2017-03-15,2017-03-28
7b6c5ec33055,2017-02-23,2017-03-15,2017-03-25
33a7e0bd3594,2017-02-25,2017-03-15,2017-03-27
cc634098666e,2017-03-08,2017-03-15,2017-03-28
c65e36a80166,2017-02-17,2017-03-15,2017-03-19
2b38e7245fea,2017-03-07,2017-03-15,2017-03-28
187e5a5a0c88,2017-03-05,2017-03-15,2017-03-28
563928b472ef,2017-03-15,2017-03-15,2017-03-24
78c3e870a23a,2017-02-22,2017-03-15,2017-03-23
c4e961c1f68b,2017-02-19,2017-03-15,2017-03-20
c05fc5fc8100,2017-03-22,2017-03-22,2017-03-28
d60cfb26f579,2017-03-22,2017-03-22,2017-03-28
9ed787de1e52,2017-03-09,2017-03-15,2017-03-28
b1e3db95802d,2017-03-24,2017-03-24,2017-03-28
230af1b72c71,2017-03-23,2017-03-23,2017-03-28
bdce8d9411d0,2017-03-13,2017-03-15,2017-03-28
c9646b166b5a,2017-03-13,2017-03-15,2017-03-25
fd63193c0cea,2017-03-12,2017-03-15,2017-03-28
083808e3ac25,2017-03-28,2017-03-28,2017-03-28
e956a802fcb9,2017-03-18,2017-03-18,2017-03-28
7ac6d80e83fc,2017-03-02,2017-03-15,2017-03-28
f6c9d1ea1d94,2017-03-28,2017-03-28,2017-03-28
cb68f812b6ce,2017-02-24,2017-03-15,2017-03-25
07778a57a81a,2017-03-14,2017-03-15,2017-03-28
976a88c44bf5,2017-03-06,2017-03-15,2017-03-28
7b43b2136328,2017-02-28,2017-03-15,2017-03-27
bfb9c820fe49,2017-03-23,2017-03-23,2017-03-28
6fa8adcef54d,2017-03-11,2017-03-15,2017-03-28
0ad47af35b94,2017-03-23,2017-03-23,2017-03-28
5820fdd0f8bf,2017-03-22,2017-03-22,2017-03-28
31958e1c91e3,2017-03-16,2017-03-16,2017-03-28
b1e2c3c3ebef,2017-03-06,2017-03-15,2017-03-28
2db9aea7ffe7,2017-03-11,2017-03-15,2017-03-28
d39e88ba9b6a,2017-02-15,2017-03-15,2017-03-16
f0c26d2bf428,2017-02-23,2017-03-15,2017-03-24
ccb3a992fb0b,2017-03-20,2017-03-20,2017-03-28
549cbea1621b,2017-03-24,2017-03-24,2017-03-28
98ab83bdcd25,2017-03-09,2017-03-15,2017-03-28
26569875d124,2017-03-24,2017-03-24,2017-03-28
ba48e643bd59,2017-03-08,2017-03-15,2017-03-28
035dbce22ac4,2017-03-10,2017-03-15,2017-03-28
50503485a5da,2017-02-25,2017-03-15,2017-03-26
e06d9d029078,2017-03-07,2017-03-15,2017-03-28
8488fc55abfb,2017-02-28,2017-03-15,2017-03-28
eef8a121ac7b,2017-03-22,2017-03-22,2017-03-28
a2d57773b415,2017-02-14,2017-03-15,2017-03-16
d911cf0d855a,2017-02-23,2017-03-15,2017-03-25
b441ce4a43bc,2017-03-27,2017-03-27,2017-03-28
d9b35250b5c3,2017-03-26,2017-03-26,2017-03-28
8f15db3472ac,2017-02-28,2017-03-15,2017-03-28
4f6b5692d08d,2017-02-25,2017-03-15,2017-03-27
5b2ed9076a47,2017-02-27,2017-03-15,2017-03-28
98f2bd7f3e63,2017-03-26,2017-03-26,2017-03-28
e29c37ead561,2017-03-27,2017-03-27,2017-03-28
c76ddc9a5074,2017-02-21,2017-03-15,2017-03-23
1429c65029b6,2017-03-07,2017-03-15,2017-03-28
bb992ed8f8d9,2017-02-18,2017-03-15,2017-03-20
2d116a7bca5a,2017-03-11,2017-03-15,2017-03-28
34c54e130c16,2017-03-20,2017-03-21,2017-03-28
8a1d7922fd1c,2017-02-15,2017-03-15,2017-03-16
8c4f32d2f429,2017-02-19,2017-03-15,2017-03-21
8c0064a89d96,2017-03-28,2017-03-28,2017-03-28
c86d392a107a,2017-03-20,2017-03-20,2017-03-28
5b2010c1a3d7,2017-03-21,2017-03-21,2017-03-28
384806fd335f,2017-02-19,2017-03-15,2017-03-21
711cfb13c5c2,2017-02-25,2017-03-15,2017-03-26
ff9e023e24e9,2017-02-19,2017-03-15,2017-03-21
f1a5ff7d09ad,2017-03-23,2017-03-23,2017-03-28
a2d3dae84323,2017-03-18,2017-03-18,2017-03-28
1ce517dffab0,2017-03-14,2017-03-15,2017-03-28
bf14ad650028,2017-03-14,2017-03-15,2017-03-28
caaeb979a657,2017-03-21,2017-03-21,2017-03-28
b9eb7d8fbe1f,2017-03-24,2017-03-24,2017-03-28
96fc68c0668b,2017-03-18,2017-03-18,2017-03-28
ddaa3a69250b,2017-03-24,2017-03-24,2017-03-28
81441e3ab07f,2017-03-15,2017-03-15,2017-03-28
010be629c2c9,2017-02-24,2017-03-15,2017-03-16
97b624517181,2017-02-13,2017-03-15,2017-03-15
630ead5b7cd3,2017-03-02,2017-03-15,2017-03-28
ee062dd4eb29,2017-03-21,2017-03-21,2017-03-28
0ad2cd706c61,2017-02-22,2017-03-15,2017-03-24
09e325ebba31,2017-02-15,2017-03-15,2017-03-17
52f26ff214f4,2017-03-18,2017-03-18,2017-03-28
f52483d00fe3,2017-02-27,2017-03-15,2017-03-20
c466a1bd623f,2017-03-03,2017-03-15,2017-03-28
1ad0aad22900,2017-02-14,2017-03-15,2017-03-16
b3d312ea4f83,2017-02-27,2017-03-15,2017-03-28
6cbbeac51a37,2017-02-15,2017-03-15,2017-03-17
e7cadd5c6c12,2017-03-11,2017-03-15,2017-03-28
a671421d69cd,2017-03-01,2017-03-15,2017-03-28
c09c500e50c3,2017-02-20,2017-03-15,2017-03-22
1b0ae5012de1,2017-03-20,2017-03-20,2017-03-28
20b1ba6af19a,2017-03-07,2017-03-15,2017-03-28
23d527185222,2017-02-24,2017-03-15,2017-03-26
9a651c462123,2017-02-27,2017-03-15,2017-03-28
6a42f503f22d,2017-02-13,2017-03-15,2017-03-15
af32b5a0652d,2017-02-20,2017-03-15,2017-03-21
59de456584c1,2017-03-15,2017-03-15,2017-03-28
295d37a5227a,2017-02-20,2017-03-15,2017-03-21
bca48bc603bb,2017-02-22,2017-03-15,2017-03-24
667e571dd19c,2017-02-21,2017-03-15,2017-03-23
dce1a59a88fc,2017-03-10,2017-03-15,2017-03-28
ff58125ec4bc,2017-02-22,2017-03-15,2017-03-24
6a1defe3653e,2017-03-08,2017-03-15,2017-03-28
206f209f8d8a,2017-02-26,2017-03-15,2017-03-27
5f2cd7f5d5b3,2017-03-06,2017-03-15,2017-03-28
6503d2650d76,2017-03-21,2017-03-21,2017-03-28
c03502c0ed1f,2017-02-20,2017-03-15,2017-03-21
2ce8fa7be819,2017-03-28,2017-03-28,2017-03-28
8246c350d72a,2017-02-21,2017-03-15,2017-03-20
e089ddc286cc,2017-03-07,2017-03-15,2017-03-28
acbc64695bca,2017-02-15,2017-03-15,2017-03-17
68c9dd9a79e9,2017-03-13,2017-03-15,2017-03-28
3f5b292a79f7,2017-03-19,2017-03-19,2017-03-28
21ac44204fdc,2017-02-27,2017-03-15,2017-03-28
d4b6e71440fc,2017-03-01,2017-03-15,2017-03-28
2394ac5cb2d9,2017-02-20,2017-03-15,2017-03-21
b3da6304a680,2017-03-13,2017-03-15,2017-03-28
75d478458f0c,2017-03-05,2017-03-15,2017-03-28
a0f915ff266a,2017-02-19,2017-03-15,2017-03-21
931976182268,2017-03-22,2017-03-22,2017-03-28
2b0858136771,2017-02-20,2017-03-15,2017-03-17
c891d907f739,2017-02-28,2017-03-15,2017-03-28
5ecb167e0ba2,2017-03-18,2017-03-18,2017-03-28
7bcdc9eb0707,2017-03-23,2017-03-23,2017-03-28
608f1a6a0904,2017-02-16,2017-03-15,2017-03-18
047f45758227,2017-03-02,2017-03-15,2017-03-28
9010b6b729b7,2017-03-04,2017-03-15,2017-03-28
5abda36553fe,2017-03-17,2017-03-17,2017-03-28
259563849f7f,2017-03-13,2017-03-15,2017-03-22
bf703b7f05a3,2017-03-11,2017-03-15,2017-03-28
b657d6a4be76,2017-03-10,2017-03-15,2017-03-28
9695caac7b80,2017-03-02,2017-03-15,2017-03-28
0c9557c76d7e,2017-03-08,2017-03-15,2017-03-28
2bf13855e8b8,2017-03-11,2017-03-15,2017-03-28
e8776fbfb84b,2017-03-22,2017-03-22,2017-03-28
ef030949c05b,2017-02-18,2017-03-15,2017-03-20
5d816d0d195a,2017-02-19,2017-03-15,2017-03-20
2ca0684b648c,2017-02-17,2017-03-15,2017-03-19
bac7bbffea43,2017-02-14,2017-03-15,2017-03-16
c45951376ee2,2017-03-20,2017-03-20,2017-03-28
675344e73a65,2017-02-26,2017-03-15,2017-03-28
79da4e90184e,2017-03-06,2017-03-15,2017-03-28
359cd2fb9204,2017-03-05,2017-03-15,2017-03-28
91b43e88019c,2017-03-26,2017-03-26,2017-03-27
3e6de6293c59,2017-02-16,2017-03-15,2017-03-18
70af1a96729f,2017-03-28,2017-03-28,2017-03-28
f24c75c015ef,2017-03-12,2017-03-15,2017-03-28
ce7758a0be17,2017-03-26,2017-03-26,2017-03-28
7fbce0b006cf,2017-02-17,2017-03-15,2017-03-19
dde74328ca40,2017-02-17,2017-03-15,2017-03-19
beb3cb7bec3f,2017-03-20,2017-03-20,2017-03-28
43de3e7a0533,2017-03-21,2017-03-21,2017-03-28
fe82e35bc21d,2017-03-02,2017-03-15,2017-03-28
1b75acb5ae3a,2017-03-10,2017-03-15,2017-03-28
25df7541c7e1,2017-03-02,2017-03-15,2017-03-28
4a9c4503f28c,2017-02-21,2017-03-15,2017-03-23
826dc2e6ff54,2017-02-28,2017-03-15,2017-03-28
a4ae8baa4063,2017-02-21,2017-03-15,2017-03-23
5f36442bcd5e,2017-03-17,2017-03-17,2017-03-26
6e07d125d907,2017-02-17,2017-03-15,2017-03-18
2d9c79f94526,2017-02-25,2017-03-15,2017-03-27
38ca069c0358,2017-03-26,2017-03-26,2017-03-28
696023a1ee28,2017-03-14,2017-03-15,2017-03-28
796d5c5fe85f,2017-02-18,2017-03-15,2017-03-19
391f61c3342d,2017-02-27,2017-03-15,2017-03-28
ab7ee1d59a9c,2017-03-17,2017-03-17,2017-03-23
fa63bf18ef29,2017-03-15,2017-03-15,2017-03-28
011f068021aa,2017-03-10,2017-03-15,2017-03-28
5e2b1500bc31,2017-03-11,2017-03-15,2017-03-28
023747aa4987,2017-03-28,2017-03-28,2017-03-28
bfbaae2027ed,2017-03-25,2017-03-25,2017-03-28
86e138d1c849,2017-03-22,2017-03-22,2017-03-28
9916b6ab7847,2017-03-27,2017-03-27,2017-03-28
355a2e85283b,2017-03-06,2017-03-15,2017-03-28
cbabf20cdf0a,2017-03-11,2017-03-15,2017-03-28
3f943c68b747,2017-03-03,2017-03-15,2017-03-28
6fa14453252c,2017-02-14,2017-03-15,2017-03-15
d7a36fbe5a67,2017-02-26,2017-03-15,2017-03-27
64639c129c18,2017-03-22,2017-03-22,2017-03-28
8bdf9f809116,2017-03-13,2017-03-15,2017-03-28
1c3aa846edc8,2017-03-01,2017-03-15,2017-03-28
30b9293db2d5,2017-02-17,2017-03-15,2017-03-18
dac7dab6022c,2017-03-06,2017-03-15,2017-03-28
52d74cba3e4a,2017-02-20,2017-03-15,2017-03-21
de7a508905e4,2017-03-27,2017-03-27,2017-03-28
acd0adcbef28,2017-02-25,2017-03-15,2017-03-27
fc86e1c1feff,2017-02-28,2017-03-15,2017-03-28
625a5a12820e,2017-03-24,2017-03-24,2017-03-28
1f5583c0941d,2017-03-19,2017-03-19,2017-03-28
7bac3685a682,2017-03-14,2017-03-15,2017-03-28
a7699a2471d4,2017-02-15,2017-03-15,2017-03-16
5a61197e3003,2017-03-13,2017-03-15,2017-03-28
7e265f31ed5c,2017-03-27,2017-03-27,2017-03-28
ede3ae55f3b3,2017-03-23,2017-03-23,2017-03-28
bc234bf8ae4f,2017-03-26,2017-03-26,2017-03-28
6b04d2c00927,2017-03-11,2017-03-15,2017-03-28
4304ade5e958,2017-03-06,2017-03-15,2017-03-28
60403356373c,2017-02-17,2017-03-15,2017-03-18
7d318349f984,2017-03-12,2017-03-15,2017-03-28
70dd2adea82a,2017-03-16,2017-03-16,2017-03-28
cd7599e3b079,2017-03-01,2017-03-15,2017-03-28
bac3d7384209,2017-03-19,2017-03-19,2017-03-28
2269d949e935,2017-02-26,2017-03-15,2017-03-27
69ee817b552d,2017-02-27,2017-03-15,2017-03-28
84d091c672ad,2017-03-01,2017-03-15,2017-03-28
fb4adf42d0e9,2017-03-22,2017-03-23,2017-03-28
d8270a6fb3d0,2017-03-12,2017-03-15,2017-03-28
2c58688538e0,2017-03-04,2017-03-15,2017-03-20
90a22a7f0a81,2017-02-22,2017-03-15,2017-03-24
4a80c277650b,2017-03-13,2017-03-15,2017-03-28
670af437bc68,2017-03-10,2017-03-15,2017-03-28
0f895afdee33,2017-03-01,2017-03-15,2017-03-28
65f71cf52b67,2017-03-12,2017-03-15,2017-03-28
92040c1fe70a,2017-03-16,2017-03-16,2017-03-28
9a4c3fa182b5,2017-03-06,2017-03-15,2017-03-28
2c614741eaf9,2017-03-01,2017-03-15,2017-03-28
4a748da7cf23,2017-03-12,2017-03-15,2017-03-28
030b54cc6eef,2017-03-14,2017-03-15,2017-03-16
c832ab733ed2,2017-02-27,2017-03-15,2017-03-28
e90726c132af,2017-03-16,2017-03-16,2017-03-28
79d67d6d3966,2017-02-25,2017-03-15,2017-03-17
1d029acd9b32,2017-03-22,2017-03-22,2017-03-28
f24bd610da77,2017-02-18,2017-03-15,2017-03-20
570f3caaf4f5,2017-03-03,2017-03-15,2017-03-28
d479df89161c,2017-03-20,2017-03-20,2017-03-28
53c163a4d1c2,2017-03-14,2017-03-15,2017-03-28
635ab4407af9,2017-03-05,2017-03-15,2017-03-28
4f4cd26f1123,2017-02-27,2017-03-15,2017-03-28
5c0d347b31df,2017-02-25,2017-03-15,2017-03-26
c1603438fd58,2017-02-26,2017-03-15,2017-03-27
e0f0be4b44e6,2017-03-10,2017-03-15,2017-03-28
99a594f0bc6f,2017-03-19,2017-03-19,2017-03-28
63d3fa14ba4c,2017-03-05,2017-03-15,2017-03-28
d7d58e7030cc,2017-03-18,2017-03-18,2017-03-28
b1d43c129cf5,2017-03-20,2017-03-20,2017-03-28
1e9f7e291228,2017-03-06,2017-03-15,2017-03-28
753b889ef822,2017-02-19,2017-03-15,2017-03-21
75cc759dfba3,2017-02-17,2017-03-15,2017-03-19
29d3f4b92b61,2017-03-12,2017-03-15,2017-03-28
ee4633e80722,2017-03-13,2017-03-15,2017-03-28
1ff70e629515,2017-02-20,2017-03-15,2017-03-22
486915dae599,2017-03-10,2017-03-15,2017-03-28
f49733990ec5,2017-03-26,2017-03-26,2017-03-28
04204266c8b2,2017-02-25,2017-03-15,2017-03-26
603ee144a904,2017-02-28,2017-03-15,2017-03-16
a5620aa4a7db,2017-02-23,2017-03-15,2017-03-25
3e61795d44a5,2017-03-08,2017-03-15,2017-03-28
32012a6fefa3,2017-02-19,2017-03-15,2017-03-21
c987a37f34c1,2017-03-08,2017-03-15,2017-03-28
8a174374a304,2017-03-20,2017-03-20,2017-03-28
34fa2fc35d9f,2017-02-22,2017-03-15,2017-03-23
a50100dd705f,2017-03-23,2017-03-23,2017-03-26
cf710d3497f2,2017-03-28,2017-03-28,2017-03-28
f38b50efd411,2017-03-24,2017-03-24,2017-03-28
72de201e105c,2017-03-18,2017-03-18,2017-03-28
25cd75fc88c8,2017-03-19,2017-03-19,2017-03-28
929049409f7b,2017-03-25,2017-03-25,2017-03-27
07f83ae53e96,2017-03-24,2017-03-24,2017-03-28
6aa3181ab3d1,2017-03-25,2017-03-25,2017-03-28
4507e56b939d,2017-03-21,2017-03-21,2017-03-28
2139a127c7e1,2017-02-17,2017-03-15,2017-03-18
08299ecbb5f4,2017-03-19,2017-03-19,2017-03-28
6a1d8a49635f,2017-03-23,2017-03-23,2017-03-28
721fa967b685,2017-03-25,2017-03-25,2017-03-28
9821ec3a1ae3,2017-03-15,2017-03-15,2017-03-28
d43bc9bdbd5f,2017-03-27,2017-03-27,2017-03-28
17e49a1606e6,2017-02-24,2017-03-15,2017-03-26
4ec12561c6fe,2017-02-23,2017-03-15,2017-03-24
695833ead25e,2017-03-12,2017-03-15,2017-03-28
6a1ccbd7b65c,2017-02-28,2017-03-15,2017-03-28
6c6ed0d8ad4f,2017-03-01,2017-03-15,2017-03-28
b115590a9e99,2017-02-25,2017-03-15,2017-03-27
5eb4c9241b8d,2017-02-15,2017-03-15,2017-03-17
881bdd1ac92e,2017-03-14,2017-03-15,2017-03-28
63f1f5dea347,2017-03-18,2017-03-18,2017-03-28
d15130033bd4,2017-03-20,2017-03-20,2017-03-28
632154c5c3d9,2017-02-25,2017-03-15,2017-03-27
ac961c21aa8f,2017-03-01,2017-03-15,2017-03-28
87c9f07fb419,2017-02-23,2017-03-15,2017-03-25
2acc25119301,2017-03-26,2017-03-26,2017-03-28
ccd706ee3040,2017-03-03,2017-03-15,2017-03-28
6490fcce0165,2017-03-11,2017-03-15,2017-03-28
04b0c4c2cb0a,2017-03-04,2017-03-15,2017-03-28
be67135d4ff2,2017-02-20,2017-03-15,2017-03-22
2533a63e1203,2017-03-25,2017-03-25,2017-03-28
d9821fdaf3c6,2017-02-25,2017-03-15,2017-03-27
68bf991513e5,2017-03-21,2017-03-21,2017-03-28
a37f76f887b3,2017-03-21,2017-03-21,2017-03-28
3dae17171baf,2017-03-12,2017-03-15,2017-03-28
71aa76c78b3d,2017-03-25,2017-03-25,2017-03-28
72acc46e968c,2017-03-02,2017-03-15,2017-03-28
48ac87f41a27,2017-03-25,2017-03-25,2017-03-28
bb16bc96d36e,2017-02-19,2017-03-15,2017-03-20
097db21a9a22,2017-02-24,2017-03-15,2017-03-26
ad686c5d8803,2017-03-13,2017-03-15,2017-03-28
4b936f9a7244,2017-03-01,2017-03-15,2017-03-28
2c8174f669c1,2017-02-28,2017-03-15,2017-03-28
6e876502bb7f,2017-03-08,2017-03-15,2017-03-28
d00800a3d2c5,2017-02-28,2017-03-15,2017-03-28
32ba99ab338b,2017-03-13,2017-03-15,2017-03-28
85839f626c1c,2017-03-16,2017-03-16,2017-03-28
917e262d9162,2017-02-20,2017-03-15,2017-03-21
660803c5524f,2017-03-27,2017-03-27,2017-03-28
df263ab59c19,2017-03-07,2017-03-15,2017-03-28
246225a7dfd3,2017-02-23,2017-03-15,2017-03-25
37d8dd10b88b,2017-03-14,2017-03-15,2017-03-28
98d0ad01fe66,2017-03-27,2017-03-27,2017-03-28
2aa68349eb26,2017-02-28,2017-03-15,2017-03-28
ad290dfc0f99,2017-02-14,2017-03-15,2017-03-16
e6b51af6fc44,2017-03-25,2017-03-25,2017-03-28
82e48e9018e8,2017-03-09,2017-03-15,2017-03-28
49687431e2d2,2017-03-22,2017-03-22,2017-03-28
3e2d2cbb6174,2017-03-20,2017-03-20,2017-03-21
c387eb26a18e,2017-03-15,2017-03-15,2017-03-28
e8e3c9c8f425,2017-02-20,2017-03-15,2017-03-22
44486912f849,2017-03-25,2017-03-25,2017-03-28
554fc607aeda,2017-03-26,2017-03-26,2017-03-28
6a1edc2ff061,2017-02-26,2017-03-15,2017-03-27
98b52152efa5,2017-03-24,2017-03-24,2017-03-28
5db10070718e,2017-03-08,2017-03-15,2017-03-17
38e8ed4c860b,2017-02-15,2017-03-15,2017-03-17
be7ca75c069c,2017-03-10,2017-03-15,2017-03-28
df9d3c4d36c6,2017-03-26,2017-03-26,2017-03-26
53c8ba18ff89,2017-03-05,2017-03-15,2017-03-28
888d7c2f57df,2017-03-17,2017-03-17,2017-03-28
45759792f62e,2017-02-23,2017-03-15,2017-03-25
165052388054,2017-02-23,2017-03-15,2017-03-24
d96267023ef4,2017-02-19,2017-03-15,2017-03-21
ab1dafece22c,2017-02-15,2017-03-15,2017-03-17
06141f0e14a7,2017-03-05,2017-03-15,2017-03-28
81f72e9c70ca,2017-03-17,2017-03-17,2017-03-28
b502234d80af,2017-03-12,2017-03-15,2017-03-23
e495c6ff1470,2017-02-23,2017-03-15,2017-03-25
5cdb71950e69,2017-02-28,2017-03-15,2017-03-28
b413f5d87de9,2017-02-20,2017-03-15,2017-03-22
9218cc015fd8,2017-02-28,2017-03-15,2017-03-28
f0e7facd4ace,2017-03-24,2017-03-24,2017-03-25
d6fe74786ebf,2017-03-15,2017-03-15,2017-03-28
06f05832879d,2017-03-12,2017-03-15,2017-03-28
07afce27c8a3,2017-03-13,2017-03-15,2017-03-28
2eaec218c474,2017-03-12,2017-03-15,2017-03-28
9a2bd3a307d0,2017-02-23,2017-03-15,2017-03-25
db6658b99117,2017-02-19,2017-03-15,2017-03-21
92059a2f21cf,2017-03-07,2017-03-15,2017-03-28
21d3c5c1a69a,2017-03-05,2017-03-15,2017-03-28
d1fd1a542d2c,2017-03-04,2017-03-15,2017-03-28
f75660780c9d,2017-03-21,2017-03-21,2017-03-28
cca6e1cf1e8e,2017-03-27,2017-03-27,2017-03-28
8d3aec6b2e49,2017-03-12,2017-03-15,2017-03-28
e7a594178d9c,2017-02-20,2017-03-15,2017-03-22
70bde00dfc89,2017-02-25,2017-03-15,2017-03-27
e10eb72b6b2d,2017-02-19,2017-03-15,2017-03-21
28e84c8a0c65,2017-03-21,2017-03-21,2017-03-28
2d1dbf6d93f3,2017-03-02,2017-03-15,2017-03-28
bfd83f03cdc6,2017-03-25,2017-03-25,2017-03-28
cbf3a3557061,2017-03-01,2017-03-15,2017-03-28
de7599e5bc2e,2017-02-24,2017-03-15,2017-03-26
a79a7ca4a77d,2017-02-14,2017-03-15,2017-03-16
5775fca83192,2017-03-19,2017-03-19,2017-03-28
004f3e57aa84,2017-03-04,2017-03-15,2017-03-28
e0d0317375f6,2017-02-22,2017-03-15,2017-03-24
8fa8f546ddf5,2017-03-15,2017-03-15,2017-03-28
c226f358d0fb,2017-03-09,2017-03-15,2017-03-28
5427f108364f,2017-03-20,2017-03-20,2017-03-28
0862fd828e5b,2017-02-24,2017-03-15,2017-03-26
fd6f102ae93e,2017-03-07,2017-03-15,2017-03-28
5d569d7ff9d8,2017-02-26,2017-03-15,2017-03-28
0512e9b56bf5,2017-02-22,2017-03-15,2017-03-24
16ba7541839b,2017-03-23,2017-03-23,2017-03-28
747b49d27091,2017-03-24,2017-03-24,2017-03-28
6ac860e2fa31,2017-02-24,2017-03-15,2017-03-26
e948c4510ee4,2017-02-25,2017-03-15,2017-03-27
ec917695fdf8,2017-03-22,2017-03-22,2017-03-28
69165dfd2ff8,2017-03-14,2017-03-15,2017-03-28
e5b3771664e4,2017-03-06,2017-03-15,2017-03-28
fcb4421d833a,2017-03-26,2017-03-26,2017-03-28
67c5bfe47727,2017-03-20,2017-03-20,2017-03-28
408333e27e69,2017-02-22,2017-03-15,2017-03-23
304237075344,2017-03-19,2017-03-19,2017-03-28
34ad1f396829,2017-03-23,2017-03-23,2017-03-28
06273d754fcb,2017-03-03,2017-03-15,2017-03-28
c58ad5f856f6,2017-03-27,2017-03-27,2017-03-28
8f53e16e22c4,2017-03-09,2017-03-15,2017-03-28
6fa8b9da6ce0,2017-02-17,2017-03-15,2017-03-19
0e9c355998cf,2017-03-24,2017-03-24,2017-03-28
d6023176d7f8,2017-03-13,2017-03-15,2017-03-28
88aa02f7d9c2,2017-02-24,2017-03-15,2017-03-26
8c874b3f9b69,2017-03-15,2017-03-15,2017-03-28
325332a82c2f,2017-02-16,2017-03-15,2017-03-18
164de9cfaee5,2017-03-26,2017-03-26,2017-03-28
4ad89b3a3ea2,2017-03-25,2017-03-25,2017-03-28
5c607a1a816a,2017-02-24,2017-03-15,2017-03-26
840930a75b7d,2017-02-16,2017-03-15,2017-03-18
56306af9e6fc,2017-03-25,2017-03-25,2017-03-28
885343f9a832,2017-03-10,2017-03-15,2017-03-28
a9cbb4bc3732,2017-03-17,2017-03-17,2017-03-28
814c9cdd58da,2017-03-16,2017-03-16,2017-03-28
c874343c6622,2017-03-07,2017-03-15,2017-03-28
3bc2d171553a,2017-03-13,2017-03-15,2017-03-28
6d590a55fa69,2017-02-18,2017-03-15,2017-03-19
ee1f7ca5251d,2017-03-13,2017-03-15,2017-03-28
2f1eab1ac05e,2017-03-25,2017-03-25,2017-03-28
ae1cdb1fde8c,2017-03-01,2017-03-15,2017-03-27
b354b4a7fb9b,2017-03-01,2017-03-15,2017-03-28
7b7f0a8913cf,2017-03-17,2017-03-17,2017-03-28
eabe565dc04e,2017-03-17,2017-03-17,2017-03-28
dab73b81de7f,2017-03-26,2017-03-26,2017-03-28
7702268764ca,2017-02-17,2017-03-15,2017-03-18
7e582db258d3,2017-03-27,2017-03-27,2017-03-28
bb6a80412280,2017-03-01,2017-03-15,2017-03-28
ec796350e1a3,2017-02-16,2017-03-15,2017-03-18
eb0eee9137aa,2017-03-22,2017-03-22,2017-03-28
0cd6a94ca4d9,2017-03-06,2017-03-15,2017-03-28
4cfa37ef2647,2017-03-06,2017-03-15,2017-03-28
62ff7826ad79,2017-02-16,2017-03-15,2017-03-18
4a381ff2bfcd,2017-03-25,2017-03-25,2017-03-28
77f27ba339c6,2017-03-22,2017-03-22,2017-03-28
92430fa783b8,2017-02-28,2017-03-15,2017-03-28
3beb42ce975e,2017-03-20,2017-03-20,2017-03-28
3c258d01c96b,2017-03-09,2017-03-15,2017-03-28
5b9ea598b17a,2017-03-09,2017-03-15,2017-03-28
56f623cf7320,2017-03-24,2017-03-24,2017-03-28
68c6a07f22aa,2017-03-27,2017-03-27,2017-03-28
571d535ca482,2017-03-11,2017-03-15,2017-03-28
4dd881c0d82d,2017-02-21,2017-03-15,2017-03-23
1ad48ef91199,2017-02-18,2017-03-15,2017-03-19
68c938c8aabd,2017-03-16,2017-03-16,2017-03-28
acdecdb7aea8,2017-03-26,2017-03-26,2017-03-28
5525884f32db,2017-03-15,2017-03-15,2017-03-28
c3742fdff4c1,2017-03-11,2017-03-15,2017-03-28
d33bab2769a5,2017-03-15,2017-03-15,2017-03-28
96096192fadf,2017-03-22,2017-03-22,2017-03-28
040e6466ca1d,2017-02-21,2017-03-15,2017-03-23
4e7530555605,2017-03-07,2017-03-15,2017-03-28
4904590ca1c3,2017-03-13,2017-03-15,2017-03-28
22c6d69c1e95,2017-03-08,2017-03-15,2017-03-28
cc11835169fe,2017-03-08,2017-03-15,2017-03-28
b59199c4ee69,2017-03-10,2017-03-15,2017-03-28
4fa3eedb54ce,2017-02-19,2017-03-15,2017-03-20
5397592b22bd,2017-02-19,2017-03-15,2017-03-21
1cd4f31e7676,2017-03-09,2017-03-15,2017-03-28
e877d36475d3,2017-03-09,2017-03-15,2017-03-28
447b30a1c333,2017-03-01,2017-03-15,2017-03-28
44d4db6cac82,2017-02-24,2017-03-15,2017-03-26
8d64d4725408,2017-03-24,2017-03-24,2017-03-24
bc2651ce1e22,2017-03-27,2017-03-27,2017-03-28
f388988f9694,2017-02-24,2017-03-15,2017-03-26
0291389fe3f0,2017-03-21,2017-03-21,2017-03-28
87f26f73a652,2017-03-09,2017-03-15,2017-03-28
7659a40ad91f,2017-03-01,2017-03-15,2017-03-28
36b614e729a7,2017-03-09,2017-03-15,2017-03-28
83d84bb0ce18,2017-02-28,2017-03-15,2017-03-28
ffb2c7456a45,2017-02-23,2017-03-15,2017-03-24
d6ba6aa9260f,2017-03-13,2017-03-15,2017-03-28
34170469c8d5,2017-03-05,2017-03-15,2017-03-28
f767c1ad25f1,2017-02-27,2017-03-15,2017-03-28
38e212bfb73b,2017-03-22,2017-03-22,2017-03-28
d8f8aa08a61c,2017-02-25,2017-03-15,2017-03-27
d285f3caa11b,2017-02-28,2017-03-15,2017-03-28
dcc936cbf41e,2017-02-15,2017-03-15,2017-03-17
4b8beb56b13f,2017-03-16,2017-03-16,2017-03-28
1228445f0ea3,2017-02-16,2017-03-15,2017-03-18
9e6b632f1443,2017-03-09,2017-03-15,2017-03-28
84a7212235b9,2017-03-26,2017-03-26,2017-03-28
f00bab2a5eaa,2017-03-12,2017-03-15,2017-03-16
d9cee4f39cea,2017-03-27,2017-03-27,2017-03-28
e806c432763a,2017-03-11,2017-03-15,2017-03-28
93b03e971932,2017-03-26,2017-03-26,2017-03-28
6d36a6f443d1,2017-03-12,2017-03-15,2017-03-28
d3c96bca1059,2017-03-08,2017-03-15,2017-03-28
8cd450c5d593,2017-03-06,2017-03-15,2017-03-28
409673ef01a9,2017-02-24,2017-03-15,2017-03-26
f76aa4078ea7,2017-03-18,2017-03-18,2017-03-28
6f3ff9808107,2017-02-17,2017-03-15,2017-03-19
bc20affdd2a3,2017-02-21,2017-03-15,2017-03-23
a597daf9320f,2017-03-27,2017-03-27,2017-03-28
3bd16f37d376,2017-02-19,2017-03-15,2017-03-21
beb99a381098,2017-02-26,2017-03-15,2017-03-28
2835540ab3eb,2017-03-19,2017-03-19,2017-03-28
0ddbbefcdebe,2017-03-11,2017-03-15,2017-03-28
cc314dabb671,2017-03-27,2017-03-27,2017-03-28
459594234113,2017-02-21,2017-03-15,2017-03-23
7861a3f662d6,2017-03-09,2017-03-15,2017-03-28
0656f76ca89b,2017-02-18,2017-03-15,2017-03-20
2f42692b8d5e,2017-03-28,2017-03-28,2017-03-28
24d5a9d71c16,2017-03-18,2017-03-18,2017-03-28
b0f5a7563142,2017-03-03,2017-03-15,2017-03-28
a0672a4a0283,2017-02-20,2017-03-15,2017-03-22
f02f0859fecf,2017-03-15,2017-03-15,2017-03-24
f0158c1d7804,2017-03-09,2017-03-15,2017-03-28
c2411c6dd103,2017-03-12,2017-03-15,2017-03-28
bc51f4ca6c05,2017-03-13,2017-03-15,2017-03-28
b65acf05b6ad,2017-03-26,2017-03-26,2017-03-28
6b72966c6751,2017-02-21,2017-03-15,2017-03-23
8b2aa5d0d9f5,2017-02-20,2017-03-15,2017-03-22
e294c0f1d2e4,2017-02-17,2017-03-15,2017-03-18
9a4e92160e03,2017-02-19,2017-03-15,2017-03-21
baa8b006fc20,2017-02-17,2017-03-15,2017-03-18
f3be9273324e,2017-03-05,2017-03-15,2017-03-28
ddfd64bec9bf,2017-02-24,2017-03-15,2017-03-26
82709d908039,2017-02-28,2017-03-15,2017-03-28
0e21e23f1033,2017-02-22,2017-03-15,2017-03-20
d749c4fd2cdd,2017-02-24,2017-03-15,2017-03-25
06e53f311a3c,2017-02-26,2017-03-15,2017-03-27
879a708a3b0f,2017-03-20,2017-03-20,2017-03-28
00750bec2d8c,2017-02-13,2017-03-15,2017-03-15
26dc3254c176,2017-02-08,2017-03-15,2017-03-28
f75842609e73,2017-02-28,2017-03-15,2017-03-28
7eb94c0cdac3,2017-02-22,2017-03-15,2017-03-24
4458f9463847,2017-03-11,2017-03-15,2017-03-28
e2527a4030a6,2017-03-12,2017-03-15,2017-03-19
8c8faf998ca7,2017-03-24,2017-03-24,2017-03-28
8c545a9758de,2017-03-21,2017-03-21,2017-03-28
d35eedfa30b6,2017-02-18,2017-03-15,2017-03-20
b7a1980df386,2017-03-23,2017-03-23,2017-03-24
0ddcf9a7c494,2017-03-04,2017-03-15,2017-03-28
a437c2c797e8,2017-02-20,2017-03-15,2017-03-22
fc76fa067400,2017-02-23,2017-03-15,2017-03-25
6a523a6aae5c,2017-03-05,2017-03-15,2017-03-28
c22b037b050f,2017-03-21,2017-03-21,2017-03-28
0885d53c6ec8,2017-03-27,2017-03-27,2017-03-28
e99ef6638c49,2017-03-07,2017-03-15,2017-03-28
9394dc14fe79,2017-02-28,2017-03-15,2017-03-28
793c393afd1c,2017-02-24,2017-03-15,2017-03-26
49893449fc2e,2017-03-12,2017-03-15,2017-03-28
4ebb46452a1a,2017-03-08,2017-03-15,2017-03-28
bfb9b0130121,2017-03-11,2017-03-15,2017-03-28
f8024ee78f1a,2017-03-21,2017-03-21,2017-03-28
920e53ade8d0,2017-03-03,2017-03-15,2017-03-28
823752aa0adb,2017-03-12,2017-03-15,2017-03-28
0a9f85d9e698,2017-03-17,2017-03-17,2017-03-28
6b117e62a465,2017-03-07,2017-03-15,2017-03-17
9655c72e1339,2017-03-24,2017-03-24,2017-03-28
a19e6173caa3,2017-02-13,2017-03-15,2017-03-28
1d42e6b7a570,2017-02-22,2017-03-15,2017-03-24
73a9dfd255ff,2017-02-23,2017-03-15,2017-03-24
b4cc52134086,2017-02-26,2017-03-15,2017-03-27
bbbdecdf9ad4,2017-03-22,2017-03-22,2017-03-28
1af8d39bd847,2017-03-16,2017-03-16,2017-03-28
406315da7dc4,2017-03-01,2017-03-15,2017-03-28
af7764769da7,2017-02-19,2017-03-15,2017-03-20
a2daa9acf7b2,2017-03-16,2017-03-16,2017-03-28
9ab004452522,2017-03-07,2017-03-15,2017-03-28
07f918769d22,2017-03-18,2017-03-18,2017-03-28
b7185db5faf6,2017-03-15,2017-03-15,2017-03-28
260d1db54e89,2017-03-03,2017-03-15,2017-03-28
b7ee68c2dc57,2017-03-26,2017-03-26,2017-03-28
933784510245,2017-02-22,2017-03-15,2017-03-24
014c023a5f81,2017-03-17,2017-03-17,2017-03-19
ed339d82bf9c,2017-03-05,2017-03-15,2017-03-28
d78030d088d0,2017-03-21,2017-03-21,2017-03-28
a048e36ceb4d,2017-02-15,2017-03-15,2017-03-17
025d8b58f559,2017-03-21,2017-03-21,2017-03-28
51156d32127e,2017-03-21,2017-03-21,2017-03-28
535b59801765,2017-03-23,2017-03-23,2017-03-28
6563fb9ae569,2017-03-19,2017-03-19,2017-03-28
1d11af87be35,2017-02-16,2017-03-15,2017-03-18
1a45940ef797,2017-03-18,2017-03-18,2017-03-28
4494b8e893f3,2017-03-13,2017-03-15,2017-03-28
190019adc39d,2017-02-22,2017-03-15,2017-03-24
f2c75aba85d0,2017-02-20,2017-03-15,2017-03-22
615070cbe26b,2017-02-15,2017-03-15,2017-03-17
587af93fe35f,2017-02-13,2017-03-15,2017-03-15
4d29c848be3d,2017-03-11,2017-03-15,2017-03-28
2c8af20523e6,2017-03-13,2017-03-15,2017-03-28
f5566ba4a34a,2017-03-10,2017-03-15,2017-03-28
c1521c48a3d9,2017-03-16,2017-03-16,2017-03-28
296e3dc400bf,2017-02-24,2017-03-15,2017-03-26
05ac0fb027a5,2017-02-25,2017-03-15,2017-03-27
74d656757b89,2017-03-21,2017-03-21,2017-03-28
f83496ef8caf,2017-03-12,2017-03-15,2017-03-28
485a7e219d24,2017-03-14,2017-03-15,2017-03-22
3c1650948a40,2017-03-08,2017-03-15,2017-03-28
162fcffada12,2017-03-05,2017-03-15,2017-03-28
b6d8c1d6aa99,2017-03-26,2017-03-26,2017-03-28
c563886eee60,2017-03-12,2017-03-15,2017-03-28
7fdc4744139f,2017-02-14,2017-03-15,2017-03-15
51b97dbcb622,2017-02-20,2017-03-15,2017-03-22
8d56d41466c4,2017-02-16,2017-03-15,2017-03-17
e413151952ba,2017-02-16,2017-03-15,2017-03-18
e5aaf9b3790e,2017-02-16,2017-03-15,2017-03-18
9452ebdd6c80,2017-02-26,2017-03-15,2017-03-28
9a03d2465e03,2017-03-15,2017-03-15,2017-03-21
4d6d62f634ed,2017-02-26,2017-03-15,2017-03-28
51322ffc34ba,2017-03-14,2017-03-15,2017-03-28
88ac0d93177f,2017-03-23,2017-03-24,2017-03-28
8bdcd8999ae3,2017-03-03,2017-03-15,2017-03-28
828b1b4b3c99,2017-02-13,2017-03-15,2017-03-15
a66c133fe732,2017-02-25,2017-03-15,2017-03-27
fb4468e33a94,2017-03-18,2017-03-18,2017-03-28
bc06b110fa0a,2017-02-28,2017-03-15,2017-03-28
adf261e1a037,2017-03-06,2017-03-15,2017-03-28
01cde8bc3374,2017-03-08,2017-03-15,2017-03-28
1916e71687dc,2017-03-02,2017-03-15,2017-03-28
583158c3802c,2017-03-09,2017-03-15,2017-03-28
c436fb845961,2017-02-25,2017-03-15,2017-03-27
9c8403c83d37,2017-02-28,2017-03-15,2017-03-28
41681fef28a4,2017-03-28,2017-03-28,2017-03-28
e3ad16bdfb17,2017-03-24,2017-03-24,2017-03-28
7f925ac5df14,2017-02-18,2017-03-15,2017-03-20
7a0cb089911a,2017-03-07,2017-03-15,2017-03-21
3592d365ff57,2017-03-02,2017-03-15,2017-03-28
c68ad31200ee,2017-02-23,2017-03-15,2017-03-25
ae7222769d64,2017-03-14,2017-03-15,2017-03-28
7f732d50bcee,2017-03-18,2017-03-18,2017-03-28
b7bcd8964f0a,2017-03-27,2017-03-27,2017-03-28
3b312672a157,2017-03-24,2017-03-24,2017-03-28
0dd3799adda2,2017-03-23,2017-03-23,2017-03-28
783eed2e8c3d,2017-02-17,2017-03-15,2017-03-19
bab045a143f3,2017-02-28,2017-03-15,2017-03-28
5891746e8066,2017-03-12,2017-03-15,2017-03-18
930c08cd2ab6,2017-02-17,2017-03-15,2017-03-18
290cb20c5a03,2017-03-08,2017-03-15,2017-03-28
c588d158a565,2017-02-17,2017-03-15,2017-03-18
ac6ab2abc2ff,2017-02-21,2017-03-15,2017-03-23
5e3bb93de4d4,2017-02-20,2017-03-15,2017-03-22
37ec303e9751,2017-03-10,2017-03-15,2017-03-28
1c4e7e7fc491,2017-02-21,2017-03-15,2017-03-23
76b17ffed500,2017-03-24,2017-03-24,2017-03-25
d6b52e548fe9,2017-02-23,2017-03-15,2017-03-24
fb005ffaa760,2017-03-13,2017-03-15,2017-03-28
f1b2cf447a67,2017-03-10,2017-03-15,2017-03-28
86be2efe7a4b,2017-02-19,2017-03-15,2017-03-21
6cc9380bcc41,2017-02-28,2017-03-15,2017-03-28
e6791b3baa5c,2017-02-17,2017-03-15,2017-03-19
57223bab11e9,2017-02-28,2017-03-15,2017-03-28
ee1ca5b12236,2017-03-14,2017-03-15,2017-03-28
af650156c3ed,2017-03-02,2017-03-15,2017-03-28
2ff2fe363c85,2017-02-26,2017-03-15,2017-03-28
3b367cc0ca37,2017-03-20,2017-03-20,2017-03-28
11f864fdcd91,2017-03-26,2017-03-26,2017-03-28
39004222ff0d,2017-03-04,2017-03-15,2017-03-28
251d4091919e,2017-03-01,2017-03-15,2017-03-28
f78fb006cc15,2017-02-20,2017-03-15,2017-03-22
d4b646a02db6,2017-03-05,2017-03-15,2017-03-28
836dabb4de03,2017-03-25,2017-03-25,2017-03-28
b4413ef075e8,2017-03-14,2017-03-15,2017-03-28
ad7e6d340a56,2017-02-16,2017-03-15,2017-03-18
d4e0196d2781,2017-03-28,2017-03-28,2017-03-28
259cf5410dfd,2017-02-19,2017-03-15,2017-03-20
e04ee0fcd938,2017-03-05,2017-03-15,2017-03-28
96a5d45fcc3a,2017-02-18,2017-03-15,2017-03-20
d9bab361adb9,2017-03-27,2017-03-27,2017-03-28
37f0381d8810,2017-02-20,2017-03-15,2017-03-22
100cdf1806cc,2017-03-09,2017-03-15,2017-03-28
f1e07be2aa09,2017-03-23,2017-03-23,2017-03-28
0b9f86a816be,2017-03-27,2017-03-27,2017-03-28
42605fca7d35,2017-02-18,2017-03-15,2017-03-20
cbf4936a76d6,2017-02-22,2017-03-15,2017-03-24
e588da17f375,2017-03-09,2017-03-15,2017-03-28
ea03ff2a2650,2017-03-14,2017-03-15,2017-03-28
5c93b73974bf,2017-03-07,2017-03-15,2017-03-28
204b1bb138ad,2017-03-24,2017-03-24,2017-03-28
7b1a56a88a4f,2017-02-19,2017-03-15,2017-03-21
428c740049f7,2017-03-14,2017-03-15,2017-03-28
8fdc7f36e746,2017-03-13,2017-03-15,2017-03-28
acfe1fb3c3f1,2017-03-08,2017-03-15,2017-03-28
bfd495a8d509,2017-02-19,2017-03-15,2017-03-21
1626db7eb7c0,2017-02-23,2017-03-15,2017-03-25
4dc220452155,2017-02-14,2017-03-15,2017-03-16
ebb59722e391,2017-03-19,2017-03-19,2017-03-28
f30a450c648a,2017-02-28,2017-03-15,2017-03-28
98502971cd13,2017-02-16,2017-03-15,2017-03-18
d922125a0349,2017-03-24,2017-03-24,2017-03-28
1e37e9de8dd6,2017-03-20,2017-03-20,2017-03-28
018a613a060a,2017-03-24,2017-03-24,2017-03-28
df46c100bec7,2017-02-19,2017-03-15,2017-03-20
8e785819e782,2017-03-22,2017-03-22,2017-03-28
6b7145d79c75,2017-03-15,2017-03-15,2017-03-28
f6112be4c077,2017-03-07,2017-03-15,2017-03-28
6424f1a19f98,2017-03-13,2017-03-15,2017-03-28
c5ae5bbb7982,2017-03-06,2017-03-15,2017-03-28
61f7d83a99b7,2017-02-28,2017-03-15,2017-03-28
066c604a129d,2017-02-24,2017-03-15,2017-03-26
c96f64192307,2017-03-10,2017-03-15,2017-03-28
588986b1ae81,2017-03-14,2017-03-15,2017-03-28
7c79ebae29d9,2017-03-15,2017-03-15,2017-03-28
75320cfe44bf,2017-02-28,2017-03-15,2017-03-28
c0f48d993985,2017-03-15,2017-03-15,2017-03-28
7f860183dace,2017-03-09,2017-03-15,2017-03-28
2e7190dbb321,2017-03-01,2017-03-15,2017-03-28
b9bed80b69d8,2017-02-17,2017-03-15,2017-03-18
0511f3d6ac6f,2017-03-28,2017-03-28,2017-03-28
4c54014639d1,2017-03-10,2017-03-15,2017-03-28
58c298b4110b,2017-02-22,2017-03-15,2017-03-24
6d1ad19e7a05,2017-02-24,2017-03-15,2017-03-26
ba7eb1d7768d,2017-03-21,2017-03-21,2017-03-28
9ff0bc876305,2017-03-01,2017-03-15,2017-03-28
79877207b208,2017-02-24,2017-03-15,2017-03-25
d10f62d920dd,2017-03-12,2017-03-15,2017-03-28
049ba892ffef,2017-02-20,2017-03-15,2017-03-22
10e75def3ae7,2017-03-01,2017-03-15,2017-03-28
2aa67e3a1997,2017-03-05,2017-03-15,2017-03-23
0dc7d4010b2f,2017-03-16,2017-03-16,2017-03-28
a205fd99f2ba,2017-02-27,2017-03-15,2017-03-28
6dc86738c827,2017-03-20,2017-03-20,2017-03-28
70f48596e262,2017-03-14,2017-03-15,2017-03-28
ba9016a66e7b,2017-03-24,2017-03-24,2017-03-28
4b37be688540,2017-02-17,2017-03-15,2017-03-18
cd807b887724,2017-02-26,2017-03-15,2017-03-27
4bf9097115f1,2017-02-19,2017-03-15,2017-03-21
e96632cc86d9,2017-03-08,2017-03-15,2017-03-28
3cd2af67a8be,2017-02-20,2017-03-15,2017-03-22
59447adfe722,2017-02-23,2017-03-15,2017-03-25
b3bafe029477,2017-02-23,2017-03-15,2017-03-24
a52efa01ef4c,2017-03-28,2017-03-28,2017-03-28
14cf6880405d,2017-03-23,2017-03-23,2017-03-28
328fe0f0e944,2017-03-27,2017-03-27,2017-03-28
1d9928930273,2017-02-20,2017-03-15,2017-03-21
06bc42b12b37,2017-02-18,2017-03-15,2017-03-20
c98513cd5d94,2017-02-17,2017-03-15,2017-03-19
de844514109c,2017-02-16,2017-03-15,2017-03-18
25e8a960cc47,2017-02-27,2017-03-15,2017-03-28
d92d8c40b531,2017-03-06,2017-03-15,2017-03-26
dfd5f978f42a,2017-03-01,2017-03-15,2017-03-28
364d556ccfaf,2017-03-10,2017-03-15,2017-03-28
419a60105fdb,2017-03-10,2017-03-15,2017-03-28
efdae7ea65e7,2017-02-24,2017-03-15,2017-03-25
c37883bec7d8,2017-02-15,2017-03-15,2017-03-17
3aa2cebf3e7f,2017-03-09,2017-03-15,2017-03-28
427f83464571,2017-02-27,2017-03-15,2017-03-28
1abfaee10b52,2017-02-25,2017-03-15,2017-03-26
219c270ccbe4,2017-03-04,2017-03-15,2017-03-28
377a249d40e8,2017-03-18,2017-03-18,2017-03-28
f0e710d243eb,2017-03-27,2017-03-27,2017-03-28
613d64d46110,2017-02-17,2017-03-15,2017-03-19
5ce887e3b2c1,2017-03-02,2017-03-15,2017-03-28
7463b0c96221,2017-03-09,2017-03-15,2017-03-28
3171849fb498,2017-02-21,2017-03-15,2017-03-22
3fb44d58fe7d,2017-02-20,2017-03-15,2017-03-22
dc54b08020ce,2017-03-28,2017-03-28,2017-03-28
a4b60ca86f40,2017-03-07,2017-03-15,2017-03-28
52fcc488651d,2017-02-24,2017-03-15,2017-03-25
45b50f59f68f,2017-03-07,2017-03-15,2017-03-28
c6a0a7f9bb2b,2017-03-15,2017-03-15,2017-03-28
e746edce88ad,2017-02-19,2017-03-15,2017-03-21
6435544d568b,2017-03-13,2017-03-15,2017-03-28
e346a7ddae20,2017-03-05,2017-03-15,2017-03-28
9e3893fe2e01,2017-02-19,2017-03-15,2017-03-21
8ea1625dec45,2017-02-24,2017-03-15,2017-03-26
e98b9468999e,2017-02-14,2017-03-15,2017-03-16
9350e5ac80da,2017-02-17,2017-03-15,2017-03-19
12434a0cb06d,2017-03-28,2017-03-28,2017-03-28
078c8ab9b602,2017-02-26,2017-03-15,2017-03-28
90565009224a,2017-03-10,2017-03-15,2017-03-28
96d4efb10235,2017-02-27,2017-03-15,2017-03-28
1724de3fc20b,2017-03-16,2017-03-16,2017-03-28
46de3a4fc7ad,2017-03-11,2017-03-15,2017-03-28
114a131de119,2017-03-23,2017-03-23,2017-03-28
3c2eb0acbf39,2017-02-15,2017-03-15,2017-03-16
996266eeae53,2017-03-19,2017-03-19,2017-03-28
fc5264d4be09,2017-03-27,2017-03-27,2017-03-28
a1a1debce468,2017-03-02,2017-03-15,2017-03-28
4f9e7ef1f369,2017-02-27,2017-03-15,2017-03-28
c8e79107c4d2,2017-03-17,2017-03-17,2017-03-28
b8d54437e314,2017-02-25,2017-03-15,2017-03-27
f826c5dec6ec,2017-02-18,2017-03-15,2017-03-20
5454fc996a9f,2017-02-23,2017-03-15,2017-03-25
96a5db3b96eb,2017-03-03,2017-03-15,2017-03-28
774348b37576,2017-03-05,2017-03-15,2017-03-28
024c2b0b807f,2017-03-02,2017-03-15,2017-03-28
55c2417469b1,2017-03-13,2017-03-15,2017-03-28
0df385432263,2017-03-15,2017-03-15,2017-03-28
486b3a38bc54,2017-02-25,2017-03-15,2017-03-27
1b2d033a379f,2017-03-27,2017-03-27,2017-03-28
28b14ada34d4,2017-03-14,2017-03-15,2017-03-17
43024209b3a9,2017-03-16,2017-03-16,2017-03-20
b6c16dae3275,2017-03-01,2017-03-15,2017-03-28
51fef77afea2,2017-02-21,2017-03-15,2017-03-23
93a646a2819a,2017-03-04,2017-03-15,2017-03-28
466124c1fa47,2017-03-25,2017-03-25,2017-03-28
65a1d3d139ae,2017-03-13,2017-03-15,2017-03-28
8a1f02d9c0fd,2017-02-17,2017-03-15,2017-03-19
3641fa8bc7d9,2017-03-21,2017-03-21,2017-03-28
488a907f2df3,2017-03-16,2017-03-16,2017-03-28
7358cda377f0,2017-03-02,2017-03-15,2017-03-28
8228c1f055bb,2017-03-04,2017-03-15,2017-03-28
e22d62de1fe2,2017-03-13,2017-03-15,2017-03-28
13f4fc57da2f,2017-02-19,2017-03-15,2017-03-20
6255559e9382,2017-03-25,2017-03-25,2017-03-28
1991f021c7b9,2017-02-28,2017-03-15,2017-03-28
18af507fd6ce,2017-02-25,2017-03-15,2017-03-27
5c8d70a76b40,2017-03-08,2017-03-15,2017-03-28
d69860f19fb7,2017-03-09,2017-03-15,2017-03-28
f64aefa9ae7a,2017-03-20,2017-03-20,2017-03-28
76b6a28be38a,2017-02-16,2017-03-15,2017-03-17
23d89514aa1b,2017-03-11,2017-03-15,2017-03-28
e58c1bed60ac,2017-02-16,2017-03-15,2017-03-18
058a1c8ecbca,2017-02-17,2017-03-15,2017-03-18
a42775ffea1f,2017-03-10,2017-03-15,2017-03-28
539108226579,2017-03-04,2017-03-15,2017-03-28
4cabcf261feb,2017-02-28,2017-03-15,2017-03-28
247599976390,2017-03-23,2017-03-23,2017-03-28
8345666f7768,2017-03-22,2017-03-22,2017-03-28
e6fa5fdcd818,2017-02-25,2017-03-15,2017-03-26
bcefa929f3af,2017-02-19,2017-03-15,2017-03-20
218a53a66d4d,2017-03-21,2017-03-21,2017-03-24
6d825695567b,2017-03-15,2017-03-15,2017-03-28
c73ac459e9c9,2017-03-15,2017-03-15,2017-03-28
efd97254d38c,2017-02-07,2017-03-15,2017-03-28
8348ceb978b4,2017-03-06,2017-03-15,2017-03-28
59d4fe603425,2017-03-18,2017-03-18,2017-03-28
fe745f8d4dd2,2017-03-02,2017-03-15,2017-03-28
fa19124bba6f,2017-03-03,2017-03-15,2017-03-28
1f9a6df71f41,2017-03-24,2017-03-24,2017-03-28
a7ac928b5709,2017-03-14,2017-03-15,2017-03-28
6775f4622dc2,2017-03-26,2017-03-26,2017-03-28
d83d167cffde,2017-02-16,2017-03-15,2017-03-18
d8a08961431a,2017-03-20,2017-03-20,2017-03-28
5cb4153f7199,2017-03-17,2017-03-17,2017-03-28
25f9faee94c4,2017-03-26,2017-03-26,2017-03-28
934578a7af34,2017-03-01,2017-03-15,2017-03-28
1596e5c6d0ef,2017-02-28,2017-03-15,2017-03-28
13d02513d45c,2017-03-04,2017-03-15,2017-03-28
3ed3e94b5f71,2017-03-12,2017-03-15,2017-03-28
4f23d615d6fd,2017-03-22,2017-03-22,2017-03-28
426dc8a67249,2017-03-04,2017-03-15,2017-03-28
cc3d0b9ccefc,2017-02-24,2017-03-15,2017-03-26
028bb9fae336,2017-03-11,2017-03-15,2017-03-28
a3dcab8164a0,2017-03-10,2017-03-15,2017-03-28
03db106e5673,2017-03-05,2017-03-15,2017-03-28
1270f75fb389,2017-03-03,2017-03-15,2017-03-28
81a96790c6c6,2017-02-17,2017-03-15,2017-03-19
3ccc2e30c458,2017-03-09,2017-03-15,2017-03-28
628377e41929,2017-02-24,2017-03-15,2017-03-26
aea1c0736112,2017-03-10,2017-03-15,2017-03-28
c78d334acd3a,2017-03-10,2017-03-15,2017-03-28
f06563a56785,2017-03-23,2017-03-23,2017-03-28
1b1407e270d1,2017-02-15,2017-03-15,2017-03-17
3aa92636c7eb,2017-03-12,2017-03-15,2017-03-28
e6fc89d5ff74,2017-03-24,2017-03-24,2017-03-28
c5dbf235e953,2017-02-28,2017-03-15,2017-03-28
1be03b37de4b,2017-02-22,2017-03-15,2017-03-24
0fdb70e29ebc,2017-02-27,2017-03-15,2017-03-28
18129e838c90,2017-02-16,2017-03-15,2017-03-17
eca1059c8d39,2017-02-19,2017-03-15,2017-03-21
e2729c9139e9,2017-02-14,2017-03-15,2017-03-16
da653950a8c5,2017-03-03,2017-03-15,2017-03-28
5a7197d7eb17,2017-02-15,2017-03-15,2017-03-17
a19612b302af,2017-03-26,2017-03-26,2017-03-28
eb213e1eee68,2017-03-14,2017-03-15,2017-03-28
10f5040bb123,2017-02-26,2017-03-15,2017-03-28
0d540a9f1cad,2017-03-19,2017-03-19,2017-03-28
efe89382dff8,2017-02-21,2017-03-15,2017-03-22
39a2656a3e08,2017-03-02,2017-03-15,2017-03-28
a67f4430db74,2017-03-12,2017-03-15,2017-03-28
1642b620e1b2,2017-02-18,2017-03-15,2017-03-20
ce1f78134c4e,2017-03-02,2017-03-15,2017-03-28
a34ca87fb3ba,2017-02-18,2017-03-15,2017-03-20
3f25ac473f62,2017-02-17,2017-03-15,2017-03-19
b6194d1ecd2b,2017-02-27,2017-03-15,2017-03-20
c30ba1a33144,2017-02-17,2017-03-15,2017-03-18
1318f9fbe09c,2017-02-16,2017-03-15,2017-03-17
665590fea5c1,2017-02-21,2017-03-15,2017-03-23
d1c740b31336,2017-03-02,2017-03-15,2017-03-28
c7d39afce9b7,2017-02-21,2017-03-15,2017-03-22
271087785414,2017-03-01,2017-03-15,2017-03-28
8646fc1632ea,2017-02-19,2017-03-15,2017-03-20
8a36846b0d9f,2017-03-23,2017-03-23,2017-03-28
0f9d466082b7,2017-02-15,2017-03-15,2017-03-17
d7116709a88f,2017-03-07,2017-03-15,2017-03-28
779f9bcdbba1,2017-03-07,2017-03-15,2017-03-28
07907d510b86,2017-02-24,2017-03-15,2017-03-26
547da3af6c8e,2017-03-18,2017-03-18,2017-03-28
962d90362c75,2017-03-16,2017-03-16,2017-03-28
b39f58f62b19,2017-03-13,2017-03-15,2017-03-28
5a8fdb9e15b0,2017-03-22,2017-03-22,2017-03-28
7858d8aa6ecc,2017-03-08,2017-03-15,2017-03-28
5f81a7dcc4da,2017-03-24,2017-03-24,2017-03-28
7683f4a8f9ac,2017-02-22,2017-03-15,2017-03-24
3391b1692f1c,2017-03-27,2017-03-27,2017-03-28
6d0b5d39dd80,2017-02-28,2017-03-15,2017-03-28
802b8d60ef7c,2017-03-21,2017-03-21,2017-03-28
9d4c25adcae1,2017-02-26,2017-03-15,2017-03-28
02b1cd61ff50,2017-02-25,2017-03-15,2017-03-27
0f9976997bbe,2017-02-14,2017-03-15,2017-03-16
0d625c172c75,2017-03-16,2017-03-16,2017-03-28
2ac695b6d827,2017-03-03,2017-03-15,2017-03-28
8a1d5e8681ca,2017-03-21,2017-03-21,2017-03-28
883d48ff0b9a,2017-03-26,2017-03-26,2017-03-28
4d7d6db35897,2017-03-09,2017-03-15,2017-03-28
bff3076d02d3,2017-03-13,2017-03-15,2017-03-16
92f7078ba933,2017-03-21,2017-03-21,2017-03-28
7a9a796b8b62,2017-03-10,2017-03-15,2017-03-28
68dbe46b80ee,2017-03-03,2017-03-15,2017-03-28
4c48ae2cf1eb,2017-02-19,2017-03-15,2017-03-20
5eb9f2b23d00,2017-03-18,2017-03-18,2017-03-28
5f2c6568e399,2017-02-20,2017-03-15,2017-03-22
a2223f693e87,2017-02-13,2017-03-15,2017-03-15
c765dfaa009d,2017-02-22,2017-03-15,2017-03-24
0ada234f0679,2017-03-16,2017-03-16,2017-03-28
9f2cc362eb3f,2017-03-20,2017-03-20,2017-03-28
eeb2cbf36059,2017-02-19,2017-03-15,2017-03-21
a66598988cae,2017-03-20,2017-03-20,2017-03-28
c26a50cd066a,2017-03-21,2017-03-21,2017-03-27
fab54e1b7aa1,2017-03-08,2017-03-15,2017-03-28
1ac296261f71,2017-03-15,2017-03-15,2017-03-28
8877628dcf3c,2017-02-28,2017-03-15,2017-03-28
04f20dc9fa12,2017-03-27,2017-03-27,2017-03-28
2bf379a50878,2017-03-08,2017-03-15,2017-03-28
e43f36836cb4,2017-03-10,2017-03-15,2017-03-28
7cf1dfe17434,2017-03-04,2017-03-15,2017-03-28
e6b125ed0718,2017-03-05,2017-03-15,2017-03-28
82fe2042f58b,2017-03-02,2017-03-15,2017-03-28
86d0864af781,2017-03-25,2017-03-25,2017-03-28
0bcce6c88edd,2017-03-06,2017-03-15,2017-03-28
e4faae31d74f,2017-03-08,2017-03-15,2017-03-28
daf9ae444b49,2017-03-21,2017-03-21,2017-03-28
9167cf3f6dff,2017-03-15,2017-03-15,2017-03-28
5ce0813f2f83,2017-02-16,2017-03-15,2017-03-18
103ee8af2571,2017-03-07,2017-03-15,2017-03-28
60a5858a5192,2017-02-22,2017-03-15,2017-03-23
80ae0af17e72,2017-03-02,2017-03-15,2017-03-28
1112c921705e,2017-03-03,2017-03-15,2017-03-28
e12cbb656ca2,2017-03-05,2017-03-15,2017-03-28
5a351c376658,2017-03-10,2017-03-15,2017-03-28
dd5af5b6a5c6,2017-03-20,2017-03-20,2017-03-28
5795d95b4e06,2017-03-21,2017-03-21,2017-03-28
e3c5f3525ce7,2017-02-20,2017-03-15,2017-03-22
eea9da1ca366,2017-03-08,2017-03-15,2017-03-28
bbdf07acc89a,2017-03-25,2017-03-25,2017-03-28
de4d87e720d7,2017-03-16,2017-03-16,2017-03-28
95ed21d4e670,2017-03-13,2017-03-15,2017-03-28
9527f093f23b,2017-02-23,2017-03-15,2017-03-25
1b5cb3574b05,2017-02-28,2017-03-15,2017-03-28
6983018fe355,2017-03-08,2017-03-15,2017-03-28
b0c24de0adfd,2017-02-23,2017-03-15,2017-03-24
e0fd7c0b2b13,2017-03-12,2017-03-15,2017-03-28
5326f479f4bb,2017-03-04,2017-03-15,2017-03-22
9a13c8ee295a,2017-03-21,2017-03-21,2017-03-28
445b81dcc219,2017-03-19,2017-03-19,2017-03-28
0b6e0852491d,2017-03-17,2017-03-17,2017-03-28
ed2a6101869b,2017-02-19,2017-03-15,2017-03-21
af0b3c1188dd,2017-03-11,2017-03-15,2017-03-28
38022f032fe6,2017-02-19,2017-03-15,2017-03-21
0c7e12f6560c,2017-03-20,2017-03-20,2017-03-28
9a03e46538ea,2017-03-27,2017-03-27,2017-03-28
ab935b077273,2017-03-11,2017-03-15,2017-03-28
54335a512ecc,2017-03-18,2017-03-18,2017-03-28
0441e5e12495,2017-02-20,2017-03-15,2017-03-22
2e6ea493636d,2017-03-08,2017-03-15,2017-03-28
9a9c980237c4,2017-02-22,2017-03-15,2017-03-23
ce8b798daf37,2017-03-09,2017-03-15,2017-03-25
e6cf2076982d,2017-02-27,2017-03-15,2017-03-28
39601ef69c30,2017-02-27,2017-03-15,2017-03-28
946a74cfed40,2017-03-20,2017-03-20,2017-03-28
4827a2eb23f5,2017-02-20,2017-03-15,2017-03-21
27007c8d7d40,2017-03-09,2017-03-15,2017-03-28
126e079a618a,2017-03-03,2017-03-15,2017-03-28
82f6754b0f68,2017-03-16,2017-03-16,2017-03-18
2d784f28e860,2017-03-14,2017-03-15,2017-03-28
06687deba32b,2017-03-08,2017-03-15,2017-03-28
719e520af30e,2017-03-19,2017-03-19,2017-03-28
e19cd26e5b81,2017-03-22,2017-03-22,2017-03-28
0879fcb1234c,2017-02-14,2017-03-15,2017-03-16
52929bf7e769,2017-03-15,2017-03-15,2017-03-28
94cc4d11c721,2017-03-12,2017-03-15,2017-03-28
fcf6c5a9f069,2017-02-20,2017-03-15,2017-03-22
161b5b2d7be5,2017-03-04,2017-03-15,2017-03-28
2db04df7cd14,2017-03-20,2017-03-20,2017-03-28
1bfee9fdc54e,2017-03-11,2017-03-15,2017-03-28
e17a0e6971f6,2017-03-11,2017-03-15,2017-03-28
b9485cb4ff23,2017-02-27,2017-03-15,2017-03-28
c70cb27612f2,2017-03-06,2017-03-15,2017-03-28
59400658e59e,2017-03-03,2017-03-15,2017-03-28
226b90b3ff80,2017-03-27,2017-03-27,2017-03-28
8d273533f80d,2017-03-03,2017-03-15,2017-03-28
8d258dc0fb6a,2017-02-18,2017-03-15,2017-03-20
3530bbc501f4,2017-02-22,2017-03-15,2017-03-24
7ca1d2c923d1,2017-03-09,2017-03-15,2017-03-28
c9ea6af994df,2017-03-04,2017-03-15,2017-03-28
e5a429b7f3c1,2017-03-11,2017-03-15,2017-03-28
b0363bb115c9,2017-03-26,2017-03-26,2017-03-28
3fdcac3fb8ba,2017-02-26,2017-03-15,2017-03-28
8a9e5026ccae,2017-02-27,2017-03-15,2017-03-28
ae2f30bd8263,2017-03-20,2017-03-20,2017-03-28
e86e0a5667d3,2017-03-12,2017-03-15,2017-03-28
af2aa73f25aa,2017-02-15,2017-03-15,2017-03-17
83f17b098837,2017-03-10,2017-03-15,2017-03-28
6880e397a1eb,2017-02-21,2017-03-15,2017-03-22
3eb3584b903e,2017-02-22,2017-03-15,2017-03-24
73b134f07a42,2017-02-14,2017-03-15,2017-03-16
303a14137d69,2017-03-09,2017-03-15,2017-03-28
7903bd4518f8,2017-02-19,2017-03-15,2017-03-21
440e8cc8c7e3,2017-03-14,2017-03-15,2017-03-28
6b83e83531e9,2017-03-11,2017-03-15,2017-03-28
1c3b263488c5,2017-03-01,2017-03-15,2017-03-28
0c35288432bf,2017-03-06,2017-03-15,2017-03-28
f47f20d7134c,2017-02-21,2017-03-15,2017-03-22
e102783211bd,2017-03-13,2017-03-15,2017-03-28
78778afce9ad,2017-03-04,2017-03-15,2017-03-28
aba67a90b343,2017-03-10,2017-03-15,2017-03-28
bf335bf44070,2017-03-09,2017-03-15,2017-03-27
6114f39a0e01,2017-02-27,2017-03-15,2017-03-28
0620bae7adec,2017-02-25,2017-03-15,2017-03-27
f1d00db9f598,2017-02-22,2017-03-15,2017-03-24
8cd20b016fe4,2017-03-24,2017-03-24,2017-03-28
92c6827b1c13,2017-03-18,2017-03-18,2017-03-28
c3b65741fae6,2017-03-09,2017-03-15,2017-03-28
a7ceb6080fb7,2017-02-20,2017-03-15,2017-03-21
d12cc4764597,2017-02-23,2017-03-15,2017-03-24
edc2b8342f12,2017-03-15,2017-03-15,2017-03-28
2d4d6ac3c794,2017-03-05,2017-03-15,2017-03-28
1ad9f21d4095,2017-03-11,2017-03-15,2017-03-28
8d10e2e5c37d,2017-02-28,2017-03-15,2017-03-28
af88d16221f7,2017-03-14,2017-03-15,2017-03-28
d8b15e69fdfe,2017-03-16,2017-03-16,2017-03-28
4315d8661689,2017-03-13,2017-03-15,2017-03-28
b2a1b018bd05,2017-03-10,2017-03-15,2017-03-28
7fba4e02bde0,2017-03-16,2017-03-16,2017-03-24
1d6cdec9f4b3,2017-03-06,2017-03-15,2017-03-28
17e2f2be5315,2017-02-16,2017-03-15,2017-03-18
ad1b24249a37,2017-03-21,2017-03-21,2017-03-28
4dced2e428e8,2017-03-14,2017-03-15,2017-03-28
372ee5f7fcc3,2017-02-25,2017-03-15,2017-03-26
2fc3a72a8d84,2017-03-17,2017-03-17,2017-03-28
a9a2bf34fa0a,2017-02-17,2017-03-15,2017-03-19
8860fea95e8f,2017-03-24,2017-03-24,2017-03-28
abd4873b3be0,2017-03-15,2017-03-15,2017-03-28
abd79e990649,2017-03-08,2017-03-15,2017-03-28
7211630d84e9,2017-02-15,2017-03-15,2017-03-17
217e0e0c2c32,2017-03-28,2017-03-28,2017-03-28
c4e34b1b2161,2017-02-13,2017-03-15,2017-03-15
3805bce6b9f0,2017-03-13,2017-03-15,2017-03-28
900c797f1083,2017-03-26,2017-03-26,2017-03-28
a9a14cc383cc,2017-02-14,2017-03-15,2017-03-16
df79f90019a7,2017-03-06,2017-03-15,2017-03-28
6694dff65a2a,2017-03-07,2017-03-15,2017-03-28
bdc250562822,2017-02-26,2017-03-15,2017-03-28
ee24504ef4d0,2017-02-28,2017-03-15,2017-03-28
379ac71cc75b,2017-03-08,2017-03-15,2017-03-28
255c96a02f82,2017-03-22,2017-03-22,2017-03-28
dbf4afac2e93,2017-03-14,2017-03-15,2017-03-28
32c7ab18c208,2017-03-07,2017-03-15,2017-03-28
0f435c071a96,2017-02-22,2017-03-15,2017-03-23
09c47c5539ce,2017-03-25,2017-03-25,2017-03-28
3dea6d3c847e,2017-03-25,2017-03-25,2017-03-28
bd2de3ed6c98,2017-03-13,2017-03-15,2017-03-18
ac70c7dec5a2,2017-02-24,2017-03-15,2017-03-26
ae707e251b33,2017-02-28,2017-03-15,2017-03-28
793972b657c8,2017-03-22,2017-03-22,2017-03-28
d17f4eb2c238,2017-02-26,2017-03-15,2017-03-27
6e777145a4c4,2017-02-21,2017-03-15,2017-03-23
4802dfb8266f,2017-02-22,2017-03-15,2017-03-24
ab74f8e71f12,2017-03-10,2017-03-15,2017-03-28
dc157d8bab0b,2017-03-11,2017-03-15,2017-03-28
8f97af4cfd60,2017-03-03,2017-03-15,2017-03-28
dd3193e086c3,2017-03-06,2017-03-15,2017-03-28
20dce00ca707,2017-02-18,2017-03-15,2017-03-19
248e4932c096,2017-03-09,2017-03-15,2017-03-20
62bd6723ba5c,2017-02-25,2017-03-15,2017-03-27
6d0dd0f8e8d8,2017-03-18,2017-03-18,2017-03-28
1321859d4cc1,2017-02-15,2017-03-15,2017-03-17
f215573cfb56,2017-03-11,2017-03-15,2017-03-28
4b475bde54b8,2017-03-14,2017-03-15,2017-03-28
a7f0451a9cf8,2017-03-17,2017-03-17,2017-03-28
f53f8c6d87d7,2017-03-12,2017-03-15,2017-03-28
7542b204196c,2017-03-17,2017-03-17,2017-03-28
69295b169522,2017-02-20,2017-03-15,2017-03-21
642a270c7733,2017-02-20,2017-03-15,2017-03-22
bbd0c404e302,2017-03-19,2017-03-19,2017-03-28
563beab8b210,2017-02-20,2017-03-15,2017-03-21
59bb5cae65dc,2017-03-25,2017-03-25,2017-03-28
677ee216de66,2017-03-17,2017-03-17,2017-03-28
d4d08bcac94c,2017-03-05,2017-03-15,2017-03-28
03d0e00c60a0,2017-02-25,2017-03-15,2017-03-26
156dcbafe87f,2017-02-17,2017-03-15,2017-03-18
5392ff23e724,2017-02-14,2017-03-15,2017-03-16
657d98f0e6c2,2017-02-18,2017-03-15,2017-03-20
4dced568f9d4,2017-02-24,2017-03-15,2017-03-25
2c493ecadcc8,2017-02-19,2017-03-15,2017-03-20
bd3a116e25cd,2017-03-27,2017-03-27,2017-03-28
3ff1d49d4c04,2017-03-09,2017-03-15,2017-03-28
5d88a550fc69,2017-03-11,2017-03-15,2017-03-28
ee6f5ceeaa5e,2017-03-05,2017-03-15,2017-03-28
5fccb9dda7ce,2017-03-05,2017-03-15,2017-03-28
59e0f54e1a05,2017-03-22,2017-03-22,2017-03-28
b81af2fcd826,2017-02-23,2017-03-15,2017-03-24
315f057dab3a,2017-02-14,2017-03-15,2017-03-16
b0a11660165d,2017-03-27,2017-03-27,2017-03-28
e8ff502c24c3,2017-03-12,2017-03-15,2017-03-28
db67a041b83c,2017-03-02,2017-03-15,2017-03-28
1825e1be270e,2017-03-16,2017-03-16,2017-03-28
5e9623c8edfd,2017-03-19,2017-03-19,2017-03-28
3d80bda3466e,2017-02-21,2017-03-15,2017-03-23
e5ee7f40f2ae,2017-02-23,2017-03-15,2017-03-24
7b9a8237641d,2017-02-21,2017-03-15,2017-03-22
872269417720,2017-02-15,2017-03-15,2017-03-16
5be9b2451ada,2017-03-13,2017-03-15,2017-03-28
8e61ededf648,2017-02-16,2017-03-15,2017-03-17
8975da560b25,2017-03-18,2017-03-18,2017-03-20
8ed4ea4b3a18,2017-02-15,2017-03-15,2017-03-17
21d14b153ef3,2017-03-09,2017-03-15,2017-03-28
be6384c312af,2017-03-01,2017-03-15,2017-03-28
28f595f2b639,2017-03-25,2017-03-25,2017-03-28
c7708e695d3b,2017-02-17,2017-03-15,2017-03-19
300b01f1e0d5,2017-03-14,2017-03-15,2017-03-28
8476f667fd88,2017-03-18,2017-03-18,2017-03-28
dc30f35be78a,2017-03-11,2017-03-15,2017-03-28
7ae618db5410,2017-03-12,2017-03-15,2017-03-28
f93a779c4def,2017-03-13,2017-03-15,2017-03-28
1312214c1618,2017-02-26,2017-03-15,2017-03-28
b6cfe134d820,2017-02-21,2017-03-15,2017-03-23
d206f566997c,2017-03-23,2017-03-23,2017-03-28
05c2a955c589,2017-03-14,2017-03-15,2017-03-28
3f30fc0150d0,2017-03-28,2017-03-28,2017-03-28
da56bb390e3b,2017-03-24,2017-03-24,2017-03-28
7e8a317df18b,2017-03-13,2017-03-15,2017-03-28
ae611ca7636a,2017-02-23,2017-03-15,2017-03-24
bf7408489656,2017-03-13,2017-03-15,2017-03-28
d4281b86b4f2,2017-02-22,2017-03-15,2017-03-24
8159fae00196,2017-03-19,2017-03-19,2017-03-28
c4c7d6064d89,2017-02-24,2017-03-15,2017-03-25
40e7c5500b1f,2017-03-18,2017-03-18,2017-03-28
6e1c4ee1fb00,2017-02-20,2017-03-15,2017-03-22
b23bdcf093c3,2017-02-17,2017-03-15,2017-03-19
5f9772ff4d61,2017-03-19,2017-03-19,2017-03-28
f29c821828eb,2017-03-13,2017-03-15,2017-03-28
e8d8506bf5b6,2017-02-15,2017-03-15,2017-03-17
febd3ed4d0f7,2017-03-13,2017-03-15,2017-03-28
d773ecae56f8,2017-03-07,2017-03-15,2017-03-28
0fa10dccc776,2017-03-13,2017-03-15,2017-03-28
723985409395,2017-03-03,2017-03-15,2017-03-28
fc78538a841a,2017-02-14,2017-03-15,2017-03-16
8e489e03feaf,2017-02-19,2017-03-15,2017-03-21
7e394ef9cff0,2017-03-12,2017-03-15,2017-03-28
b6c0255927bc,2017-03-05,2017-03-15,2017-03-28
5e35ba2aeefd,2017-03-16,2017-03-16,2017-03-21
82e2f8b97266,2017-03-11,2017-03-15,2017-03-28
b471049ae128,2017-03-11,2017-03-15,2017-03-28
fa89b81a1b27,2017-03-08,2017-03-15,2017-03-28
a1e3bfa883cf,2017-03-15,2017-03-15,2017-03-28
3dc7d374b282,2017-02-14,2017-03-15,2017-03-15
7b62f66d9e16,2017-02-19,2017-03-15,2017-03-20
f6549dfd5fa1,2017-03-26,2017-03-26,2017-03-28
4fb2d9b498ca,2017-03-06,2017-03-15,2017-03-28
6e5ae57c8238,2017-02-21,2017-03-15,2017-03-23
57584efb79c0,2017-03-06,2017-03-15,2017-03-28
58a68328da9b,2017-03-19,2017-03-19,2017-03-28
06eff3e38a58,2017-03-11,2017-03-15,2017-03-28
ed8d726570b2,2017-03-22,2017-03-22,2017-03-26
a373b8b8a78b,2017-02-14,2017-03-15,2017-03-15
706034d6f84d,2017-03-05,2017-03-15,2017-03-16
67590be5d535,2017-03-10,2017-03-15,2017-03-28
3db80fe8fa07,2017-02-18,2017-03-15,2017-03-20
92c7ee1d6246,2017-03-09,2017-03-15,2017-03-28
ed7a1b959b87,2017-03-02,2017-03-15,2017-03-28
7e34ee57774c,2017-03-27,2017-03-27,2017-03-28
3e70a599d8b6,2017-02-17,2017-03-15,2017-03-18
f90cfb858fa2,2017-02-15,2017-03-15,2017-03-17
fdc8ba40e699,2017-02-21,2017-03-15,2017-03-22
64d353b25a00,2017-02-18,2017-03-15,2017-03-20
c8cbac328bfd,2017-02-28,2017-03-15,2017-03-28
f2c99658962c,2017-02-23,2017-03-15,2017-03-25
14f2f494b08f,2017-02-25,2017-03-15,2017-03-27
6ccada6d9955,2017-03-13,2017-03-15,2017-03-28
6c54010c2661,2017-02-13,2017-03-15,2017-03-15
4759d837e863,2017-02-27,2017-03-15,2017-03-28
ab3784cac98e,2017-03-11,2017-03-15,2017-03-28
24141043cc13,2017-03-06,2017-03-15,2017-03-28
6ba9cc18466b,2017-03-22,2017-03-22,2017-03-28
8b5eb9a990f6,2017-02-15,2017-03-15,2017-03-17
fce530dd2eaf,2017-03-02,2017-03-15,2017-03-28
cd68ce47f885,2017-02-20,2017-03-15,2017-03-22
5cf069eca858,2017-02-14,2017-03-15,2017-03-16
6065aa352ad9,2017-03-24,2017-03-24,2017-03-28
a9d958e51371,2017-03-06,2017-03-15,2017-03-28
3d1aa5042ae7,2017-03-07,2017-03-15,2017-03-28
d5cf0f5d8166,2017-02-20,2017-03-15,2017-03-21
7176a17a13ec,2017-02-14,2017-03-15,2017-03-16
47fd148bfba1,2017-03-01,2017-03-15,2017-03-28
ce0c75eeee71,2017-03-24,2017-03-24,2017-03-28
0cfa2b8b11e5,2017-03-27,2017-03-27,2017-03-28
f8adc9c99369,2017-03-13,2017-03-15,2017-03-28
d31fca866b90,2017-03-07,2017-03-15,2017-03-28
d45cd43bd501,2017-03-22,2017-03-22,2017-03-28
b8e09ba4aeed,2017-02-25,2017-03-15,2017-03-27
8ef182508169,2017-03-21,2017-03-21,2017-03-28
3e72eb5b7e3d,2017-03-10,2017-03-15,2017-03-28
efbbdc277596,2017-02-19,2017-03-15,2017-03-20
ed55c1bbd53c,2017-03-01,2017-03-15,2017-03-28
ae412ad6bb73,2017-03-03,2017-03-15,2017-03-28
3ae127c0041a,2017-03-20,2017-03-20,2017-03-28
f2f3345152af,2017-03-11,2017-03-15,2017-03-28
82a2851398d6,2017-03-18,2017-03-18,2017-03-18
efc4a1c57f97,2017-03-18,2017-03-18,2017-03-28
a5675eae8b1d,2017-02-15,2017-03-15,2017-03-16
9f41c046fe47,2017-03-27,2017-03-27,2017-03-28
a66779acbc45,2017-03-09,2017-03-15,2017-03-28
3e53045440cb,2017-03-03,2017-03-15,2017-03-28
ac78a94485f2,2017-03-12,2017-03-15,2017-03-28
18460b4dfb3d,2017-03-14,2017-03-15,2017-03-28
6c8ab7c542ff,2017-02-20,2017-03-15,2017-03-21
854b69006c28,2017-02-23,2017-03-15,2017-03-25
ba2c980fafe7,2017-02-25,2017-03-15,2017-03-21
c51bc83b6c6e,2017-02-24,2017-03-15,2017-03-26
4d80f8d7fc50,2017-03-28,2017-03-28,2017-03-28
4b39f0428be5,2017-02-28,2017-03-15,2017-03-28
4632e839c34a,2017-03-03,2017-03-15,2017-03-28
72d0c58c8bb0,2017-03-19,2017-03-19,2017-03-28
bdc041133ba8,2017-02-25,2017-03-15,2017-03-27
211eef025bcc,2017-03-21,2017-03-21,2017-03-28
27101bb73f93,2017-03-12,2017-03-15,2017-03-28
6e917c30106c,2017-02-21,2017-03-15,2017-03-22
821adfb9e221,2017-03-11,2017-03-15,2017-03-28
2d7b64eb7fa2,2017-03-09,2017-03-15,2017-03-28
758b417ceeb7,2017-02-14,2017-03-15,2017-03-16
a145af314d74,2017-02-20,2017-03-15,2017-03-22
5922856f4da6,2017-03-14,2017-03-15,2017-03-28
d30df04e1b8d,2017-03-14,2017-03-15,2017-03-28
3443bfd1aec4,2017-03-19,2017-03-19,2017-03-28
e99e49924ba1,2017-02-21,2017-03-15,2017-03-23
0600b499ad4f,2017-03-23,2017-03-23,2017-03-28
ed26fe2e933d,2017-03-15,2017-03-15,2017-03-28
123c0dfaf460,2017-03-06,2017-03-15,2017-03-28
316ff18f45c7,2017-02-26,2017-03-15,2017-03-28
4adc52adb092,2017-02-22,2017-03-15,2017-03-24
6a1ed2d74745,2017-03-09,2017-03-15,2017-03-28
8b347e5c0d28,2017-03-10,2017-03-15,2017-03-28
dceb79f587ce,2017-03-26,2017-03-26,2017-03-28
c501aa1b567a,2017-03-15,2017-03-15,2017-03-28
6cb7e52d3046,2017-03-07,2017-03-15,2017-03-28
39544dac43d7,2017-03-14,2017-03-15,2017-03-28
c4caee291921,2017-03-09,2017-03-15,2017-03-28
e14b0bae9bca,2017-03-24,2017-03-24,2017-03-28
4243bfa64949,2017-03-02,2017-03-15,2017-03-28
2dcf43417756,2017-03-11,2017-03-15,2017-03-23
a5b06533e880,2017-03-08,2017-03-15,2017-03-28
a8f7536fcce3,2017-03-17,2017-03-17,2017-03-28
b7380ee383ff,2017-03-15,2017-03-15,2017-03-28
d454dcd574ab,2017-03-06,2017-03-15,2017-03-28
4236be473bfc,2017-03-22,2017-03-22,2017-03-28
772bb19073ea,2017-02-28,2017-03-15,2017-03-28
88c001f9cf62,2017-02-14,2017-03-15,2017-03-16
51019d4cb3d2,2017-02-25,2017-03-15,2017-03-26
4591eb3750c3,2017-03-20,2017-03-20,2017-03-28
24eec74b8fc7,2017-02-16,2017-03-15,2017-03-18
b68aa583532e,2017-03-15,2017-03-15,2017-03-28
d808f4e123e9,2017-03-17,2017-03-17,2017-03-28
0e3a84ce85a2,2017-03-07,2017-03-15,2017-03-28
cd7aded935a7,2017-02-23,2017-03-15,2017-03-25
f14461b30e69,2017-03-11,2017-03-15,2017-03-28
a9af8cb6003c,2017-02-18,2017-03-15,2017-03-20
3c15d4b5d72a,2017-03-08,2017-03-15,2017-03-28
e2d851070047,2017-02-21,2017-03-15,2017-03-22
9c8146356547,2017-03-01,2017-03-15,2017-03-28
066788335f9a,2017-02-27,2017-03-15,2017-03-28
36f655655b71,2017-03-12,2017-03-15,2017-03-28
a5febf6b17ab,2017-03-17,2017-03-17,2017-03-28
e7d25e1566ac,2017-03-06,2017-03-15,2017-03-28
bd75538ab498,2017-02-27,2017-03-15,2017-03-28
9e8b9b5fdc2a,2017-03-18,2017-03-18,2017-03-28
dd4ef040aec3,2017-03-02,2017-03-15,2017-03-28
6bceabc0c97c,2017-03-02,2017-03-15,2017-03-28
376d5dcb6b6a,2017-02-18,2017-03-15,2017-03-19
248de6fded9c,2017-02-22,2017-03-15,2017-03-24
2145895e8493,2017-02-15,2017-03-15,2017-03-17
3952ddcbef44,2017-03-13,2017-03-15,2017-03-28
3d034b6f4ff3,2017-03-13,2017-03-15,2017-03-28
c6300d31d8a8,2017-02-27,2017-03-15,2017-03-28
719b9345deb9,2017-03-12,2017-03-15,2017-03-28
71c3e88e8cb9,2017-02-14,2017-03-15,2017-03-16
31a5f2fd6602,2017-03-12,2017-03-15,2017-03-28
542badcbfcea,2017-03-21,2017-03-21,2017-03-28
6af51da1e038,2017-03-11,2017-03-15,2017-03-28
e59a4b2a41e7,2017-03-04,2017-03-15,2017-03-28
293310fd9c6b,2017-03-02,2017-03-15,2017-03-28
eafe58d60975,2017-03-08,2017-03-15,2017-03-28
36f42b868265,2017-03-05,2017-03-15,2017-03-28
e50b6d6e1d1f,2017-02-20,2017-03-15,2017-03-22
326d55817646,2017-02-21,2017-03-15,2017-03-22
073e0f96121b,2017-03-28,2017-03-28,2017-03-28
d82ae4c11a19,2017-03-02,2017-03-15,2017-03-28
455f2975d8a8,2017-02-20,2017-03-15,2017-03-22
92de9c4f0e8f,2017-02-21,2017-03-15,2017-03-23
27e7f1f9bf4f,2017-03-11,2017-03-15,2017-03-28
10430a7c5ca4,2017-03-24,2017-03-24,2017-03-28
c7c2fead9470,2017-03-14,2017-03-15,2017-03-28
48e4dd6c0c5a,2017-02-21,2017-03-15,2017-03-22
ba62a5c61d9b,2017-03-20,2017-03-20,2017-03-28
b0a91221b0c5,2017-03-23,2017-03-23,2017-03-28
a3cd336c775f,2017-03-27,2017-03-27,2017-03-28
9b09c59a90e8,2017-03-03,2017-03-15,2017-03-28
d7015236a28e,2017-03-24,2017-03-24,2017-03-28
20f4b62ddad7,2017-03-21,2017-03-21,2017-03-28
4d32d71c4c5d,2017-02-27,2017-03-15,2017-03-28
7657148de244,2017-03-11,2017-03-15,2017-03-28
5839d7da8ecc,2017-03-15,2017-03-15,2017-03-28
9d7659ef6219,2017-03-19,2017-03-19,2017-03-28
b9361e841945,2017-02-23,2017-03-15,2017-03-25
6961d83c5f3a,2017-03-03,2017-03-15,2017-03-28
d3400d2b034b,2017-03-13,2017-03-15,2017-03-28
a8df72a8f5fc,2017-03-26,2017-03-26,2017-03-28
5bfd440e6833,2017-03-01,2017-03-15,2017-03-18
9bbc8d2326de,2017-03-12,2017-03-15,2017-03-19
4ff94167a118,2017-02-23,2017-03-15,2017-03-25
27531e5f4968,2017-03-05,2017-03-15,2017-03-28
a296529c207d,2017-03-03,2017-03-15,2017-03-28
21081b816184,2017-03-24,2017-03-24,2017-03-28
36a17443c405,2017-02-24,2017-03-15,2017-03-26
5247f1f4281f,2017-02-21,2017-03-15,2017-03-22
3d608fe8ff53,2017-03-16,2017-03-16,2017-03-18
2cdd8fafc028,2017-03-06,2017-03-15,2017-03-28
04d414716b14,2017-03-13,2017-03-15,2017-03-28
ab975f348f43,2017-03-13,2017-03-15,2017-03-28
25b7374018e1,2017-03-04,2017-03-15,2017-03-28
4bc81dbe257f,2017-03-24,2017-03-24,2017-03-28
e81b7d9ba335,2017-03-01,2017-03-15,2017-03-28
c8a4df97292a,2017-03-20,2017-03-20,2017-03-28
a78cd2732ecc,2017-03-28,2017-03-28,2017-03-28
44bf015a4365,2017-03-22,2017-03-22,2017-03-28
7156b080d2c0,2017-02-23,2017-03-15,2017-03-25
84361d16d5dd,2017-03-02,2017-03-15,2017-03-28
9de40d20990e,2017-02-13,2017-03-15,2017-03-15
867ea2b544f0,2017-03-16,2017-03-16,2017-03-28
ddb4cef08fd7,2017-02-27,2017-03-15,2017-03-28
c8525adb32e6,2017-03-16,2017-03-16,2017-03-28
4c60969839c0,2017-02-15,2017-03-15,2017-03-17
014762310beb,2017-02-22,2017-03-15,2017-03-24
81c3bd65a075,2017-03-13,2017-03-15,2017-03-28
6948eb0fb795,2017-03-28,2017-03-28,2017-03-28
50413db03c44,2017-02-15,2017-03-15,2017-03-16
976341010cfb,2017-02-23,2017-03-15,2017-03-25
2285b0fa21c2,2017-03-02,2017-03-15,2017-03-28
20af786ba72c,2017-02-16,2017-03-15,2017-03-17
33a75af98544,2017-03-05,2017-03-15,2017-03-28
13a05c2cb85b,2017-03-27,2017-03-27,2017-03-28
b9c820ec7bbe,2017-03-06,2017-03-15,2017-03-28
93a10d41427e,2017-03-12,2017-03-15,2017-03-28
8a2c05d835ab,2017-02-20,2017-03-15,2017-03-22
15b9f11c30be,2017-03-21,2017-03-21,2017-03-28
78d7c0f7e1f1,2017-03-22,2017-03-22,2017-03-28
d8da7c632af4,2017-03-10,2017-03-15,2017-03-28
91c559b2b0a9,2017-02-19,2017-03-15,2017-03-21
619c50a8b07c,2017-03-12,2017-03-15,2017-03-28
34beed2dc148,2017-03-10,2017-03-15,2017-03-28
1cc69e13c2e4,2017-03-15,2017-03-15,2017-03-28
eba849d7209a,2017-03-23,2017-03-23,2017-03-28
b9d7dd5517a8,2017-03-11,2017-03-15,2017-03-28
33974f9d18b2,2017-03-26,2017-03-26,2017-03-28
e8842ee17d9b,2017-03-17,2017-03-17,2017-03-28
d9ce921ddfdb,2017-03-20,2017-03-20,2017-03-27
0939dcc1aa50,2017-03-28,2017-03-28,2017-03-28
cf895370e255,2017-03-13,2017-03-15,2017-03-28
05dabdc80d8a,2017-03-12,2017-03-15,2017-03-28
84b17aa90d17,2017-03-06,2017-03-15,2017-03-28
c562c17e5925,2017-03-23,2017-03-23,2017-03-28
b51b840fce29,2017-03-14,2017-03-15,2017-03-28
b53d54cc0b6c,2017-02-26,2017-03-15,2017-03-28
6ab265da8093,2017-02-21,2017-03-15,2017-03-23
78d98465f094,2017-02-15,2017-03-15,2017-03-17
858c2475ac42,2017-03-11,2017-03-15,2017-03-28
2c3ebb9dabf0,2017-03-08,2017-03-15,2017-03-28
50adb4ac2904,2017-03-16,2017-03-16,2017-03-28
2070380f0f2d,2017-03-01,2017-03-15,2017-03-28
0d9aecda6d13,2017-02-14,2017-03-15,2017-03-16
74a8910d2b6d,2017-02-19,2017-03-15,2017-03-21
399b1ffbeba9,2017-02-22,2017-03-15,2017-03-23
011e791c1b4e,2017-03-15,2017-03-15,2017-03-28
ba996b2bad29,2017-02-17,2017-03-15,2017-03-19
440eb48ba246,2017-03-06,2017-03-15,2017-03-28
7bad744812d2,2017-03-26,2017-03-26,2017-03-28
5721c6b30ef8,2017-03-15,2017-03-15,2017-03-28
64cce176b16e,2017-03-04,2017-03-15,2017-03-28
b6b03fcb19cb,2017-02-28,2017-03-15,2017-03-28
e1ea96ec5009,2017-02-19,2017-03-15,2017-03-20
41be656a0cb4,2017-02-28,2017-03-15,2017-03-28
5015a2544ed3,2017-02-28,2017-03-15,2017-03-28
61d2a4a20b35,2017-03-19,2017-03-19,2017-03-28
0dd1cec08fe3,2017-03-17,2017-03-17,2017-03-28
1d54548f7cb0,2017-03-05,2017-03-15,2017-03-28
41f0182d2b96,2017-03-14,2017-03-15,2017-03-28
a600753bb9fd,2017-03-27,2017-03-27,2017-03-28
7a525a37d4ce,2017-02-28,2017-03-15,2017-03-28
724342e59c4d,2017-03-19,2017-03-19,2017-03-28
b42a339da423,2017-03-16,2017-03-16,2017-03-28
0d61296f832f,2017-03-11,2017-03-15,2017-03-28
c53d7d70965d,2017-02-20,2017-03-15,2017-03-21
1efe3e0691ca,2017-03-20,2017-03-20,2017-03-28
7fff6dc86e5b,2017-02-18,2017-03-15,2017-03-19
7065e9fac75a,2017-03-20,2017-03-20,2017-03-28
f8ee2ed8cecf,2017-03-09,2017-03-15,2017-03-28
6acad4fdc011,2017-02-20,2017-03-15,2017-03-22
3c30d11afe25,2017-02-13,2017-03-15,2017-03-15
ad12e0044f33,2017-03-09,2017-03-15,2017-03-28
9d37e916e678,2017-02-16,2017-03-15,2017-03-18
ab205bba7781,2017-03-17,2017-03-17,2017-03-28
2e4b5d74478a,2017-03-04,2017-03-15,2017-03-28
224ca15d9142,2017-02-25,2017-03-15,2017-03-27
ddc68ebe93d2,2017-02-16,2017-03-15,2017-03-18
5d97310b4ed1,2017-02-17,2017-03-15,2017-03-19
1f9cee45a4b1,2017-02-20,2017-03-15,2017-03-22
63df8ce4b54c,2017-03-25,2017-03-25,2017-03-28
78151792b0f7,2017-03-15,2017-03-15,2017-03-28
e06f0985f43b,2017-02-28,2017-03-15,2017-03-28
164bc72c9eb5,2017-03-25,2017-03-25,2017-03-28
c7e6065d6b16,2017-03-03,2017-03-15,2017-03-28
45dbcece11b2,2017-03-04,2017-03-15,2017-03-28
df706c0e80b2,2017-03-09,2017-03-15,2017-03-28
c5a26c4eee08,2017-02-20,2017-03-15,2017-03-22
a18b03336792,2017-03-26,2017-03-26,2017-03-28
055c753b0cf5,2017-03-14,2017-03-15,2017-03-28
b6e565cf93c9,2017-02-18,2017-03-15,2017-03-19
90789695d765,2017-03-20,2017-03-20,2017-03-28
1af7983dba16,2017-02-21,2017-03-15,2017-03-23
ad92e1f5c268,2017-03-14,2017-03-15,2017-03-28
25aaaf6829b3,2017-03-21,2017-03-21,2017-03-28
d93a066f94b2,2017-03-21,2017-03-21,2017-03-28
509c0b51e4aa,2017-03-02,2017-03-15,2017-03-28
497fe8c2aa66,2017-02-22,2017-03-15,2017-03-24
46286a69174a,2017-03-02,2017-03-15,2017-03-28
cf415e9d10b8,2017-03-17,2017-03-17,2017-03-28
3217d04d954f,2017-03-12,2017-03-15,2017-03-28
9a6d8b5b93a2,2017-03-12,2017-03-15,2017-03-28
2e21f8e6d6d4,2017-03-12,2017-03-15,2017-03-28
39870f8507ca,2017-03-11,2017-03-15,2017-03-28
81e8638bfb3d,2017-03-15,2017-03-15,2017-03-28
540d7176fe47,2017-03-01,2017-03-15,2017-03-28
afeb32740f75,2017-03-24,2017-03-24,2017-03-28
feaca8ee777b,2017-03-09,2017-03-15,2017-03-28
c5fb015386b9,2017-02-17,2017-03-15,2017-03-19
13a8c2b00421,2017-03-07,2017-03-15,2017-03-28
5a6cba25ae04,2017-03-19,2017-03-19,2017-03-23
ee4899d80691,2017-03-19,2017-03-19,2017-03-28
c0e1f90f1f80,2017-02-27,2017-03-15,2017-03-28
2093d36d4b90,2017-02-18,2017-03-15,2017-03-17
4b89af355c19,2017-03-26,2017-03-26,2017-03-28
7ea0999699d7,2017-03-28,2017-03-28,2017-03-28
aa02c8fa72c7,2017-03-13,2017-03-15,2017-03-28
222ee975f68a,2017-02-24,2017-03-15,2017-03-26
fc0a3a6d2259,2017-02-18,2017-03-15,2017-03-19
f33c8a273033,2017-03-12,2017-03-15,2017-03-28
a0493d8160a8,2017-02-17,2017-03-15,2017-03-19
0357d3d3f417,2017-02-23,2017-03-15,2017-03-24
4152b1647789,2017-02-28,2017-03-15,2017-03-28
6827cb98568d,2017-03-19,2017-03-19,2017-03-28
9997e00596de,2017-03-22,2017-03-22,2017-03-28
501b27bce1d0,2017-03-23,2017-03-23,2017-03-28
cd6642688d8b,2017-02-27,2017-03-15,2017-03-28
8dbf7d130be7,2017-03-10,2017-03-15,2017-03-28
4c7f79c6d0a9,2017-02-27,2017-03-15,2017-03-28
9ae6e6b2184a,2017-02-23,2017-03-15,2017-03-25
984ba7eb24f4,2017-02-14,2017-03-15,2017-03-16
ed2ffd274dd6,2017-03-16,2017-03-16,2017-03-28
ebeb87f79e11,2017-03-11,2017-03-15,2017-03-28
b2f8d03605a7,2017-02-24,2017-03-15,2017-03-25
5f675c46d2ef,2017-02-20,2017-03-15,2017-03-22
b63691c7e218,2017-02-15,2017-03-15,2017-03-17
c90466e5f234,2017-03-09,2017-03-15,2017-03-28
fb8ef2d2a0ac,2017-02-27,2017-03-15,2017-03-28
a25b65a74aa1,2017-02-18,2017-03-15,2017-03-20
c40022f147d1,2017-02-25,2017-03-15,2017-03-27
0ba5057ed257,2017-03-15,2017-03-15,2017-03-28
93697f525825,2017-02-20,2017-03-15,2017-03-22
cd4d2c6d01ee,2017-03-22,2017-03-22,2017-03-28
1714c396a26b,2017-02-21,2017-03-15,2017-03-23
db66599f49b6,2017-02-20,2017-03-15,2017-03-22
2fc7f729137c,2017-03-10,2017-03-15,2017-03-28
8dee2a618ed9,2017-03-14,2017-03-15,2017-03-28
092d8e67496c,2017-03-01,2017-03-15,2017-03-28
153490872e02,2017-03-01,2017-03-15,2017-03-24
1edf1ed500dd,2017-03-14,2017-03-15,2017-03-25
b6fed0a31163,2017-03-14,2017-03-15,2017-03-28
f0a70465f3b3,2017-03-15,2017-03-15,2017-03-28
d4b35d179ede,2017-02-21,2017-03-15,2017-03-23
a6c04f23bfa6,2017-03-06,2017-03-15,2017-03-28
3389843a86ce,2017-02-18,2017-03-15,2017-03-19
bc2643ca07ff,2017-03-17,2017-03-17,2017-03-28
abb83fec20f4,2017-02-27,2017-03-15,2017-03-28
7ad549ac4c2a,2017-03-18,2017-03-18,2017-03-28
fd570bc9d03e,2017-02-25,2017-03-15,2017-03-26
19b4b3ac34bb,2017-03-14,2017-03-15,2017-03-28
c44a62c455a3,2017-03-01,2017-03-15,2017-03-28
db693f6566b0,2017-03-06,2017-03-15,2017-03-28
14bdb2d0d921,2017-03-05,2017-03-15,2017-03-28
f9b1d3157aec,2017-02-16,2017-03-15,2017-03-18
48f12650d899,2017-03-13,2017-03-15,2017-03-28
b27399a32597,2017-03-03,2017-03-15,2017-03-28
2e02edfa6093,2017-03-10,2017-03-15,2017-03-28
8eba64939e9f,2017-03-06,2017-03-15,2017-03-28
44ec00c12a37,2017-02-13,2017-03-15,2017-03-15
f27d041dd33b,2017-03-13,2017-03-15,2017-03-28
927a750c60e2,2017-02-26,2017-03-15,2017-03-28
8c2f1f044c3e,2017-03-16,2017-03-16,2017-03-28
5e14abe3b550,2017-03-13,2017-03-15,2017-03-28
e5a46f06533c,2017-03-01,2017-03-15,2017-03-28
4377f6c721cd,2017-03-14,2017-03-15,2017-03-28
90de16ccef44,2017-03-18,2017-03-18,2017-03-28
9a3abe4d978e,2017-03-12,2017-03-15,2017-03-19
b1d1f5e58eba,2017-02-18,2017-03-15,2017-03-19
17cdd35699bb,2017-02-28,2017-03-15,2017-03-28
4f65aea493c3,2017-03-21,2017-03-21,2017-03-28
fabebfcaacc4,2017-03-03,2017-03-15,2017-03-28
6a31922d5fcf,2017-02-18,2017-03-15,2017-03-20
964e973c961d,2017-03-23,2017-03-23,2017-03-28
de6c768b21ca,2017-03-13,2017-03-15,2017-03-28
cc820753a03a,2017-03-14,2017-03-15,2017-03-28
f9684b3c8cc1,2017-03-17,2017-03-17,2017-03-28
f6d7369cd229,2017-03-26,2017-03-26,2017-03-28
387facadba46,2017-03-02,2017-03-15,2017-03-28
82cb9e67c2d0,2017-03-12,2017-03-15,2017-03-28
7add47a6a1f6,2017-03-14,2017-03-15,2017-03-28
3a0dc3921392,2017-02-16,2017-03-15,2017-03-17
ca72dca58fcc,2017-03-21,2017-03-21,2017-03-28
2061b5b34a69,2017-03-14,2017-03-15,2017-03-28
5d823a132ca4,2017-02-20,2017-03-15,2017-03-22
cbea8e27a129,2017-02-23,2017-03-15,2017-03-25
fad1aeef86c8,2017-02-23,2017-03-15,2017-03-25
0694dcdc886a,2017-03-21,2017-03-21,2017-03-28
ddc037adb83c,2017-02-22,2017-03-15,2017-03-23
b45096bc1fa4,2017-02-21,2017-03-15,2017-03-23
0c98c4b2cee4,2017-03-28,2017-03-28,2017-03-28
ff4d49c29122,2017-02-18,2017-03-15,2017-03-17
4a8b0028280f,2017-03-26,2017-03-26,2017-03-28
6c8f574513b1,2017-03-03,2017-03-15,2017-03-28
44794b1ab9a4,2017-02-26,2017-03-15,2017-03-28
af28348afaee,2017-02-21,2017-03-15,2017-03-23
f78e0102a22f,2017-03-24,2017-03-24,2017-03-28
e7a5a06041bc,2017-03-26,2017-03-26,2017-03-28
ef0db28860b4,2017-03-06,2017-03-15,2017-03-28
82125066bf57,2017-03-13,2017-03-15,2017-03-28
f4cd80dfd33f,2017-03-24,2017-03-24,2017-03-28
ecf7a549e773,2017-02-22,2017-03-15,2017-03-24
e8fb82bc8204,2017-03-09,2017-03-15,2017-03-19
a45e58e52970,2017-03-02,2017-03-15,2017-03-28
d1698497768b,2017-02-20,2017-03-15,2017-03-21
138ce9d3fbe1,2017-03-18,2017-03-18,2017-03-28
6a057bdbeeac,2017-02-23,2017-03-15,2017-03-25
42c720775b18,2017-02-22,2017-03-15,2017-03-24
0e2c4e7f6e92,2017-03-24,2017-03-24,2017-03-28
9c5c35a9ce98,2017-03-19,2017-03-19,2017-03-28
caa50fa270de,2017-03-02,2017-03-15,2017-03-28
f4424b7688b9,2017-03-05,2017-03-15,2017-03-23
462f0946ffb2,2017-03-03,2017-03-15,2017-03-28
c634e02db0db,2017-02-25,2017-03-15,2017-03-27
906a2a7e65ca,2017-02-26,2017-03-15,2017-03-28
d17b583298cc,2017-03-02,2017-03-15,2017-03-28
e9f94eec4e1c,2017-03-12,2017-03-15,2017-03-28
f779a7b4f8fb,2017-03-19,2017-03-19,2017-03-28
5448bb509294,2017-02-16,2017-03-15,2017-03-18
548ab2b5f4ae,2017-03-13,2017-03-15,2017-03-28
ace685e5d613,2017-03-17,2017-03-17,2017-03-28
e113e726792c,2017-02-26,2017-03-15,2017-03-28
69256248d117,2017-03-26,2017-03-26,2017-03-28
a9781de4a860,2017-02-18,2017-03-15,2017-03-20
fa4d174afee0,2017-03-15,2017-03-15,2017-03-28
6537189c9130,2017-02-15,2017-03-15,2017-03-17
4cfbbcc1b8d7,2017-02-21,2017-03-15,2017-03-23
9330b3454a63,2017-03-17,2017-03-17,2017-03-28
e01714306b81,2017-02-14,2017-03-15,2017-03-16
f652f406a656,2017-03-26,2017-03-26,2017-03-28
35f73a1f8616,2017-03-03,2017-03-15,2017-03-28
cfc008aa7e4c,2017-03-20,2017-03-20,2017-03-28
7fbc9cb20c6f,2017-03-06,2017-03-15,2017-03-28
a5afe9591ea8,2017-02-22,2017-03-15,2017-03-24
2f5208bd5837,2017-03-06,2017-03-15,2017-03-28
c4706b40ce2a,2017-03-15,2017-03-15,2017-03-28
14f11b700196,2017-02-18,2017-03-15,2017-03-19
378f3fe8293e,2017-03-07,2017-03-15,2017-03-28
a9931d52362a,2017-03-09,2017-03-15,2017-03-28
9a039714196f,2017-03-25,2017-03-25,2017-03-28
78e7e1e687cb,2017-02-20,2017-03-15,2017-03-21
8be410305d0d,2017-03-08,2017-03-15,2017-03-28
3320d536cba9,2017-03-13,2017-03-15,2017-03-28
c9e37aafc368,2017-02-22,2017-03-15,2017-03-17
3e5f517b986e,2017-03-02,2017-03-15,2017-03-28
4027a2d72b79,2017-02-28,2017-03-15,2017-03-28
884f26164a76,2017-02-27,2017-03-15,2017-03-28
1ab97266b901,2017-03-26,2017-03-26,2017-03-28
4e4b1454de03,2017-03-14,2017-03-15,2017-03-28
cb2ac3b790b0,2017-02-21,2017-03-15,2017-03-22
316a4b512e57,2017-03-26,2017-03-26,2017-03-28
3db8eb640a1c,2017-03-07,2017-03-15,2017-03-28
aebf99e989ef,2017-03-06,2017-03-15,2017-03-28
525f89c84d66,2017-02-14,2017-03-15,2017-03-16
2c208ab4bf7c,2017-02-19,2017-03-15,2017-03-19
e5bfe980e6d2,2017-02-17,2017-03-15,2017-03-19
e2658bb66ae3,2017-03-05,2017-03-15,2017-03-28
0bc812321575,2017-02-28,2017-03-15,2017-03-28
525a343b8b05,2017-03-11,2017-03-15,2017-03-28
46e1de6f3406,2017-03-07,2017-03-15,2017-03-28
39a90eaeaf83,2017-03-17,2017-03-17,2017-03-28
681264a902d8,2017-02-24,2017-03-15,2017-03-26
a4caa13dab7d,2017-03-11,2017-03-15,2017-03-28
762c6c4c627c,2017-02-17,2017-03-15,2017-03-19
b4883e807b61,2017-03-24,2017-03-24,2017-03-28
12857b786046,2017-03-10,2017-03-15,2017-03-28
8b2990b25e2e,2017-03-19,2017-03-19,2017-03-28
68d82fefa09d,2017-03-12,2017-03-15,2017-03-28
a2f90247407d,2017-02-24,2017-03-15,2017-03-26
674af07a6c45,2017-03-10,2017-03-15,2017-03-28
63db612fd80a,2017-03-27,2017-03-27,2017-03-28
484e0f366d07,2017-02-23,2017-03-15,2017-03-25
df4a9072f507,2017-03-21,2017-03-21,2017-03-28
4a9ca48c3a7b,2017-03-22,2017-03-22,2017-03-28
454e123a1159,2017-03-23,2017-03-23,2017-03-28
da559a0a63ee,2017-02-23,2017-03-15,2017-03-24
9260ca5b71f5,2017-02-17,2017-03-15,2017-03-19
6498d6048ee5,2017-02-25,2017-03-15,2017-03-27
0d409a333c80,2017-02-15,2017-03-15,2017-03-17
dbceaf17389e,2017-03-20,2017-03-20,2017-03-28
78b21bdf24af,2017-03-10,2017-03-15,2017-03-28
89c53393f019,2017-03-08,2017-03-15,2017-03-28
c26dfa87e9c8,2017-03-07,2017-03-15,2017-03-28
d58803209028,2017-03-04,2017-03-15,2017-03-28
bccb8a9971a3,2017-02-09,2017-03-15,2017-03-16
3cb8527ae8d8,2017-02-21,2017-03-15,2017-03-23
d0ebc1d7a8d1,2017-03-25,2017-03-25,2017-03-28
7c39f6ce77ab,2017-03-10,2017-03-15,2017-03-28
51682154acc4,2017-03-14,2017-03-15,2017-03-28
df85ea7dd0f3,2017-02-20,2017-03-15,2017-03-22
c698bf303a86,2017-03-13,2017-03-15,2017-03-28
72e9d563ef68,2017-03-04,2017-03-15,2017-03-28
c2378aa5ab69,2017-02-20,2017-03-15,2017-03-22
5e693f1c63e4,2017-03-06,2017-03-15,2017-03-28
1c639aebf231,2017-02-15,2017-03-15,2017-03-17
15bd1633b2c6,2017-03-04,2017-03-15,2017-03-28
391ea543b3d6,2017-03-13,2017-03-15,2017-03-28
ba74fb3915a2,2017-03-08,2017-03-15,2017-03-24
f429338db48d,2017-03-12,2017-03-15,2017-03-28
1acfea85ac56,2017-03-11,2017-03-15,2017-03-28
5abbf3ef4b37,2017-02-26,2017-03-15,2017-03-28
330b1885c919,2017-03-09,2017-03-15,2017-03-28
0d5b89515615,2017-02-26,2017-03-15,2017-03-27
26df4e152977,2017-02-26,2017-03-15,2017-03-28
a49ebcae2805,2017-03-04,2017-03-15,2017-03-28
9a04a6cdaf62,2017-02-13,2017-03-15,2017-03-15
377daceb35e5,2017-02-27,2017-03-15,2017-03-28
81709f608a0d,2017-02-24,2017-03-15,2017-03-25
83d04c4c3774,2017-02-22,2017-03-15,2017-03-24
1c48a04bf8d5,2017-03-03,2017-03-15,2017-03-28
9c0cf6cfb5fb,2017-03-13,2017-03-15,2017-03-28
34d15853c8b6,2017-03-18,2017-03-18,2017-03-28
e4cb71d3a5a4,2017-03-21,2017-03-21,2017-03-28
0348de1e154d,2017-02-25,2017-03-15,2017-03-26
dc8645ece632,2017-03-02,2017-03-15,2017-03-28
df07dbda3394,2017-03-14,2017-03-15,2017-03-28
292187691019,2017-02-13,2017-03-15,2017-03-15
b301fef723a8,2017-03-28,2017-03-28,2017-03-28
acbca7e80534,2017-03-08,2017-03-15,2017-03-28
ed541c7a6ae8,2017-02-22,2017-03-15,2017-03-23
1d428b126ef1,2017-03-12,2017-03-15,2017-03-28
dde92fe97fef,2017-03-01,2017-03-15,2017-03-28
4d8f9aa57b4b,2017-02-26,2017-03-15,2017-03-28
801723b377f9,2017-03-12,2017-03-15,2017-03-28
fee57bf35d9e,2017-02-14,2017-03-15,2017-03-16
eca92b9530c7,2017-03-12,2017-03-15,2017-03-28
e1d05a1afa38,2017-02-27,2017-03-25,2017-03-28
ed53ae21de1e,2017-02-23,2017-03-15,2017-03-20
5c894f86e0b3,2017-03-22,2017-03-22,2017-03-28
b91686f64ac7,2017-03-24,2017-03-24,2017-03-28
0ce511867e62,2017-03-10,2017-03-15,2017-03-28
f5997ff957bc,2017-03-27,2017-03-27,2017-03-28
9ec994f8a6b1,2017-02-18,2017-03-15,2017-03-19
51ce6253d59e,2017-02-24,2017-03-15,2017-03-26
42e35dfd5b25,2017-03-27,2017-03-27,2017-03-28
66226d62e361,2017-02-22,2017-03-15,2017-03-23
24f01b122252,2017-03-05,2017-03-15,2017-03-28
16c46a53b919,2017-03-04,2017-03-15,2017-03-28
02740a0a1aad,2017-03-04,2017-03-15,2017-03-28
3dd37384f17d,2017-02-14,2017-03-15,2017-03-16
dc5618828a40,2017-03-10,2017-03-15,2017-03-28
f743de54b9ed,2017-02-16,2017-03-15,2017-03-18
5e8edadc1f1e,2017-03-09,2017-03-15,2017-03-28
ec03d2a65678,2017-02-22,2017-03-15,2017-03-24
daa3b9cc6520,2017-03-24,2017-03-24,2017-03-28
f617747e986f,2017-03-25,2017-03-25,2017-03-28
68db65b6cc0b,2017-03-23,2017-03-23,2017-03-28
60e56faa7e9b,2017-02-24,2017-03-15,2017-03-26
04e6e16bed9d,2017-03-27,2017-03-27,2017-03-28
88b15c04b724,2017-03-08,2017-03-15,2017-03-28
f90130a544d6,2017-03-12,2017-03-15,2017-03-28
b01b56d5b2b8,2017-03-20,2017-03-20,2017-03-28
84d6c5619178,2017-03-23,2017-03-23,2017-03-28
794d175f46c4,2017-03-18,2017-03-18,2017-03-28
a79c22ccefda,2017-02-25,2017-03-15,2017-03-27
3a141485472d,2017-03-21,2017-03-21,2017-03-28
5c2b608a051c,2017-02-20,2017-03-15,2017-03-22
1cb5700f626b,2017-02-27,2017-03-15,2017-03-28
398fdf76cdfd,2017-02-27,2017-03-15,2017-03-28
238264f52d4c,2017-03-19,2017-03-19,2017-03-28
7c73f1a06ba6,2017-03-06,2017-03-15,2017-03-28
96931d99e080,2017-02-28,2017-03-15,2017-03-28
7e735a6003b6,2017-03-14,2017-03-15,2017-03-28
4ba545399928,2017-03-09,2017-03-15,2017-03-28
4620599677aa,2017-03-21,2017-03-21,2017-03-28
0609320813bb,2017-03-17,2017-03-17,2017-03-28
fa0f60697604,2017-02-20,2017-03-15,2017-03-22
831362209da8,2017-02-22,2017-03-15,2017-03-23
da238db55bf0,2017-02-22,2017-03-15,2017-03-24
789cf23ebeed,2017-03-12,2017-03-15,2017-03-28
eb2cd4af9d8a,2017-03-16,2017-03-16,2017-03-28
f82049b24e73,2017-03-28,2017-03-28,2017-03-28
e46dafe6a4f4,2017-02-23,2017-03-15,2017-03-24
26f1c22d2094,2017-02-21,2017-03-15,2017-03-23
6f99721c4c10,2017-03-19,2017-03-19,2017-03-28
0bc4840e7f3b,2017-02-28,2017-03-15,2017-03-28
597b1220ec04,2017-03-25,2017-03-25,2017-03-27
295bc5fcb17b,2017-02-27,2017-03-15,2017-03-28
ca9896be4e82,2017-03-14,2017-03-15,2017-03-28
6dcb3bb25bb9,2017-03-20,2017-03-20,2017-03-28
64f2e57949c5,2017-02-28,2017-03-15,2017-03-28
bcb892c938b6,2017-02-28,2017-03-15,2017-03-24
3e256fd22a77,2017-03-06,2017-03-15,2017-03-28
380aa0d3c21a,2017-03-02,2017-03-15,2017-03-28
7effe523c6c5,2017-02-16,2017-03-15,2017-03-18
190e83b18792,2017-03-20,2017-03-20,2017-03-28
0a965f533ee7,2017-02-10,2017-03-15,2017-03-28
d9f684035a90,2017-03-15,2017-03-15,2017-03-28
a941376666e0,2017-03-19,2017-03-19,2017-03-28
5952fc64659f,2017-03-02,2017-03-15,2017-03-28
7f81a76038df,2017-03-08,2017-03-15,2017-03-28
27ededdd3149,2017-03-27,2017-03-27,2017-03-28
095c0ee787d0,2017-03-08,2017-03-15,2017-03-28
44b2d3266cf4,2017-03-27,2017-03-27,2017-03-28
54cfeef1eace,2017-02-16,2017-03-15,2017-03-18
59c86c965e0d,2017-03-20,2017-03-20,2017-03-28
d6156895068a,2017-02-22,2017-03-15,2017-03-24
5c6e8372ef3d,2017-03-17,2017-03-17,2017-03-28
79ac6ec0e1ff,2017-03-25,2017-03-25,2017-03-28
cbb6de8d87e3,2017-02-16,2017-03-15,2017-03-18
38a3903e4a32,2017-02-19,2017-03-15,2017-03-21
39f3a4abc7aa,2017-02-24,2017-03-15,2017-03-26
47bc37215662,2017-03-09,2017-03-15,2017-03-28
8ade5c8c1d53,2017-03-13,2017-03-15,2017-03-28
f657a6ae625e,2017-03-19,2017-03-19,2017-03-28
95366f3e0005,2017-03-03,2017-03-15,2017-03-28
a164748198f3,2017-03-13,2017-03-15,2017-03-28
456c044c49e9,2017-03-09,2017-03-15,2017-03-28
7d1ee24592d4,2017-03-24,2017-03-24,2017-03-28
8f4c60329174,2017-03-02,2017-03-15,2017-03-28
742544e397b7,2017-02-17,2017-03-15,2017-03-19
a7e42ac9b23a,2017-03-22,2017-03-22,2017-03-28
f12fb9380871,2017-02-18,2017-03-15,2017-03-21
8e797fe851c8,2017-03-10,2017-03-15,2017-03-28
56e1fa3807c5,2017-02-28,2017-03-15,2017-03-28
abe2f934f2eb,2017-02-18,2017-03-15,2017-03-20
4dd0e55f7fc7,2017-02-16,2017-03-15,2017-03-18
fc707ed2fcd5,2017-02-20,2017-03-15,2017-03-22
8ce1a03539de,2017-02-17,2017-03-15,2017-03-19
38abd3a41d46,2017-03-06,2017-03-15,2017-03-28
486143f2b753,2017-02-16,2017-03-15,2017-03-18
61ad6efa9f46,2017-03-13,2017-03-15,2017-03-28
739b165964ae,2017-03-10,2017-03-15,2017-03-28
e653fa802071,2017-02-22,2017-03-15,2017-03-23
ecd8ad1cc5b7,2017-02-21,2017-03-15,2017-03-23
74150bcf44f0,2017-03-17,2017-03-17,2017-03-28
0c62b9172eeb,2017-03-25,2017-03-25,2017-03-28
c835bba642fd,2017-03-22,2017-03-22,2017-03-28
f9d2fab471c7,2017-03-13,2017-03-15,2017-03-28
359a4dcee49a,2017-02-28,2017-03-15,2017-03-28
2a2d2f869b13,2017-03-21,2017-03-21,2017-03-28
c79261cea8a1,2017-03-15,2017-03-15,2017-03-28
79a0a8c8160c,2017-03-13,2017-03-15,2017-03-28
b134e2457427,2017-03-20,2017-03-20,2017-03-28
c7c51cdffeb5,2017-03-02,2017-03-15,2017-03-28
da809f8ef9ee,2017-03-18,2017-03-18,2017-03-28
5f27cc98c722,2017-03-05,2017-03-15,2017-03-28
2813b0739ac8,2017-03-10,2017-03-15,2017-03-28
387063d1acf8,2017-02-18,2017-03-15,2017-03-19
14b0b3652339,2017-03-04,2017-03-15,2017-03-28
f94187e19b8d,2017-03-07,2017-03-15,2017-03-28
e53bf4157112,2017-03-15,2017-03-15,2017-03-28
9687df8c5981,2017-03-07,2017-03-15,2017-03-28
9644b89f8722,2017-03-07,2017-03-15,2017-03-28
d7ac4a67084d,2017-02-20,2017-03-15,2017-03-22
60dfc1b16b86,2017-02-17,2017-03-15,2017-03-19
041907620d46,2017-03-16,2017-03-16,2017-03-17
38c5bd8866f1,2017-03-10,2017-03-15,2017-03-28
0921193feacb,2017-03-06,2017-03-15,2017-03-28
841960e137cf,2017-02-15,2017-03-15,2017-03-17
46a078c8513a,2017-02-14,2017-03-15,2017-03-15
04cba7deee5a,2017-03-10,2017-03-15,2017-03-28
5a8ef1145278,2017-02-28,2017-03-15,2017-03-28
0be413644e1a,2017-02-16,2017-03-15,2017-03-18
f5738ed0bdc6,2017-02-17,2017-03-15,2017-03-19
f48636bc5cf9,2017-02-25,2017-03-15,2017-03-26
fbadb05c187b,2017-03-19,2017-03-19,2017-03-28
2f640cf20d1a,2017-02-14,2017-03-15,2017-03-16
b3553236878f,2017-02-17,2017-03-15,2017-03-18
6a569cf11f03,2017-02-25,2017-03-15,2017-03-27
e665c82fa9ef,2017-02-23,2017-03-15,2017-03-25
d9bbd2172fec,2017-03-15,2017-03-15,2017-03-28
c87f1d82a115,2017-03-22,2017-03-22,2017-03-28
5bf20dbffa98,2017-03-28,2017-03-28,2017-03-28
8c00c735205d,2017-03-04,2017-03-15,2017-03-28
084f0bd23e1c,2017-03-02,2017-03-15,2017-03-28
6db53afa24a0,2017-03-14,2017-03-15,2017-03-28
3df40891c440,2017-03-24,2017-03-24,2017-03-28
bb90a2346db5,2017-03-08,2017-03-15,2017-03-28
42164d13f768,2017-03-14,2017-03-15,2017-03-28
8ca2d1796412,2017-03-08,2017-03-15,2017-03-28
dd218d4aaee5,2017-03-23,2017-03-23,2017-03-28
93f08cdb23ef,2017-03-01,2017-03-15,2017-03-28
ea748ab3a69f,2017-03-04,2017-03-15,2017-03-23
93637e78ad07,2017-02-13,2017-03-15,2017-03-15
17c9e4c3df8c,2017-03-21,2017-03-21,2017-03-28
305f4b758935,2017-02-17,2017-03-15,2017-03-18
44ebfd3621b2,2017-03-27,2017-03-27,2017-03-28
63ff3944f696,2017-02-20,2017-03-15,2017-03-22
b73c76657c6f,2017-03-01,2017-03-15,2017-03-28
87e698b6abe3,2017-03-14,2017-03-15,2017-03-28
b758625451c0,2017-03-14,2017-03-15,2017-03-28
b3fe2de21e98,2017-03-10,2017-03-15,2017-03-28
e8bd7deca9d0,2017-03-10,2017-03-15,2017-03-28
9491f5e0a43b,2017-03-14,2017-03-15,2017-03-28
0a4d3eeb02e0,2017-03-16,2017-03-16,2017-03-28
b9f46fdfd0ee,2017-03-22,2017-03-22,2017-03-28
02aa4f8f0e3f,2017-03-13,2017-03-15,2017-03-28
5d7a77a69555,2017-03-25,2017-03-25,2017-03-28
6c3d7433d1f6,2017-03-07,2017-03-15,2017-03-28
0ee6a30587bd,2017-03-27,2017-03-27,2017-03-28
4d1afbbd2726,2017-03-10,2017-03-15,2017-03-28
b53ec7b98c69,2017-03-20,2017-03-20,2017-03-28
c15ba56403ef,2017-02-15,2017-03-15,2017-03-16
3935d3f333f3,2017-03-16,2017-03-16,2017-03-28
2685617fa85d,2017-03-07,2017-03-15,2017-03-28
98abbcda1a9b,2017-03-05,2017-03-15,2017-03-28
7a71ecf0bdc0,2017-03-06,2017-03-15,2017-03-28
888a1abd230d,2017-02-21,2017-03-15,2017-03-23
10698805d59a,2017-03-24,2017-03-24,2017-03-28
44e2fc81a1c6,2017-03-18,2017-03-18,2017-03-28
fb179808b6c3,2017-03-23,2017-03-23,2017-03-28
db31661f47be,2017-02-25,2017-03-15,2017-03-27
8c0e27274432,2017-03-28,2017-03-28,2017-03-28
42a5216b5d73,2017-03-14,2017-03-15,2017-03-28
104091b40823,2017-03-23,2017-03-23,2017-03-28
a3fb121c1e29,2017-03-06,2017-03-15,2017-03-28
08ee5a61b483,2017-02-09,2017-03-15,2017-03-28
81e85b4e0516,2017-03-15,2017-03-15,2017-03-28
73b3a0788485,2017-02-20,2017-03-15,2017-03-22
37466ea87edf,2017-03-02,2017-03-15,2017-03-28
306665c70811,2017-03-18,2017-03-18,2017-03-20
b325d504e89f,2017-03-10,2017-03-15,2017-03-28
7d272e2cd139,2017-03-10,2017-03-15,2017-03-28
6ff2c0affc5b,2017-03-03,2017-03-15,2017-03-28
79b9f44e4da5,2017-03-14,2017-03-15,2017-03-28
4d8302459832,2017-03-14,2017-03-15,2017-03-28
3084fcb20f60,2017-03-24,2017-03-24,2017-03-28
29117ad9599d,2017-03-09,2017-03-15,2017-03-28
37fcdde2c055,2017-03-10,2017-03-15,2017-03-28
3d11ab7febc0,2017-03-09,2017-03-15,2017-03-28
6bf3aad2c850,2017-03-09,2017-03-15,2017-03-28
405701b3644c,2017-03-18,2017-03-18,2017-03-28
8ba108875c5c,2017-03-03,2017-03-15,2017-03-28
0e754b45c4f4,2017-02-21,2017-03-15,2017-03-23
5e3ae65a0d73,2017-03-01,2017-03-15,2017-03-28
c4982ba0d957,2017-03-21,2017-03-21,2017-03-28
884ce86aac61,2017-02-18,2017-03-15,2017-03-20
61638749655c,2017-02-26,2017-03-15,2017-03-28
3aa6b3b01444,2017-03-26,2017-03-26,2017-03-28
260f85a8ab48,2017-02-15,2017-03-15,2017-03-16
0745cc6467d7,2017-03-22,2017-03-22,2017-03-28
355b4d834d16,2017-03-02,2017-03-15,2017-03-28
293f954ba670,2017-02-22,2017-03-15,2017-03-24
44ec4317a210,2017-02-22,2017-03-15,2017-03-24
9a9796d2cffd,2017-03-11,2017-03-15,2017-03-28
a3be892fdd19,2017-03-20,2017-03-20,2017-03-28
8241f6b30413,2017-02-18,2017-03-15,2017-03-19
1c4a85a09aab,2017-02-22,2017-03-15,2017-03-24
e5fbd9f6a9d9,2017-03-12,2017-03-15,2017-03-28
367af1fecfa4,2017-03-09,2017-03-15,2017-03-28
09947f6387a2,2017-03-23,2017-03-23,2017-03-28
91cb8f1ff58d,2017-03-04,2017-03-15,2017-03-22
026056ecd942,2017-02-17,2017-03-15,2017-03-19
d36970ba8c7a,2017-02-16,2017-03-15,2017-03-17
20a1ee8fc720,2017-03-19,2017-03-19,2017-03-28
d729d22587ce,2017-02-24,2017-03-15,2017-03-26
335cbf4e6990,2017-03-24,2017-03-24,2017-03-26
3421a30336fb,2017-02-26,2017-03-15,2017-03-28
c1d6a6fa7250,2017-03-12,2017-03-15,2017-03-28
a38ac226d367,2017-03-14,2017-03-15,2017-03-28
4f6482b06350,2017-03-11,2017-03-15,2017-03-28
e5f117eb6aa7,2017-03-02,2017-03-15,2017-03-18
81091165044b,2017-03-14,2017-03-15,2017-03-22
7078a0496141,2017-03-04,2017-03-15,2017-03-28
6b45ffc2b81b,2017-03-28,2017-03-28,2017-03-28
db8e121b477d,2017-03-27,2017-03-27,2017-03-28
df0f78e9de76,2017-03-07,2017-03-15,2017-03-28
3735165adffc,2017-02-22,2017-03-15,2017-03-24
7ff35187b32c,2017-03-21,2017-03-21,2017-03-28
daf375409528,2017-03-27,2017-03-27,2017-03-28
e290bb457140,2017-03-12,2017-03-15,2017-03-28
94c2c499932e,2017-03-26,2017-03-26,2017-03-28
4d0166d39cda,2017-02-17,2017-03-15,2017-03-19
252c381fbe60,2017-03-16,2017-03-16,2017-03-28
1893ba0fc702,2017-02-27,2017-03-15,2017-03-28
36de95b7eee9,2017-03-19,2017-03-19,2017-03-28
62e268834590,2017-03-13,2017-03-15,2017-03-28
c64f6c32972b,2017-03-01,2017-03-15,2017-03-28
132149bf1909,2017-02-13,2017-03-15,2017-03-15
892fa634b651,2017-03-26,2017-03-26,2017-03-28
94007751fec6,2017-03-06,2017-03-15,2017-03-28
0e8eeebd0e1e,2017-03-18,2017-03-18,2017-03-28
32c342d965e1,2017-03-09,2017-03-15,2017-03-28
5677fb4cc781,2017-03-12,2017-03-15,2017-03-28
4e31781285c8,2017-03-26,2017-03-26,2017-03-28
d1c03bcb573e,2017-03-08,2017-03-15,2017-03-28
f0fb28932e84,2017-02-19,2017-03-15,2017-03-21
50d9408f1f03,2017-02-17,2017-03-15,2017-03-19
37eb01b140e8,2017-03-24,2017-03-24,2017-03-28
a5b0640d3424,2017-03-03,2017-03-15,2017-03-28
482f6c8c25d3,2017-02-23,2017-03-15,2017-03-25
f50ac85b1d05,2017-02-27,2017-03-15,2017-03-28
922065fa9b10,2017-03-28,2017-03-28,2017-03-28
8e3cbff77832,2017-03-16,2017-03-16,2017-03-28
172c15b141ff,2017-03-02,2017-03-15,2017-03-28
f0dc568c3b36,2017-03-26,2017-03-26,2017-03-28
b1e03d019519,2017-02-27,2017-03-15,2017-03-28
b5ec652c3377,2017-03-21,2017-03-21,2017-03-28
5a134716e769,2017-03-04,2017-03-15,2017-03-28
892cd03bc4e7,2017-03-11,2017-03-15,2017-03-28
185d7b26965a,2017-03-13,2017-03-15,2017-03-28
eee28dd2f260,2017-03-19,2017-03-19,2017-03-19
9f90633e9625,2017-03-09,2017-03-15,2017-03-28
1b94ecfc195e,2017-03-13,2017-03-15,2017-03-28
5359ea1c7949,2017-03-03,2017-03-15,2017-03-28
b6dc4e8cd586,2017-02-16,2017-03-15,2017-03-18
77b936c31c01,2017-03-25,2017-03-25,2017-03-28
6db3df6ff35a,2017-02-26,2017-03-15,2017-03-27
17ed50865aa5,2017-02-17,2017-03-15,2017-03-19
a40976f05756,2017-02-22,2017-03-15,2017-03-24
2bd47c9eadac,2017-02-13,2017-03-15,2017-03-28
60ee07db0218,2017-03-26,2017-03-26,2017-03-27
683d1af0f5e7,2017-02-25,2017-03-15,2017-03-27
f0972d9b952f,2017-03-26,2017-03-26,2017-03-28
9377436f477c,2017-03-09,2017-03-15,2017-03-28
0921542cb99a,2017-03-11,2017-03-15,2017-03-28
dfd4f9b7b721,2017-02-13,2017-03-15,2017-03-15
cbf2c46ce0d3,2017-02-16,2017-03-15,2017-03-17
a7530398338d,2017-03-14,2017-03-15,2017-03-28
4194e8af11a8,2017-02-25,2017-03-15,2017-03-27
f7c7f458fde1,2017-02-17,2017-03-15,2017-03-19
4028adfec9ed,2017-02-27,2017-03-15,2017-03-28
877d48915cfc,2017-03-16,2017-03-16,2017-03-28
479e587f7f75,2017-02-27,2017-03-15,2017-03-24
3ba899191ced,2017-02-21,2017-03-15,2017-03-23
8440dee6ab7a,2017-03-14,2017-03-15,2017-03-28
5509d40968ad,2017-03-15,2017-03-16,2017-03-28
56799bce83e8,2017-02-20,2017-03-15,2017-03-21
0fa00ff2e19f,2017-03-22,2017-03-22,2017-03-28
a8519310ede7,2017-03-05,2017-03-15,2017-03-28
0bd4f11ded7a,2017-03-04,2017-03-15,2017-03-28
9f04c3342870,2017-03-22,2017-03-22,2017-03-28
6adf7969b2ff,2017-02-23,2017-03-15,2017-03-25
7a6425653709,2017-03-05,2017-03-15,2017-03-28
30bc9f5be28a,2017-02-27,2017-03-15,2017-03-28
71540c3daf86,2017-02-24,2017-03-15,2017-03-26
090d52b59412,2017-02-17,2017-03-15,2017-03-19
9970e5893dbf,2017-02-13,2017-03-15,2017-03-15
91ad8dcaacea,2017-03-21,2017-03-21,2017-03-28
09c0008f64b3,2017-03-26,2017-03-26,2017-03-28
bba0f8aeafd7,2017-02-27,2017-03-15,2017-03-28
c0736418405a,2017-03-19,2017-03-19,2017-03-28
bab2c49b218e,2017-02-27,2017-03-15,2017-03-28
775b935e4928,2017-03-14,2017-03-15,2017-03-28
ac437c01f3bf,2017-03-18,2017-03-18,2017-03-28
e3e5d5e3fb3d,2017-02-25,2017-03-15,2017-03-27
cc92c294abf2,2017-02-17,2017-03-15,2017-03-19
d4746f2eabc1,2017-03-02,2017-03-15,2017-03-28
8d3872716e05,2017-03-24,2017-03-24,2017-03-28
960bc7b3ca28,2017-03-10,2017-03-15,2017-03-28
3d94d7a60cee,2017-03-14,2017-03-15,2017-03-16
103d09a786a6,2017-03-12,2017-03-15,2017-03-20
00217692e4e9,2017-02-28,2017-03-15,2017-03-28
b91ccdcc06db,2017-03-10,2017-03-15,2017-03-28
31aff8de6a7d,2017-03-18,2017-03-18,2017-03-28
ce179d508fd3,2017-03-18,2017-03-18,2017-03-28
ffacd3b7c545,2017-03-14,2017-03-15,2017-03-24
c49ed91891f5,2017-03-03,2017-03-15,2017-03-28
62bed677c1b4,2017-03-11,2017-03-15,2017-03-28
72d44176bbac,2017-02-25,2017-03-15,2017-03-27
b873fc1f0e48,2017-03-01,2017-03-15,2017-03-28
004114a1067f,2017-02-21,2017-03-15,2017-03-23
6b5f48302884,2017-03-06,2017-03-15,2017-03-26
46c13d048b7a,2017-02-19,2017-03-15,2017-03-21
c6a7d9e2971b,2017-03-23,2017-03-23,2017-03-28
72a7c72cef03,2017-03-19,2017-03-19,2017-03-28
81647bedcc2c,2017-03-11,2017-03-15,2017-03-28
8af92e4ea011,2017-03-07,2017-03-15,2017-03-28
7d96a1a00716,2017-03-21,2017-03-21,2017-03-28
2af481a27501,2017-03-12,2017-03-15,2017-03-28
ab12c602e659,2017-03-26,2017-03-26,2017-03-28
9bb31c91ed64,2017-03-14,2017-03-15,2017-03-28
fc6716ff46ec,2017-03-25,2017-03-25,2017-03-28
60afdfa64a5b,2017-03-13,2017-03-15,2017-03-28
cbc57d66d216,2017-02-17,2017-03-15,2017-03-19
52d229efb207,2017-02-14,2017-03-15,2017-03-16
3e6480d0f1c7,2017-03-26,2017-03-26,2017-03-28
1706bfe6cafc,2017-03-06,2017-03-15,2017-03-28
15fb412c219d,2017-03-01,2017-03-15,2017-03-28
21479929018e,2017-03-13,2017-03-15,2017-03-28
607b4cd74685,2017-02-25,2017-03-15,2017-03-18
5100bd1fbd65,2017-03-14,2017-03-15,2017-03-26
5e80b600f2c7,2017-03-26,2017-03-26,2017-03-28
336ac3a3fb7c,2017-02-27,2017-03-15,2017-03-28
006266228c54,2017-02-19,2017-03-15,2017-03-21
423830721f3d,2017-03-03,2017-03-15,2017-03-28
ec855d132ffc,2017-02-17,2017-03-15,2017-03-19
a6e9b2b0cb1c,2017-03-25,2017-03-25,2017-03-28
efc4eba549be,2017-02-13,2017-03-15,2017-03-15
8cc013f733f5,2017-02-27,2017-03-15,2017-03-20
3ddb91a42d7a,2017-03-17,2017-03-17,2017-03-28
4a30fae8d0d9,2017-02-28,2017-03-15,2017-03-17
53c0024a52c7,2017-03-05,2017-03-15,2017-03-28
0ac969405e7e,2017-03-27,2017-03-27,2017-03-28
69da14facccf,2017-03-11,2017-03-15,2017-03-28
299c6505903f,2017-03-22,2017-03-22,2017-03-28
0eb1235f3d1c,2017-02-22,2017-03-15,2017-03-24
79e9c151ed89,2017-03-16,2017-03-16,2017-03-28
9035b7ac3891,2017-03-21,2017-03-22,2017-03-28
f7345e2b4ff2,2017-02-28,2017-03-15,2017-03-28
3492911c86dc,2017-02-18,2017-03-15,2017-03-20
cd0d1254d3cf,2017-03-13,2017-03-15,2017-03-28
8546d6d14a32,2017-03-02,2017-03-15,2017-03-28
d6f0d6c3f79d,2017-03-10,2017-03-15,2017-03-17
099fbca1dac4,2017-02-26,2017-03-15,2017-03-28
d42f071a0f9d,2017-03-26,2017-03-26,2017-03-28
4e8b13e7562b,2017-03-15,2017-03-15,2017-03-28
a35f4c467fcd,2017-03-02,2017-03-15,2017-03-28
319f35374d70,2017-03-02,2017-03-15,2017-03-28
09e7d45edb6d,2017-02-24,2017-03-15,2017-03-26
43b1990e1f3f,2017-02-26,2017-03-15,2017-03-28
4cbcc336728a,2017-03-14,2017-03-15,2017-03-28
28285ba6f22f,2017-03-25,2017-03-25,2017-03-28
b5c91e7610ee,2017-03-19,2017-03-19,2017-03-28
0f514a6b371d,2017-02-16,2017-03-15,2017-03-18
2ef7dfed67e6,2017-02-26,2017-03-15,2017-03-28
3c8d4330cd5a,2017-03-05,2017-03-15,2017-03-28
f1844e5aa460,2017-03-09,2017-03-15,2017-03-28
a6aecccf9cb5,2017-02-16,2017-03-15,2017-03-17
ef28a266ab93,2017-02-27,2017-03-15,2017-03-28
a47bc2400067,2017-02-25,2017-03-15,2017-03-27
e6a3ce0216fa,2017-03-09,2017-03-15,2017-03-28
4ad0b731a8ce,2017-03-26,2017-03-26,2017-03-28
5e79c2bdacdd,2017-02-24,2017-03-15,2017-03-25
9d314b278903,2017-02-27,2017-03-15,2017-03-28
8e7a43b0b1bb,2017-03-06,2017-03-15,2017-03-28
0a1600e110f3,2017-02-15,2017-03-15,2017-03-17
343193aa7833,2017-03-03,2017-03-15,2017-03-28
64d555c298ca,2017-02-19,2017-03-15,2017-03-20
80a02b24d300,2017-02-16,2017-03-15,2017-03-18
71b1d530c5c1,2017-03-28,2017-03-28,2017-03-28
50e33f0873d4,2017-03-19,2017-03-19,2017-03-28
7280f338eaf0,2017-03-19,2017-03-19,2017-03-28
33558dd2209b,2017-02-20,2017-03-15,2017-03-21
c2880e11daf4,2017-02-28,2017-03-15,2017-03-28
889ceac4e690,2017-03-05,2017-03-15,2017-03-28
a87831c060ed,2017-03-16,2017-03-16,2017-03-19
581803ed5358,2017-03-27,2017-03-27,2017-03-28
918f521e7fbb,2017-02-27,2017-03-15,2017-03-28
5be0a46dd1f9,2017-02-13,2017-03-15,2017-03-19
4f87ce409126,2017-03-05,2017-03-15,2017-03-28
5836b024d2d4,2017-02-18,2017-03-15,2017-03-19
b829b4f0b84f,2017-03-01,2017-03-15,2017-03-28
4f2ac3042868,2017-02-20,2017-03-15,2017-03-22
903ec6d9c6a1,2017-02-15,2017-03-15,2017-03-17
05198337c313,2017-02-23,2017-03-15,2017-03-25
568f4cab8c73,2017-02-27,2017-03-15,2017-03-28
fd258314329e,2017-03-16,2017-03-16,2017-03-28
b2c3a41d4174,2017-03-14,2017-03-15,2017-03-28
f9f0ce0d0266,2017-03-28,2017-03-28,2017-03-28
511e2d939595,2017-03-20,2017-03-20,2017-03-28
ff937c6ba249,2017-03-26,2017-03-26,2017-03-28
34f8d1af8e6b,2017-03-09,2017-03-15,2017-03-28
44b1f23415d5,2017-03-10,2017-03-15,2017-03-28
2ace53dd64db,2017-02-26,2017-03-15,2017-03-27
677831bfb94f,2017-03-01,2017-03-15,2017-03-28
595e0bf38e00,2017-02-28,2017-03-15,2017-03-28
3da349f5118f,2017-03-14,2017-03-15,2017-03-28
d597663a987d,2017-03-06,2017-03-15,2017-03-28
fe7fb7c2a21f,2017-02-19,2017-03-15,2017-03-20
4030899edcb8,2017-03-16,2017-03-16,2017-03-28
86809b30b689,2017-03-16,2017-03-16,2017-03-28
14ef8c7850b1,2017-02-17,2017-03-15,2017-03-19
7a36e341ad71,2017-02-27,2017-03-15,2017-03-28
2464df11ab20,2017-03-24,2017-03-24,2017-03-28
64d346ce0765,2017-03-17,2017-03-17,2017-03-28
230c865cda24,2017-03-12,2017-03-15,2017-03-28
0be1ea7870a6,2017-03-28,2017-03-28,2017-03-28
e52c13903b2f,2017-03-03,2017-03-15,2017-03-28
19dfe9f76ae8,2017-02-24,2017-03-15,2017-03-17
f2677ec65b40,2017-03-08,2017-03-15,2017-03-28
2c054d0ffae7,2017-03-20,2017-03-20,2017-03-25
85b7e96aa650,2017-02-20,2017-03-15,2017-03-22
99197ed13cef,2017-02-20,2017-03-15,2017-03-22
d466f86127d6,2017-03-22,2017-03-22,2017-03-28
9d5884be9ee4,2017-03-14,2017-03-15,2017-03-28
c445f494d9a7,2017-03-13,2017-03-15,2017-03-28
1b17cdec6632,2017-02-15,2017-03-15,2017-03-17
77105318ddd5,2017-03-27,2017-03-27,2017-03-28
1e63ebed46f4,2017-02-25,2017-03-15,2017-03-27
d18f71b0ebf9,2017-03-21,2017-03-21,2017-03-28
c0d9f465c12c,2017-02-20,2017-03-15,2017-03-22
41405832becf,2017-02-14,2017-03-15,2017-03-16
7252f91e4f64,2017-03-13,2017-03-15,2017-03-28
0ffef5eaeddd,2017-02-28,2017-03-15,2017-03-28
4a3b7b6e4d6c,2017-02-28,2017-03-15,2017-03-28
4a39f9d5b8fb,2017-02-18,2017-03-15,2017-03-19
388a8752b431,2017-03-08,2017-03-15,2017-03-28
5ca0854753e0,2017-02-14,2017-03-15,2017-03-15
bd165f073ba3,2017-03-09,2017-03-15,2017-03-28
4a913a8a5615,2017-02-27,2017-03-15,2017-03-28
541d55e38963,2017-02-17,2017-03-15,2017-03-19
a9f06d3f4798,2017-03-23,2017-03-23,2017-03-28
ce48e8fcce4b,2017-02-26,2017-03-15,2017-03-28
f5b5919da731,2017-03-28,2017-03-28,2017-03-28
a9299bcef5ec,2017-03-04,2017-03-15,2017-03-28
b853c693055c,2017-03-08,2017-03-15,2017-03-28
7d0cb6fee7a2,2017-02-20,2017-03-15,2017-03-22
a3d2ab32bcd0,2017-03-07,2017-03-15,2017-03-28
a3e9a096ac50,2017-03-13,2017-03-15,2017-03-28
79196ea9f7a3,2017-02-15,2017-03-15,2017-03-17
e34760982907,2017-03-07,2017-03-15,2017-03-28
3ab9a6758272,2017-03-22,2017-03-22,2017-03-28
48405903fbcf,2017-03-15,2017-03-15,2017-03-28
36ef17e40f9a,2017-02-17,2017-03-15,2017-03-18
fd594932bc9a,2017-03-18,2017-03-18,2017-03-28
5261656566f9,2017-03-17,2017-03-17,2017-03-28
f252863dcffa,2017-03-18,2017-03-18,2017-03-28
54b1bab433f1,2017-03-15,2017-03-15,2017-03-28
de7ab1c65e66,2017-03-11,2017-03-15,2017-03-28
f1a987e5583a,2017-02-16,2017-03-15,2017-03-18
5eaac5563e89,2017-02-21,2017-03-15,2017-03-23
948f184ae94c,2017-03-28,2017-03-28,2017-03-28
0cea90e62cd3,2017-03-10,2017-03-15,2017-03-28
a46bc82b10a0,2017-02-23,2017-03-15,2017-03-25
a96810b51e77,2017-03-28,2017-03-28,2017-03-28
3b248ef79e12,2017-02-20,2017-03-15,2017-03-22
3d4acadb817f,2017-03-17,2017-03-17,2017-03-28
be4877f527ea,2017-03-02,2017-03-15,2017-03-28
6f92e9157b79,2017-02-22,2017-03-15,2017-03-23
55a71452ecf4,2017-03-06,2017-03-15,2017-03-28
13b5b23bc9c1,2017-03-09,2017-03-15,2017-03-28
340fbd544ec1,2017-02-15,2017-03-15,2017-03-17
830d56c155c6,2017-02-28,2017-03-15,2017-03-28
516943b28057,2017-02-14,2017-03-15,2017-03-16
ae06d845cb06,2017-03-26,2017-03-26,2017-03-28
a8e8bc5fc93e,2017-03-19,2017-03-19,2017-03-28
07560bbb5eb3,2017-03-08,2017-03-15,2017-03-28
515f900fcb3c,2017-03-22,2017-03-22,2017-03-28
0b01b75a29e5,2017-03-25,2017-03-25,2017-03-28
6d8404ff9f7b,2017-03-24,2017-03-24,2017-03-28
2e6b2d588783,2017-02-17,2017-03-15,2017-03-19
989d89d386dd,2017-02-16,2017-03-15,2017-03-18
15fe65240565,2017-03-17,2017-03-17,2017-03-28
d4eba148f624,2017-03-14,2017-03-15,2017-03-28
84ea889f5f9c,2017-02-15,2017-03-15,2017-03-16
cb6e1b7a1f0c,2017-03-03,2017-03-15,2017-03-28
137bf021ee5c,2017-02-15,2017-03-15,2017-03-17
5fe3488adaf2,2017-03-15,2017-03-15,2017-03-28
431352f93b09,2017-02-16,2017-03-15,2017-03-18
c478ae4a997f,2017-03-19,2017-03-19,2017-03-28
38163933d1f0,2017-03-27,2017-03-27,2017-03-28
b18e78b63911,2017-03-02,2017-03-15,2017-03-28
d67f290b89de,2017-02-13,2017-03-15,2017-03-15
7045e6d407f7,2017-03-06,2017-03-15,2017-03-28
7d8f02bda160,2017-02-16,2017-03-15,2017-03-17
da8af0cb42fb,2017-03-22,2017-03-22,2017-03-28
37e21caaf3e1,2017-02-19,2017-03-15,2017-03-20
96f9502267a5,2017-03-07,2017-03-15,2017-03-28
58047e2cb4a9,2017-02-14,2017-03-15,2017-03-17
681f4a2e4f0b,2017-03-19,2017-03-19,2017-03-28
33a5ed3784a4,2017-02-26,2017-03-15,2017-03-28
fdebb0d5b428,2017-03-23,2017-03-23,2017-03-28
8154e8b32ba2,2017-02-20,2017-03-15,2017-03-22
b8c3b399026e,2017-03-12,2017-03-15,2017-03-28
0bcb8d0c98fe,2017-02-22,2017-03-15,2017-03-23
07c1ba31535f,2017-02-17,2017-03-15,2017-03-18
61ebc72ad83b,2017-02-18,2017-03-15,2017-03-20
0911c4146b72,2017-03-19,2017-03-19,2017-03-28
ea4a9e912e2d,2017-02-21,2017-03-15,2017-03-22
58abe6d17a98,2017-03-06,2017-03-15,2017-03-19
8be80c2407aa,2017-03-06,2017-03-15,2017-03-28
5d2991d0f08b,2017-02-18,2017-03-15,2017-03-19
9d16b2fcf0c4,2017-03-02,2017-03-15,2017-03-28
2d2fdecb65b9,2017-03-25,2017-03-25,2017-03-28
fde141093f96,2017-03-03,2017-03-15,2017-03-28
1310b026b767,2017-03-14,2017-03-15,2017-03-28
8798c92172f2,2017-03-27,2017-03-27,2017-03-28
d7881051b3a7,2017-03-04,2017-03-15,2017-03-28
7931b4f9e67f,2017-02-16,2017-03-15,2017-03-17
7d53986c3a74,2017-03-13,2017-03-15,2017-03-28
b6545f0ff5f1,2017-03-24,2017-03-24,2017-03-28
4f16b6374cb8,2017-03-18,2017-03-18,2017-03-28
bc47c67211b7,2017-03-01,2017-03-15,2017-03-28
86307340766e,2017-03-13,2017-03-15,2017-03-28
927cb020f55b,2017-03-08,2017-03-15,2017-03-28
1211fb30b562,2017-03-16,2017-03-16,2017-03-28
0491bc4a28ea,2017-03-27,2017-03-27,2017-03-28
77cc684bb201,2017-03-03,2017-03-15,2017-03-28
f2224563f7c2,2017-02-26,2017-03-15,2017-03-28
32b186afd108,2017-02-20,2017-03-15,2017-03-22
be0bba09e708,2017-02-16,2017-03-15,2017-03-17
b886eaa6b35f,2017-03-18,2017-03-18,2017-03-28
93d07ccba4b6,2017-02-25,2017-03-15,2017-03-26
f22004b46866,2017-03-09,2017-03-15,2017-03-28
eebe138bbb95,2017-02-27,2017-03-15,2017-03-28
156856ad58e3,2017-03-09,2017-03-15,2017-03-28
a30a17586630,2017-03-11,2017-03-15,2017-03-28
93224efeab07,2017-03-07,2017-03-15,2017-03-28
f38665217147,2017-03-20,2017-03-20,2017-03-28
1a37a325a75b,2017-03-23,2017-03-23,2017-03-28
cea28c769229,2017-03-13,2017-03-15,2017-03-28
f573d9df7467,2017-03-19,2017-03-19,2017-03-28
489445fc3195,2017-02-28,2017-03-15,2017-03-26
9a5ebb4efac4,2017-03-15,2017-03-16,2017-03-28
59a55c06f7f1,2017-03-10,2017-03-15,2017-03-28
d5332ee08be3,2017-03-23,2017-03-23,2017-03-28
ad7d86469b48,2017-03-10,2017-03-15,2017-03-28
196d55076f69,2017-02-16,2017-03-15,2017-03-18
181b670dbbdd,2017-03-08,2017-03-15,2017-03-28
085e9c779ae8,2017-02-21,2017-03-15,2017-03-23
0a9f37cf8364,2017-03-12,2017-03-15,2017-03-28
1d4bc253d148,2017-03-21,2017-03-21,2017-03-28
7b9af59cfdfd,2017-03-02,2017-03-15,2017-03-28
c3b2b9f18bac,2017-03-17,2017-03-17,2017-03-28
e8b6f6a05c22,2017-02-26,2017-03-15,2017-03-25
daa2d7adc6bb,2017-03-12,2017-03-15,2017-03-28
226c7aae7094,2017-03-04,2017-03-15,2017-03-28
e86d47dd76a1,2017-02-28,2017-03-15,2017-03-28
70aec81d4393,2017-03-03,2017-03-15,2017-03-28
a94cb18c7a0d,2017-03-07,2017-03-15,2017-03-28
eb15f7daa7ec,2017-02-25,2017-03-15,2017-03-26
4e074a727c2d,2017-03-06,2017-03-15,2017-03-28
7821d026bd52,2017-03-11,2017-03-15,2017-03-28
72f9c287f078,2017-03-24,2017-03-24,2017-03-28
6229e5ae9fd1,2017-02-15,2017-03-15,2017-03-16
6c8095338b0a,2017-03-05,2017-03-15,2017-03-28
393181517987,2017-03-25,2017-03-25,2017-03-28
1adda3eccc38,2017-03-22,2017-03-22,2017-03-28
cfacfe201be3,2017-03-11,2017-03-15,2017-03-28
5746d6e90970,2017-03-23,2017-03-23,2017-03-28
656234ce6800,2017-02-14,2017-03-15,2017-03-16
ca86ef98747b,2017-03-06,2017-03-15,2017-03-28
d03fec5f684f,2017-02-22,2017-03-15,2017-03-24
1daa36e315c6,2017-03-03,2017-03-15,2017-03-28
8fa737e995dc,2017-03-23,2017-03-23,2017-03-24
00530c771dd2,2017-02-19,2017-03-15,2017-03-20
006801d77bf1,2017-03-15,2017-03-15,2017-03-28
965c7ffac70d,2017-02-25,2017-03-15,2017-03-27
efa2502dcc1f,2017-02-21,2017-03-15,2017-03-23
e2d623f829bb,2017-02-20,2017-03-15,2017-03-22
fba4f129ca4d,2017-02-22,2017-03-15,2017-03-23
077185d8b8c4,2017-03-18,2017-03-18,2017-03-28
15757f63ae1f,2017-03-14,2017-03-15,2017-03-18
7ade21a13dad,2017-03-20,2017-03-20,2017-03-28
f6209fb73279,2017-03-21,2017-03-21,2017-03-28
6e3b15b0a41d,2017-03-13,2017-03-15,2017-03-28
bd5a4303b2a5,2017-02-27,2017-03-15,2017-03-28
71d27e5614e2,2017-03-18,2017-03-18,2017-03-28
a4f5939edc34,2017-03-12,2017-03-15,2017-03-28
d26299e95f66,2017-02-19,2017-03-15,2017-03-21
7cd669acc680,2017-03-11,2017-03-15,2017-03-28
875b954c6899,2017-03-17,2017-03-17,2017-03-28
09eef17a95d7,2017-03-26,2017-03-26,2017-03-28
94a5e2012b91,2017-02-18,2017-03-15,2017-03-20
67a11a44eac1,2017-03-21,2017-03-21,2017-03-28
3a8ee9e23f69,2017-03-02,2017-03-15,2017-03-28
dc98d1d44655,2017-02-25,2017-03-15,2017-03-27
8a519216557b,2017-03-09,2017-03-15,2017-03-28
b2256da1f55b,2017-03-20,2017-03-20,2017-03-28
c6545494c5f0,2017-02-27,2017-03-15,2017-03-28
92dd962ad77f,2017-03-09,2017-03-15,2017-03-28
7d9c50cbf4a1,2017-03-06,2017-03-15,2017-03-28
725c7a042b5d,2017-03-24,2017-03-24,2017-03-28
1fd993c7f236,2017-02-28,2017-03-15,2017-03-28
0fed9528cae7,2017-03-15,2017-03-15,2017-03-28
03f4cca4100d,2017-02-25,2017-03-15,2017-03-26
3dbe0804b111,2017-02-16,2017-03-15,2017-03-17
2ccc7113cc16,2017-02-23,2017-03-15,2017-03-25
6dd6d1af5125,2017-02-28,2017-03-15,2017-03-28
ddecc62a9446,2017-02-24,2017-03-15,2017-03-26
efc28599ccd6,2017-02-18,2017-03-15,2017-03-19
0dd98f33cb81,2017-02-22,2017-03-15,2017-03-24
4929287a542b,2017-03-11,2017-03-15,2017-03-28
4b55ea812dd4,2017-03-03,2017-03-15,2017-03-28
d54e0592c4da,2017-03-05,2017-03-15,2017-03-28
c79af74582fc,2017-03-10,2017-03-15,2017-03-28
0ec0704caee5,2017-02-21,2017-03-15,2017-03-23
843d48354b36,2017-03-01,2017-03-15,2017-03-28
485b850fab92,2017-03-12,2017-03-15,2017-03-28
86e415c4e672,2017-03-23,2017-03-23,2017-03-28
269997493a51,2017-03-02,2017-03-15,2017-03-28
ae532fd2ba4b,2017-03-14,2017-03-15,2017-03-28
ab69e1645c4b,2017-03-24,2017-03-24,2017-03-28
549380ef8c41,2017-03-19,2017-03-19,2017-03-26
cbff2691ba87,2017-03-04,2017-03-15,2017-03-28
c358576460d3,2017-03-19,2017-03-19,2017-03-28
5c0f8ab67e51,2017-02-19,2017-03-15,2017-03-20
de124186b1d3,2017-02-26,2017-03-15,2017-03-28
4ea89515e816,2017-02-26,2017-03-15,2017-03-28
ca8b16750da4,2017-03-06,2017-03-15,2017-03-28
9258eabc4969,2017-03-09,2017-03-15,2017-03-28
61caba09faeb,2017-03-18,2017-03-18,2017-03-28
8fa30d0a32c7,2017-02-25,2017-03-15,2017-03-27
52bd1eda7f58,2017-03-10,2017-03-15,2017-03-28
f1e33368da26,2017-03-03,2017-03-15,2017-03-28
ca70dc494eb0,2017-03-20,2017-03-20,2017-03-28
75db154f3159,2017-03-22,2017-03-22,2017-03-28
7ea702b2a4dc,2017-03-22,2017-03-22,2017-03-28
af54d654aa59,2017-03-20,2017-03-20,2017-03-28
80e0c9515402,2017-03-15,2017-03-15,2017-03-28
9f81d7fc6cba,2017-03-01,2017-03-15,2017-03-28
9cd3a4917a15,2017-02-20,2017-03-15,2017-03-22
58f02fefa0e6,2017-02-17,2017-03-15,2017-03-18
1f9ba7e4ccd7,2017-03-04,2017-03-15,2017-03-28
1f63f444bd57,2017-03-22,2017-03-22,2017-03-28
b1115974d62b,2017-02-25,2017-03-15,2017-03-27
3952a370cf02,2017-02-25,2017-03-15,2017-03-27
aeedb51a5c02,2017-02-27,2017-03-15,2017-03-28
cc838a1bfe81,2017-03-23,2017-03-23,2017-03-28
4e92153ced17,2017-02-13,2017-03-15,2017-03-15
bba89c9df4ce,2017-03-23,2017-03-23,2017-03-28
5a3650a80bc0,2017-02-24,2017-03-15,2017-03-26
c6a91b9f4b8b,2017-02-23,2017-03-15,2017-03-25
98dd8c202105,2017-02-16,2017-03-15,2017-03-18
fbf73d957b6b,2017-03-17,2017-03-17,2017-03-28
5123288193ce,2017-03-12,2017-03-15,2017-03-19
e81b5d8a7767,2017-03-15,2017-03-15,2017-03-28
9c6c1d306a59,2017-03-23,2017-03-23,2017-03-28
26833fa61567,2017-02-27,2017-03-15,2017-03-28
555227a01564,2017-03-19,2017-03-19,2017-03-28
7bf776766db6,2017-03-11,2017-03-15,2017-03-28
b0d1cea876d7,2017-03-01,2017-03-15,2017-03-28
73a3f0a4f3d3,2017-03-07,2017-03-15,2017-03-28
12f840c3a18f,2017-03-27,2017-03-27,2017-03-28
068ef0ed81fd,2017-02-15,2017-03-15,2017-03-17
fb703c2ac30b,2017-02-20,2017-03-15,2017-03-22
589b32cbee58,2017-03-10,2017-03-15,2017-03-28
cbf10af302be,2017-02-21,2017-03-15,2017-03-22
2ceda462f656,2017-03-14,2017-03-15,2017-03-19
9bec9875157f,2017-02-19,2017-03-15,2017-03-20
595c91c4032c,2017-03-22,2017-03-22,2017-03-28
1c1fcfdaafdf,2017-02-26,2017-03-15,2017-03-27
127627d72fad,2017-03-04,2017-03-15,2017-03-28
f39f1d8f3753,2017-02-25,2017-03-15,2017-03-27
d85c3f7a967e,2017-03-18,2017-03-18,2017-03-28
eb170c503efb,2017-02-25,2017-03-15,2017-03-27
fdc405d5fc1c,2017-03-28,2017-03-28,2017-03-28
4d467a175989,2017-02-16,2017-03-15,2017-03-17
e326a7ba67de,2017-02-28,2017-03-15,2017-03-28
63d47fc39c5a,2017-03-16,2017-03-16,2017-03-28
dab1ed92be08,2017-03-02,2017-03-15,2017-03-28
5b3ee192a43c,2017-02-16,2017-03-15,2017-03-18
d54d09905115,2017-03-13,2017-03-15,2017-03-28
a4501bed06a8,2017-03-27,2017-03-27,2017-03-28
abc6ccadd04c,2017-03-07,2017-03-15,2017-03-28
5981107c8498,2017-03-10,2017-03-15,2017-03-28
7845c1b45bcc,2017-02-20,2017-03-15,2017-03-22
ec4d72128005,2017-02-21,2017-03-15,2017-03-22
127a53a809b7,2017-03-20,2017-03-20,2017-03-28
c1af231f2cbd,2017-02-16,2017-03-15,2017-03-18
3fcf98a631c9,2017-03-15,2017-03-15,2017-03-28
e393107b7520,2017-03-20,2017-03-20,2017-03-28
b0d92b5b742c,2017-03-15,2017-03-15,2017-03-28
b3a24cde49f5,2017-03-06,2017-03-15,2017-03-28
0e12485d33b1,2017-02-19,2017-03-15,2017-03-20
2467c6a56970,2017-03-11,2017-03-15,2017-03-28
ab1fe1cbe0a9,2017-03-21,2017-03-21,2017-03-28
ffdcdacc2ef9,2017-02-27,2017-03-15,2017-03-24
36268469c38a,2017-03-17,2017-03-17,2017-03-28
2abc3dc3f48f,2017-03-19,2017-03-19,2017-03-21
9a0162d493a0,2017-03-17,2017-03-17,2017-03-28
3c29675ad5ad,2017-03-15,2017-03-15,2017-03-28
b83d1c9e44c4,2017-03-16,2017-03-16,2017-03-28
301675d26dd5,2017-03-09,2017-03-15,2017-03-28
5d4463386e17,2017-03-13,2017-03-15,2017-03-28
3ab8a3af9b89,2017-03-20,2017-03-20,2017-03-27
261b033b617f,2017-02-19,2017-03-15,2017-03-21
c57d744f9dcd,2017-02-28,2017-03-15,2017-03-28
a4cc6bbd80e1,2017-02-26,2017-03-15,2017-03-27
3d19990f7713,2017-03-09,2017-03-15,2017-03-28
966ca0128d09,2017-03-02,2017-03-15,2017-03-28
b5f657af024b,2017-03-13,2017-03-15,2017-03-28
a787eafcfbc9,2017-03-09,2017-03-15,2017-03-28
4a7eb6bab68a,2017-03-01,2017-03-15,2017-03-28
f62242bea88b,2017-03-14,2017-03-15,2017-03-28
f8dcaa621b62,2017-02-25,2017-03-15,2017-03-27
b02784283e8c,2017-02-22,2017-03-15,2017-03-23
3e4b37e152b7,2017-03-18,2017-03-18,2017-03-28
86fd1da247c0,2017-03-01,2017-03-15,2017-03-28
b16b5a1f2104,2017-02-23,2017-03-15,2017-03-24
8908cb307c1d,2017-03-22,2017-03-22,2017-03-28
ec8be1a3673f,2017-03-02,2017-03-15,2017-03-28
c8274b4d593a,2017-03-12,2017-03-15,2017-03-28
2858a583c620,2017-03-27,2017-03-27,2017-03-28
425eb27bffa4,2017-03-03,2017-03-15,2017-03-28
4ef1ab173113,2017-03-19,2017-03-19,2017-03-28
0ee96eb2bbb0,2017-03-09,2017-03-15,2017-03-28
5205131002db,2017-02-25,2017-03-15,2017-03-16
c4ca1dd24d9c,2017-03-09,2017-03-15,2017-03-28
9d25d42d90b1,2017-03-13,2017-03-15,2017-03-28
c0350d164249,2017-02-20,2017-03-15,2017-03-21
d7723983a233,2017-03-03,2017-03-15,2017-03-28
1d4af4510aa0,2017-03-10,2017-03-15,2017-03-28
9efb832a44f0,2017-03-27,2017-03-27,2017-03-28
b27ac42b50e9,2017-03-08,2017-03-15,2017-03-28
17d90913a110,2017-03-26,2017-03-26,2017-03-28
dacf6a29591c,2017-03-06,2017-03-15,2017-03-28
2ab07efcfeae,2017-03-20,2017-03-20,2017-03-28
4e15b10af0f3,2017-03-12,2017-03-15,2017-03-28
b9cf42afce6d,2017-03-06,2017-03-15,2017-03-28
6b1cdc12b69b,2017-03-21,2017-03-21,2017-03-28
c57c3d899a5f,2017-03-11,2017-03-15,2017-03-28
836d470509b7,2017-03-02,2017-03-15,2017-03-28
e958049f1a2a,2017-03-23,2017-03-23,2017-03-28
9420ae570be6,2017-03-09,2017-03-15,2017-03-28
92cc0859b7db,2017-03-05,2017-03-15,2017-03-28
1f534ba3c0f7,2017-02-24,2017-03-15,2017-03-26
1cfb7ec104d9,2017-03-04,2017-03-15,2017-03-28
54c3e7b92e33,2017-02-18,2017-03-15,2017-03-19
afcf9cffbcc9,2017-03-20,2017-03-20,2017-03-28
55a0e5875e16,2017-03-22,2017-03-22,2017-03-28
65e0e74ef2f6,2017-03-06,2017-03-15,2017-03-28
ad43f1a9d01a,2017-02-15,2017-03-15,2017-03-16
70947ee6accd,2017-03-21,2017-03-21,2017-03-21
909fc2b5a59d,2017-03-02,2017-03-15,2017-03-28
0bbabb6d6382,2017-03-20,2017-03-20,2017-03-28
a51feb25231d,2017-02-19,2017-03-15,2017-03-21
b5e5ec9912ae,2017-02-15,2017-03-15,2017-03-16
f3125e6f7f57,2017-03-17,2017-03-17,2017-03-28
1e5cb9718e00,2017-02-27,2017-03-15,2017-03-28
73aa448f3032,2017-02-21,2017-03-15,2017-03-22
a02bcdd44533,2017-02-20,2017-03-15,2017-03-22
d41035718d10,2017-03-06,2017-03-15,2017-03-28
c137a05b032e,2017-03-15,2017-03-15,2017-03-28
c2d40f385414,2017-02-24,2017-03-15,2017-03-26
9bace62872b0,2017-02-27,2017-03-15,2017-03-28
c42a55f1062f,2017-03-13,2017-03-15,2017-03-28
82fd4a297bb0,2017-03-25,2017-03-25,2017-03-28
ee2a3bcf8961,2017-02-25,2017-03-15,2017-03-27
edb69e5a5cf0,2017-03-07,2017-03-15,2017-03-28
24c11f303bdb,2017-02-14,2017-03-15,2017-03-15
02da76751bbe,2017-02-20,2017-03-15,2017-03-22
fb01018e7c21,2017-02-20,2017-03-15,2017-03-22
274d2f116b8f,2017-02-26,2017-03-15,2017-03-28
6c2eafd939b0,2017-03-14,2017-03-15,2017-03-28
58d4ea6f9690,2017-03-18,2017-03-18,2017-03-28
f56494d5253d,2017-02-18,2017-03-15,2017-03-20
f95fa02ccf70,2017-02-15,2017-03-15,2017-03-16
11b33aee4054,2017-02-22,2017-03-15,2017-03-24
d83d5d775d5c,2017-03-04,2017-03-15,2017-03-18
042fbe34dcda,2017-03-13,2017-03-15,2017-03-28
1e66aaca4524,2017-03-02,2017-03-15,2017-03-28
80b9d490a0f7,2017-03-20,2017-03-20,2017-03-28
1b11d0a9957c,2017-03-12,2017-03-15,2017-03-28
2e6798dad5b3,2017-02-28,2017-03-15,2017-03-28
a708a2e67a86,2017-02-14,2017-03-15,2017-03-15
825768c9b683,2017-03-24,2017-03-24,2017-03-28
d7a7181c59d3,2017-02-16,2017-03-15,2017-03-18
5e2e7ce5aaf4,2017-03-22,2017-03-22,2017-03-28
1cc3effd6fca,2017-03-06,2017-03-15,2017-03-28
5fdfef76d9f0,2017-03-13,2017-03-15,2017-03-28
802cd793f21a,2017-03-09,2017-03-15,2017-03-28
59fed70f14ac,2017-03-17,2017-03-17,2017-03-28
9664ad797226,2017-02-14,2017-03-15,2017-03-16
bfca21d59eca,2017-02-27,2017-03-15,2017-03-28
55c8836d16b3,2017-02-28,2017-03-15,2017-03-28
dbb254debf33,2017-03-03,2017-03-15,2017-03-28
5644d1b3960d,2017-03-14,2017-03-15,2017-03-28
7b28e759ebe1,2017-03-13,2017-03-15,2017-03-28
567cbc33d629,2017-02-19,2017-03-15,2017-03-21
63be89962116,2017-03-10,2017-03-15,2017-03-28
f649fb219144,2017-03-09,2017-03-15,2017-03-28
badcbcd9d28e,2017-03-04,2017-03-15,2017-03-28
e64abe90a8f0,2017-03-15,2017-03-15,2017-03-28
ce389b09da15,2017-03-19,2017-03-19,2017-03-20
06fa6b289234,2017-02-27,2017-03-15,2017-03-28
1caabea6d86a,2017-03-12,2017-03-15,2017-03-28
c02c3b4fbb35,2017-02-14,2017-03-15,2017-03-16
803b44728be8,2017-03-13,2017-03-15,2017-03-28
14545cd66314,2017-03-15,2017-03-15,2017-03-28
1e508d91252d,2017-02-27,2017-03-15,2017-03-25
f9894775a396,2017-02-24,2017-03-15,2017-03-26
cb44de12eb61,2017-03-20,2017-03-20,2017-03-28
064fd9db01ac,2017-03-19,2017-03-19,2017-03-21
88fe2b1f8c86,2017-02-16,2017-03-15,2017-03-18
a4709ba51734,2017-03-15,2017-03-15,2017-03-28
e108aa30e4b0,2017-03-02,2017-03-15,2017-03-21
1117fbcd5c20,2017-03-27,2017-03-27,2017-03-28
9c6f0d5eb087,2017-03-10,2017-03-15,2017-03-28
a1e6b3e705f4,2017-03-20,2017-03-20,2017-03-28
5bda4bd8dd90,2017-02-14,2017-03-15,2017-03-16
a5bb0f7606e5,2017-02-26,2017-03-15,2017-03-28
eb34d3c2345f,2017-02-19,2017-03-15,2017-03-21
5b315960372f,2017-03-03,2017-03-15,2017-03-28
9903b6271764,2017-03-20,2017-03-20,2017-03-28
21756eb7f94b,2017-02-15,2017-03-15,2017-03-17
0afcfbe4ce6d,2017-02-26,2017-03-15,2017-03-28
c8cbed732feb,2017-03-03,2017-03-15,2017-03-28
6a2286d8276f,2017-03-03,2017-03-15,2017-03-28
ac5c5bfbe7b5,2017-02-25,2017-03-15,2017-03-27
10cbc6e103d1,2017-02-27,2017-03-15,2017-03-28
58c1bde5f5f2,2017-03-23,2017-03-23,2017-03-28
6b489c05d179,2017-03-17,2017-03-17,2017-03-28
55570c486ddd,2017-02-16,2017-03-15,2017-03-16
87e92355c432,2017-03-11,2017-03-15,2017-03-28
53f1c88b624b,2017-03-17,2017-03-17,2017-03-28
d552e6864be5,2017-02-17,2017-03-15,2017-03-19
170090e08fc7,2017-03-19,2017-03-19,2017-03-28
e918faa3e66f,2017-02-15,2017-03-15,2017-03-17
2b652d5cea6a,2017-02-28,2017-03-15,2017-03-28
186f7a6d2bed,2017-03-04,2017-03-15,2017-03-28
5e918f1e2e37,2017-03-01,2017-03-15,2017-03-28
7710e5e4fc75,2017-03-18,2017-03-18,2017-03-28
6de8e2ad61e8,2017-03-13,2017-03-15,2017-03-28
ad9901935f85,2017-03-06,2017-03-15,2017-03-28
fd891697d853,2017-03-19,2017-03-19,2017-03-28
bdd607b741fa,,2017-03-15,2017-03-28
d091c773d58e,2017-03-11,2017-03-15,2017-03-28
e46166d80ca6,2017-03-18,2017-03-18,2017-03-28
7f532e7cb0db,2017-03-06,2017-03-15,2017-03-28
a16be89b0de8,2017-03-17,2017-03-17,2017-03-28
64e44867928a,2017-03-27,2017-03-27,2017-03-28
4e2109fccd23,2017-03-23,2017-03-23,2017-03-28
8bba6aec0b70,2017-03-22,2017-03-22,2017-03-28
be06ce6ff108,2017-02-17,2017-03-15,2017-03-19
76f3b6395121,2017-03-16,2017-03-16,2017-03-28
8dc300cd212d,2017-03-09,2017-03-15,2017-03-28
990bf3a38b48,2017-03-07,2017-03-15,2017-03-28
3e0d83eade95,2017-02-18,2017-03-15,2017-03-19
6da8f4819c9e,2017-03-02,2017-03-15,2017-03-28
85da28d73d73,2017-03-11,2017-03-15,2017-03-21
4f948cdb28fa,2017-02-27,2017-03-15,2017-03-28
7696c807c51e,2017-03-10,2017-03-15,2017-03-28
99fea6f11d11,2017-03-10,2017-03-15,2017-03-28
a32edc5d02dc,2017-03-03,2017-03-15,2017-03-28
cc7b847e1344,2017-03-21,2017-03-21,2017-03-28
eb689b8c194d,2017-03-17,2017-03-17,2017-03-28
f7b61f7e847d,2017-03-01,2017-03-15,2017-03-28
6b6d9b358705,2017-03-26,2017-03-26,2017-03-28
b1231fa5eb43,2017-03-06,2017-03-15,2017-03-28
14bb439bbb82,2017-02-25,2017-03-15,2017-03-27
a43fb5639f62,2017-02-23,2017-03-15,2017-03-24
4635f269d10b,2017-03-17,2017-03-17,2017-03-28
c36d95904be1,2017-03-24,2017-03-24,2017-03-25
37c4cf8a2cf8,2017-02-19,2017-03-15,2017-03-20
6b30e16ad87a,2017-03-12,2017-03-15,2017-03-28
79900e51820b,2017-02-14,2017-03-15,2017-03-15
d3671b193525,2017-02-14,2017-03-15,2017-03-15
857e7a68e18c,2017-03-05,2017-03-15,2017-03-28
b774596c2545,2017-03-17,2017-03-17,2017-03-28
e77e615d3157,2017-02-13,2017-03-15,2017-03-15
044bd4149dbb,2017-02-23,2017-03-15,2017-03-24
b9830dee9173,2017-03-23,2017-03-23,2017-03-28
005de65de2f2,2017-03-09,2017-03-15,2017-03-21
7e98ae87d66a,2017-02-28,2017-03-15,2017-03-28
2e0074ab71d8,2017-03-20,2017-03-20,2017-03-28
365dc6f05337,2017-03-27,2017-03-27,2017-03-28
bba9d0933593,2017-03-21,2017-03-21,2017-03-26
172f00895480,2017-03-10,2017-03-15,2017-03-28
72bc25a978b7,2017-03-27,2017-03-27,2017-03-28
a9d032e4aa9a,2017-02-24,2017-03-15,2017-03-25
0fc51686f06e,2017-02-25,2017-03-15,2017-03-26
3cb6ba410232,2017-03-18,2017-03-18,2017-03-28
79975b24c642,2017-02-27,2017-03-15,2017-03-28
c6a2bf1293c6,2017-02-21,2017-03-15,2017-03-23
a5fee5bb96eb,2017-03-27,2017-03-27,2017-03-28
1b805da58a72,2017-02-21,2017-03-15,2017-03-23
4f718cb61e12,2017-02-21,2017-03-15,2017-03-22
08098a1a35b6,2017-03-18,2017-03-18,2017-03-28
2970e1d54b9c,2017-03-22,2017-03-22,2017-03-28
c1d564d698b5,2017-03-09,2017-03-15,2017-03-28
20c3e9b3f370,2017-03-23,2017-03-23,2017-03-28
2b5d1c16b561,2017-02-25,2017-03-15,2017-03-27
220da5dcb427,2017-03-12,2017-03-15,2017-03-28
9e5a2e0ba425,2017-03-08,2017-03-15,2017-03-28
f83f120a09ce,2017-03-23,2017-03-23,2017-03-28
daf7ce69376e,2017-03-15,2017-03-15,2017-03-28
eec4ecf8b295,2017-02-28,2017-03-15,2017-03-28
57b7f8c11a49,2017-03-23,2017-03-23,2017-03-28
a1f28159cc70,2017-03-15,2017-03-15,2017-03-28
dc5af5e23356,2017-02-27,2017-03-15,2017-03-28
da36de2200d7,2017-03-27,2017-03-27,2017-03-28
88b38c6929bf,2017-03-26,2017-03-26,2017-03-28
b8bd22dc3a57,2017-02-18,2017-03-15,2017-03-20
b587a8e08689,2017-03-24,2017-03-24,2017-03-28
c80ef3593867,2017-03-25,2017-03-25,2017-03-28
c61bf6cec079,2017-02-23,2017-03-15,2017-03-25
b47f8b0094ec,2017-02-18,2017-03-15,2017-03-20
e2dac3b58b83,2017-03-20,2017-03-21,2017-03-28
99f0e630bbdc,2017-02-20,2017-03-15,2017-03-22
cd69c2ea2152,2017-03-10,2017-03-15,2017-03-28
d0a41bc690e8,2017-02-16,2017-03-15,2017-03-17
2d328b78c129,2017-03-03,2017-03-15,2017-03-28
4c0a7b31abea,2017-03-22,2017-03-22,2017-03-28
7a5ae88e2476,2017-03-20,2017-03-20,2017-03-28
0129c19b471a,2017-03-08,2017-03-15,2017-03-28
ffbf77778310,2017-02-28,2017-03-15,2017-03-28
1d6fb7620433,2017-03-13,2017-03-15,2017-03-28
97b082ef7377,2017-03-06,2017-03-15,2017-03-28
957580633f0b,2017-03-09,2017-03-15,2017-03-28
f8063e6d01c7,2017-03-28,2017-03-28,2017-03-28
aacf69394dc1,2017-02-23,2017-03-15,2017-03-25
8f0052956059,2017-02-15,2017-03-15,2017-03-16
04d46a2f8fd8,2017-02-25,2017-03-15,2017-03-27
0c9696490df5,2017-02-16,2017-03-15,2017-03-17
f55b6fc37f80,2017-02-20,2017-03-15,2017-03-21
8499ec3df8bc,2017-03-13,2017-03-15,2017-03-28
e29a07a3cc0e,2017-03-15,2017-03-15,2017-03-28
e200f90a3722,2017-03-10,2017-03-15,2017-03-28
262648559684,2017-02-18,2017-03-15,2017-03-19
42481af4be3b,2017-03-11,2017-03-15,2017-03-28
1ff298dd26bf,2017-03-08,2017-03-15,2017-03-28
5a83ae2c51c0,2017-02-20,2017-03-15,2017-03-22
2f6487e3abe3,2017-03-26,2017-03-26,2017-03-28
acd7fc606896,2017-03-16,2017-03-16,2017-03-24
ad524bed9a81,2017-03-13,2017-03-15,2017-03-28
7b04cf1dcd38,2017-03-27,2017-03-27,2017-03-28
27960dff0ed1,2017-03-06,2017-03-15,2017-03-28
9d23a155e649,2017-03-19,2017-03-19,2017-03-28
c6ae7a93c328,2017-03-20,2017-03-21,2017-03-28
afabe09f1d9f,2017-03-10,2017-03-15,2017-03-28
911c05c132a0,2017-03-20,2017-03-20,2017-03-28
ac6acd8bd873,2017-02-17,2017-03-15,2017-03-18
7004a6f7053d,2017-02-19,2017-03-15,2017-03-21
abdfc95eb8eb,2017-02-27,2017-03-15,2017-03-28
84d836a684ae,2017-03-05,2017-03-15,2017-03-28
5e2c6c9bada0,2017-02-17,2017-03-15,2017-03-19
8b1325a70782,2017-03-12,2017-03-15,2017-03-28
86b1a6a1de5b,2017-03-16,2017-03-16,2017-03-28
7c78e6e0c2c0,2017-03-11,2017-03-15,2017-03-28
b9cf167c136e,2017-03-13,2017-03-15,2017-03-28
b21e4641f56b,2017-02-25,2017-03-15,2017-03-18
db3e4076d8ec,2017-02-21,2017-03-15,2017-03-23
73c79ecc78ad,2017-03-16,2017-03-16,2017-03-28
0ffd97ff4358,2017-02-15,2017-03-15,2017-03-17
97299cced625,2017-03-22,2017-03-22,2017-03-28
a5936418f56e,2017-03-23,2017-03-23,2017-03-24
5fea33031c7c,2017-03-11,2017-03-15,2017-03-28
75562935ce96,2017-03-27,2017-03-27,2017-03-28
9abb938730a8,2017-03-10,2017-03-15,2017-03-28
ed2045d3d40d,2017-03-12,2017-03-15,2017-03-28
49deee7eb1dd,2017-03-12,2017-03-15,2017-03-28
fecb0277da71,2017-03-07,2017-03-15,2017-03-28
dc9fa69f59b0,2017-02-27,2017-03-15,2017-03-28
e3e331b6a002,2017-02-23,2017-03-15,2017-03-25
989ffe3a5ab3,2017-03-09,2017-03-15,2017-03-28
b69059f817c1,2017-03-16,2017-03-16,2017-03-28
4b4dd1d8fb1f,2017-02-22,2017-03-15,2017-03-24
3c2c403ecdbe,2017-03-24,2017-03-24,2017-03-28
61165033732c,2017-03-23,2017-03-23,2017-03-28
6ba5e5b9dd23,2017-03-14,2017-03-15,2017-03-28
1d237564a2df,2017-02-19,2017-03-15,2017-03-20
8bf77d4c2881,2017-03-25,2017-03-25,2017-03-28
8324b0fbc7e2,2017-03-23,2017-03-23,2017-03-28
896c22d7d7d6,2017-03-01,2017-03-15,2017-03-28
c3f292d5a61b,2017-02-24,2017-03-15,2017-03-25
89de16b53eee,2017-02-27,2017-03-15,2017-03-28
f8d3032537c7,2017-03-16,2017-03-16,2017-03-28
181495b894b1,2017-03-19,2017-03-19,2017-03-28
d616bcd5ecbe,2017-03-16,2017-03-16,2017-03-28
715874b6f85e,2017-03-03,2017-03-15,2017-03-28
ba78a57a6487,2017-02-17,2017-03-15,2017-03-18
65471187f6e1,2017-02-24,2017-03-15,2017-03-26
d69ef6245eb4,2017-02-26,2017-03-15,2017-03-28
a45869f44f33,2017-02-18,2017-03-15,2017-03-19
eec5ecfe9405,2017-02-16,2017-03-15,2017-03-18
ec3b71787a4a,2017-03-20,2017-03-20,2017-03-28
8c63ef15d196,2017-02-21,2017-03-15,2017-03-15
1bc247042241,2017-02-18,2017-03-15,2017-03-20
8522199bf117,2017-02-19,2017-03-15,2017-03-21
7e9733d30848,2017-03-01,2017-03-15,2017-03-28
c8618aa77141,2017-03-11,2017-03-15,2017-03-28
647d08c9e911,2017-03-21,2017-03-21,2017-03-28
8c4452058d10,2017-02-19,2017-03-15,2017-03-21
3604d13888f1,2017-02-24,2017-03-15,2017-03-25
5ec245b075e8,2017-03-18,2017-03-18,2017-03-28
f2f551b83ceb,2017-03-16,2017-03-16,2017-03-28
c3808801a2fc,2017-03-20,2017-03-20,2017-03-28
1c8e764d67d7,2017-03-12,2017-03-15,2017-03-28
663fc4ac74f6,2017-02-15,2017-03-15,2017-03-16
58653de12ff9,2017-03-26,2017-03-26,2017-03-28
7134631cb7dc,2017-03-07,2017-03-15,2017-03-28
e1ee162a7037,2017-03-01,2017-03-15,2017-03-28
9c225dc8979b,2017-03-20,2017-03-20,2017-03-28
1a0f8ef70402,2017-03-22,2017-03-22,2017-03-28
663f09a294f9,2017-03-01,2017-03-15,2017-03-28
a4ee2661ead9,2017-03-02,2017-03-15,2017-03-28
2b068fc872e8,2017-03-12,2017-03-15,2017-03-28
8773e4db4a06,2017-03-20,2017-03-20,2017-03-28
8ba28213ed00,2017-02-25,2017-03-15,2017-03-27
ab161c2db5ee,2017-03-02,2017-03-15,2017-03-28
1d8023929852,2017-03-07,2017-03-15,2017-03-28
eb24f85ec179,2017-03-06,2017-03-15,2017-03-28
3f06520abe80,2017-02-21,2017-03-15,2017-03-23
55290705d3a8,2017-03-06,2017-03-15,2017-03-28
9fede81a812a,2017-03-01,2017-03-15,2017-03-28
8d1257c8e275,2017-03-12,2017-03-15,2017-03-28
aeec30ff3a04,2017-02-22,2017-03-15,2017-03-24
e81e00ea94d8,2017-03-13,2017-03-15,2017-03-28
f7567d21e687,2017-02-23,2017-03-15,2017-03-25
a4f2e9a55ee2,2017-02-26,2017-03-15,2017-03-28
d61f5ff7808e,2017-02-17,2017-03-15,2017-03-19
4392d9cc25f3,2017-03-11,2017-03-15,2017-03-28
e764ffb6f410,2017-03-15,2017-03-15,2017-03-28
3eb241bfc718,2017-03-14,2017-03-15,2017-03-28
38ac0a5942c6,2017-03-01,2017-03-15,2017-03-28
dc721fbbd5db,2017-02-19,2017-03-15,2017-03-21
45f1b57dd0bd,2017-02-21,2017-03-15,2017-03-23
b75a61966cec,2017-02-20,2017-03-15,2017-03-22
ed47b8346a83,2017-03-25,2017-03-25,2017-03-28
b8cecfc5add2,2017-02-15,2017-03-15,2017-03-17
09b51adf0b88,2017-02-27,2017-03-15,2017-03-28
5f3e2197e13f,2017-03-13,2017-03-15,2017-03-28
3737a59e8087,2017-03-18,2017-03-18,2017-03-28
e88aff546482,2017-02-19,2017-03-15,2017-03-21
8b083f78af78,2017-02-19,2017-03-15,2017-03-21
2c53b396852b,2017-02-19,2017-03-15,2017-03-21
dfd9e4478f19,2017-03-25,2017-03-25,2017-03-28
e59c5c341d7f,2017-02-19,2017-03-15,2017-03-21
3477931f86f9,2017-03-04,2017-03-15,2017-03-28
ce39d00124fc,2017-03-20,2017-03-20,2017-03-28
63d6f2f03573,2017-03-12,2017-03-15,2017-03-28
8038210931ec,2017-03-17,2017-03-17,2017-03-28
e531d7fddaca,2017-03-09,2017-03-15,2017-03-28
6ee11d99e371,2017-03-08,2017-03-15,2017-03-28
8e5318454b32,2017-03-04,2017-03-15,2017-03-28
3a2b72bb9f17,2017-03-27,2017-03-27,2017-03-28
459e989b6da3,2017-03-02,2017-03-15,2017-03-28
856c20ee26a2,2017-03-09,2017-03-15,2017-03-28
f6744c1cc3bd,2017-02-25,2017-03-15,2017-03-27
a86505ffb030,2017-03-26,2017-03-26,2017-03-28
e8299f1756a4,2017-03-03,2017-03-15,2017-03-28
b08e53a19260,2017-03-02,2017-03-15,2017-03-28
c0bff207413c,2017-03-04,2017-03-15,2017-03-28
37d1c154f2e7,2017-03-09,2017-03-15,2017-03-28
c7d6cbd673a3,2017-03-16,2017-03-16,2017-03-28
c1d2884a6e24,2017-02-19,2017-03-15,2017-03-20
0347d1577767,2017-02-22,2017-03-15,2017-03-24
a5cabcd11205,2017-02-19,2017-03-15,2017-03-21
13909200c872,2017-02-16,2017-03-15,2017-03-18
00ad121d131b,2017-03-17,2017-03-17,2017-03-28
a94c8d93bbf8,2017-03-24,2017-03-24,2017-03-28
29a9b1d724da,2017-03-07,2017-03-15,2017-03-19
e1c8a34c42b5,2017-02-15,2017-03-15,2017-03-17
d52e7f192b4c,2017-02-24,2017-03-15,2017-03-26
c2d4d9f1ffc9,2017-03-21,2017-03-21,2017-03-28
ddfe910360b6,2017-03-26,2017-03-26,2017-03-28
02910e57cade,2017-03-24,2017-03-24,2017-03-28
b03bdc25cfab,2017-03-10,2017-03-15,2017-03-28
3192e12e3d3a,2017-02-20,2017-03-15,2017-03-21
ad93dab7225f,2017-03-03,2017-03-15,2017-03-18
ffe24f16bae6,2017-02-26,2017-03-15,2017-03-28
1296a71f8652,2017-02-15,2017-03-15,2017-03-16
c3a0b8b02e52,2017-03-06,2017-03-15,2017-03-28
c09062eb5dc4,2017-02-26,2017-03-15,2017-03-28
fd5205d04d29,2017-02-24,2017-03-15,2017-03-26
50551ace4ad4,2017-02-13,2017-03-15,2017-03-15
4f8789869f05,2017-02-22,2017-03-15,2017-03-24
7ec24ef0bfdb,2017-02-17,2017-03-15,2017-03-19
77021be130a8,2017-02-25,2017-03-15,2017-03-27
99bb57f290b6,2017-02-15,2017-03-15,2017-03-16
45b7203dd3f3,2017-02-17,2017-03-15,2017-03-18
bbf6d3204f47,2017-03-20,2017-03-20,2017-03-23
34ebac5e8187,2017-03-14,2017-03-15,2017-03-28
570398b04e9c,2017-02-24,2017-03-15,2017-03-26
759cb3af92e7,2017-02-18,2017-03-15,2017-03-19
2cf17ac9b953,2017-02-13,2017-03-15,2017-03-15
bfe8c45269d4,2017-03-02,2017-03-15,2017-03-28
97f35c65af11,2017-02-21,2017-03-15,2017-03-23
11f7ae4e05d4,2017-02-21,2017-03-15,2017-03-23
d5d6110c81a9,2017-03-14,2017-03-15,2017-03-28
19a4406449d7,2017-02-14,2017-03-15,2017-03-16
4b137827e293,2017-03-14,2017-03-15,2017-03-28
95d3a468d192,2017-03-19,2017-03-19,2017-03-28
6996d3994f6f,2017-02-13,2017-03-15,2017-03-15
9fc448e4a91d,2017-03-17,2017-03-17,2017-03-28
c24ef0e2ffd2,2017-03-08,2017-03-15,2017-03-28
56d132c4b1f6,2017-02-26,2017-03-15,2017-03-28
a13a9ce46100,2017-03-10,2017-03-15,2017-03-28
b8c30271dc66,2017-03-19,2017-03-19,2017-03-28
18e05882a236,2017-03-06,2017-03-15,2017-03-21
756adb7a10dd,2017-03-10,2017-03-15,2017-03-28
ab21ef2da206,2017-03-07,2017-03-15,2017-03-28
c3c1880d8800,2017-03-09,2017-03-15,2017-03-18
a7423c46b450,2017-03-16,2017-03-16,2017-03-28
3c1337fcee7b,2017-02-28,2017-03-15,2017-03-28
28433588e5b0,2017-02-19,2017-03-15,2017-03-21
50bc4b2f0f38,2017-02-28,2017-03-15,2017-03-28
c46dad0ac2e0,2017-03-12,2017-03-15,2017-03-28
7ef905635358,2017-03-07,2017-03-15,2017-03-28
8b3f5daa2b16,2017-03-06,2017-03-15,2017-03-28
8cd36c3e97a2,2017-03-18,2017-03-18,2017-03-28
0e7b30484d81,2017-03-18,2017-03-18,2017-03-19
e5d94bc6d285,2017-03-18,2017-03-18,2017-03-28
72901720008e,2017-02-25,2017-03-15,2017-03-27
faf26c30ea70,2017-03-21,2017-03-21,2017-03-28
4fc3dc50b54f,2017-03-10,2017-03-15,2017-03-28
b62a68f6fbcf,2017-03-24,2017-03-24,2017-03-28
2baed34a1b89,2017-02-14,2017-03-15,2017-03-15
fc7f3b72b560,2017-03-22,2017-03-22,2017-03-28
b86443da8f67,2017-02-20,2017-03-15,2017-03-21
95b4fa27d16f,2017-02-16,2017-03-15,2017-03-18
d6f4f4e0f3e6,2017-03-08,2017-03-15,2017-03-28
5164c4a1f58b,2017-03-09,2017-03-15,2017-03-28
9b8e41d0cce4,2017-03-15,2017-03-15,2017-03-28
d8ae1569913c,2017-03-14,2017-03-15,2017-03-28
580c9602a106,2017-03-06,2017-03-15,2017-03-28
e4011085ea70,2017-03-10,2017-03-15,2017-03-28
0d24eefb8e89,2017-03-12,2017-03-15,2017-03-28
8c06a96111aa,2017-03-16,2017-03-16,2017-03-28
4c6983893650,2017-03-18,2017-03-18,2017-03-28
cc3f12813f77,2017-02-27,2017-03-15,2017-03-28
ec856820b65a,2017-03-23,2017-03-23,2017-03-28
9a55b0c1cfc1,2017-03-18,2017-03-18,2017-03-28
ca0223b8d8a8,2017-03-25,2017-03-25,2017-03-28
e550417f62d9,2017-02-25,2017-03-15,2017-03-27
237669437f8d,2017-03-21,2017-03-21,2017-03-28
672388226535,2017-02-17,2017-03-15,2017-03-18
c0c1e944cc4f,2017-02-24,2017-03-15,2017-03-26
911d9158a0fc,2017-03-18,2017-03-18,2017-03-28
b10c3262a7fd,2017-03-03,2017-03-15,2017-03-28
2a588d7ac0ac,2017-03-07,2017-03-15,2017-03-28
8a2e1cab826d,2017-02-14,2017-03-15,2017-03-15
684051c0aeac,2017-03-27,2017-03-27,2017-03-28
3dcf83fe8c37,2017-02-27,2017-03-15,2017-03-28
8cbbe32bd9b6,2017-02-24,2017-03-15,2017-03-25
2298105e88d6,2017-03-01,2017-03-15,2017-03-28
79de632fc26b,2017-03-22,2017-03-22,2017-03-28
ce8027e3157a,2017-02-28,2017-03-15,2017-03-28
3476c6797368,2017-03-20,2017-03-20,2017-03-28
8a3d384fdbee,2017-03-05,2017-03-15,2017-03-28
7877e2af90ab,2017-03-12,2017-03-15,2017-03-28
db1e44cccd1d,2017-03-26,2017-03-26,2017-03-28
028c510ad345,2017-02-14,2017-03-15,2017-03-16
9b5a5a5ddb27,2017-03-02,2017-03-15,2017-03-28
48168cb4f065,2017-02-27,2017-03-15,2017-03-28
60a097e871e7,2017-03-06,2017-03-15,2017-03-28
a2b035d217a5,2017-03-13,2017-03-15,2017-03-28
9f69cd47e114,2017-03-14,2017-03-15,2017-03-28
c3cbd7ab55f0,2017-02-25,2017-03-15,2017-03-26
49fb47c49879,2017-03-18,2017-03-18,2017-03-28
4090403bfc41,2017-03-26,2017-03-26,2017-03-28
d6e24f008775,2017-03-24,2017-03-24,2017-03-24
4d515ad3d07c,2017-03-01,2017-03-15,2017-03-28
ffba125c1f17,2017-03-25,2017-03-25,2017-03-28
db08fb04860c,2017-02-24,2017-03-15,2017-03-26
d1e4987e0bbe,2017-02-22,2017-03-15,2017-03-24
dce4896ce730,2017-03-19,2017-03-19,2017-03-28
89be77ce503e,2017-03-10,2017-03-15,2017-03-28
99356a566cd9,2017-03-11,2017-03-15,2017-03-28
47313ad0aef0,2017-02-23,2017-03-15,2017-03-25
471e45afbcdc,2017-03-19,2017-03-19,2017-03-28
5d518d71ac0c,2017-03-06,2017-03-15,2017-03-28
b7fa23bfdf67,2017-03-12,2017-03-15,2017-03-28
8f4d8e28b1e9,2017-03-22,2017-03-22,2017-03-28
f1c1a3b3c0e8,2017-02-24,2017-03-15,2017-03-25
07c96920b530,2017-03-04,2017-03-15,2017-03-28
6df27399026e,2017-02-23,2017-03-15,2017-03-25
defb914a4c7b,2017-03-18,2017-03-18,2017-03-28
ea79ca16243d,2017-02-15,2017-03-15,2017-03-17
660a5a43a6cc,2017-02-22,2017-03-15,2017-03-24
faead65494ff,2017-02-24,2017-03-15,2017-03-26
8139f19b3e2a,2017-03-20,2017-03-20,2017-03-28
32aeb85f5aec,2017-02-22,2017-03-15,2017-03-24
daeb44050fb9,2017-02-16,2017-03-15,2017-03-18
3c39ae363342,2017-02-25,2017-03-15,2017-03-27
36e2ea70c3d8,2017-03-23,2017-03-23,2017-03-28
c1153910f0b0,2017-02-27,2017-03-15,2017-03-28
95045ceb13aa,2017-03-10,2017-03-15,2017-03-28
c53333783aef,2017-03-11,2017-03-15,2017-03-28
1685a232989f,2017-03-27,2017-03-27,2017-03-28
09cb06254693,2017-02-20,2017-03-15,2017-03-21
cfcc24ddef28,2017-02-27,2017-03-15,2017-03-28
2ea1a8d77385,2017-03-11,2017-03-15,2017-03-28
05de826f99f2,2017-02-22,2017-03-15,2017-03-24
51c40ffeb243,2017-02-16,2017-03-15,2017-03-18
93f6ca4ae098,2017-02-22,2017-03-15,2017-03-24
521586157078,2017-02-16,2017-03-15,2017-03-17
a5c0b3b5000a,2017-03-08,2017-03-15,2017-03-28
e14bfcf90d0f,2017-03-04,2017-03-15,2017-03-28
779ea932eb58,2017-03-13,2017-03-15,2017-03-28
b3295092ce97,2017-02-26,2017-03-15,2017-03-28
94e3ba0e1049,2017-03-08,2017-03-15,2017-03-28
c060c9b71079,2017-02-24,2017-03-15,2017-03-26
6389796b3dce,2017-03-13,2017-03-15,2017-03-28
c780717b4fd4,2017-02-24,2017-03-15,2017-03-26
8d51a08f2c28,2017-02-18,2017-03-15,2017-03-19
03bd33576e1a,2017-02-18,2017-03-15,2017-03-20
6a178b6ae163,2017-02-16,2017-03-15,2017-03-17
7e61623336a5,2017-03-13,2017-03-15,2017-03-28
56667daf4622,2017-03-24,2017-03-24,2017-03-28
400700111188,2017-03-13,2017-03-15,2017-03-17
46d8ff7af326,2017-03-19,2017-03-19,2017-03-28
ff0173815bdd,2017-03-13,2017-03-15,2017-03-17
c406ac86fe46,2017-02-19,2017-03-15,2017-03-21
727fb78de1e0,2017-03-17,2017-03-17,2017-03-28
b8c265b4a2df,2017-02-24,2017-03-15,2017-03-26
0ff63f514fdd,2017-02-25,2017-03-15,2017-03-26
8269e43c4363,2017-03-16,2017-03-16,2017-03-28
7ca5976ad548,2017-03-26,2017-03-26,2017-03-28
a40cd2be5421,2017-03-07,2017-03-15,2017-03-28
6c93d382a8b8,2017-03-22,2017-03-22,2017-03-28
3a623d9f7ea9,2017-03-04,2017-03-15,2017-03-28
28b4435a1392,2017-03-27,2017-03-27,2017-03-28
80bd5de0bdef,2017-03-14,2017-03-15,2017-03-28
30f605cc438f,2017-03-10,2017-03-15,2017-03-28
896c525fce91,2017-03-09,2017-03-15,2017-03-28
638d9cf7f487,2017-02-28,2017-03-15,2017-03-28
899f70fd2f3d,2017-03-01,2017-03-15,2017-03-28
cdc1773d9140,2017-02-17,2017-03-15,2017-03-19
8e1d0d74749a,2017-03-17,2017-03-17,2017-03-28
065b65329a65,2017-03-05,2017-03-15,2017-03-28
7048dcbfe6ea,2017-02-25,2017-03-15,2017-03-27
47f5ee38c6d3,2017-03-05,2017-03-15,2017-03-28
1448ef375f78,2017-02-27,2017-03-15,2017-03-28
4c804b613b72,2017-03-19,2017-03-19,2017-03-24
16ab237c89b3,2017-02-25,2017-03-15,2017-03-27
ce76caefaf59,2017-02-14,2017-03-15,2017-03-16
53944e463c4b,2017-03-22,2017-03-22,2017-03-28
3ada1a1f820b,2017-03-16,2017-03-16,2017-03-28
11abb4d229cf,2017-03-18,2017-03-19,2017-03-28
e5643da68f87,2017-02-23,2017-03-15,2017-03-25
992e9a77a1d6,2017-03-17,2017-03-17,2017-03-28
0b806dd46791,2017-02-15,2017-03-15,2017-03-17
d5e64da4ee64,2017-03-26,2017-03-26,2017-03-28
9ab87ed7ed3a,2017-02-20,2017-03-15,2017-03-22
62c7afafcc25,2017-02-25,2017-03-15,2017-03-27
283803c44d4d,2017-02-22,2017-03-15,2017-03-24
3ab368e5f9e0,2017-03-26,2017-03-26,2017-03-28
2a2be0a8a83d,2017-03-21,2017-03-21,2017-03-28
40abd058c6c0,2017-03-16,2017-03-16,2017-03-20
42340e659f33,2017-03-22,2017-03-22,2017-03-28
1641cea4c9da,2017-03-14,2017-03-15,2017-03-28
d32f3db6d4e4,2017-03-02,2017-03-15,2017-03-19
1457486b25c8,2017-02-26,2017-03-15,2017-03-28
2913cc9367fe,2017-03-12,2017-03-15,2017-03-28
c126a6a762c4,2017-03-25,2017-03-25,2017-03-28
9ebb4e55c10c,2017-03-12,2017-03-15,2017-03-28
ebf36aa1b41b,2017-02-14,2017-03-15,2017-03-15
794ae7a1151d,2017-03-20,2017-03-20,2017-03-28
4abde40e15e3,2017-02-19,2017-03-15,2017-03-21
f21bfe6d13e2,2017-03-27,2017-03-27,2017-03-28
ca527986726e,2017-03-08,2017-03-15,2017-03-28
002cdfb19e2e,2017-02-18,2017-03-15,2017-03-20
a21335815f8e,2017-02-22,2017-03-15,2017-03-24
e379ada6c3d5,2017-03-27,2017-03-27,2017-03-28
b44f8e91fd20,2017-02-19,2017-03-15,2017-03-21
afaab3ba46e8,2017-02-21,2017-03-15,2017-03-23
5c953e0f137e,2017-02-19,2017-03-15,2017-03-21
579d25e7ffeb,2017-03-10,2017-03-15,2017-03-28
36b1dbdd26cf,2017-03-27,2017-03-27,2017-03-28
edfaeee91171,2017-03-14,2017-03-15,2017-03-19
25809d4351ae,2017-02-28,2017-03-15,2017-03-28
824a101a9890,2017-03-18,2017-03-18,2017-03-28
bdf56c30a8dd,2017-02-22,2017-03-15,2017-03-24
c4d5ce92cc62,2017-03-19,2017-03-19,2017-03-28
8d84e18fd940,2017-03-16,2017-03-16,2017-03-28
df497795a15e,2017-02-20,2017-03-15,2017-03-21
1eed0863498d,2017-03-26,2017-03-26,2017-03-28
88d6a8cf1e4b,2017-02-19,2017-03-15,2017-03-21
e5e2658fc791,2017-02-15,2017-03-15,2017-03-16
5eb2a86d410b,2017-03-18,2017-03-18,2017-03-19
aee116f2880d,2017-03-02,2017-03-15,2017-03-28
f94666c6df4b,2017-02-14,2017-03-15,2017-03-16
43606332f955,2017-02-24,2017-03-15,2017-03-25
87b264795118,2017-02-25,2017-03-15,2017-03-26
2cc04de25ff1,2017-03-17,2017-03-17,2017-03-28
f75416960dd6,2017-03-07,2017-03-15,2017-03-28
4cf9a71b959f,2017-03-10,2017-03-15,2017-03-28
6f1894fcfc57,2017-03-05,2017-03-15,2017-03-28
14ab674544cf,2017-03-28,2017-03-28,2017-03-28
8e68cd0f1f64,2017-03-05,2017-03-15,2017-03-28
7f78dc451916,2017-03-28,2017-03-28,2017-03-28
3fbab5f47e12,2017-03-10,2017-03-15,2017-03-28
55bdb21a8041,2017-03-23,2017-03-23,2017-03-28
650e169cf6ed,2017-03-14,2017-03-15,2017-03-28
8b6d35cbf1bc,2017-03-23,2017-03-23,2017-03-28
b1e20a0d2d58,2017-02-26,2017-03-15,2017-03-27
89852c3f4c3f,2017-03-20,2017-03-20,2017-03-28
efaf929d8029,2017-02-24,2017-03-15,2017-03-26
4dd4d4caef88,2017-03-16,2017-03-16,2017-03-28
bd77b9c89911,2017-02-16,2017-03-15,2017-03-18
b2b21c6b0fd0,2017-03-16,2017-03-16,2017-03-28
6163a6f5e2be,2017-03-05,2017-03-15,2017-03-28
0ac7a6effec7,2017-03-23,2017-03-23,2017-03-28
b58b3052aeea,2017-03-04,2017-03-15,2017-03-23
abda44c1f609,2017-02-19,2017-03-15,2017-03-21
29518dfffd0b,2017-03-23,2017-03-23,2017-03-28
bd3ce1e875ef,2017-02-16,2017-03-15,2017-03-18
b34e6e46da72,2017-03-16,2017-03-16,2017-03-28
cc80b4c0154d,2017-03-23,2017-03-23,2017-03-28
238cebc877e0,2017-03-24,2017-03-24,2017-03-28
0c2fd399b863,2017-03-27,2017-03-27,2017-03-28
01e9a436d041,2017-03-13,2017-03-15,2017-03-28
1563d6cf0a21,2017-02-20,2017-03-15,2017-03-22
6307a5120ad3,2017-03-01,2017-03-15,2017-03-28
5e1690019e63,2017-03-11,2017-03-15,2017-03-28
7ebb1be0254b,2017-02-19,2017-03-15,2017-03-20
c286dfa03ef3,2017-02-28,2017-03-15,2017-03-26
3d9179f256e4,2017-03-10,2017-03-15,2017-03-28
016cfe85f513,2017-02-22,2017-03-15,2017-03-24
f59378f7530c,2017-02-21,2017-03-15,2017-03-22
79e216026fd7,2017-02-18,2017-03-15,2017-03-20
54504727c962,2017-02-24,2017-03-15,2017-03-25
354579a76e40,2017-03-10,2017-03-15,2017-03-28
2ad58cdb85b8,2017-03-11,2017-03-15,2017-03-28
5f88c22d6eb1,2017-03-17,2017-03-17,2017-03-19
d54adcb39b57,2017-03-22,2017-03-22,2017-03-28
6192a774ca28,2017-03-18,2017-03-18,2017-03-28
8e504ccba2ba,2017-03-27,2017-03-27,2017-03-28
86abd4ec0e7f,2017-02-25,2017-03-15,2017-03-26
56e76ef340a0,2017-03-02,2017-03-15,2017-03-28
6f76efc207ce,2017-03-13,2017-03-15,2017-03-28
245bd593985b,2017-03-10,2017-03-15,2017-03-28
5a07ea397339,2017-03-10,2017-03-15,2017-03-22
e61dade1fd38,2017-03-26,2017-03-26,2017-03-28
fce5b89230f8,2017-03-14,2017-03-15,2017-03-28
81feb6cb570a,2017-02-21,2017-03-15,2017-03-23
c30bb7bb9f46,2017-02-20,2017-03-15,2017-03-22
bf462ffb870c,2017-03-09,2017-03-15,2017-03-28
940eab94d30e,2017-03-27,2017-03-27,2017-03-28
a7dd09408357,2017-02-17,2017-03-15,2017-03-19
c034899f986f,2017-03-04,2017-03-15,2017-03-28
1cf06c43cd3c,2017-03-17,2017-03-17,2017-03-28
128008a6b95b,2017-03-28,2017-03-28,2017-03-28
a98ed37593d3,2017-03-18,2017-03-18,2017-03-28
c5ad3fbae42e,2017-03-05,2017-03-15,2017-03-28
2868c5534537,2017-03-16,2017-03-16,2017-03-28
ddd056693263,2017-03-14,2017-03-15,2017-03-28
4d58712095f7,2017-03-07,2017-03-15,2017-03-28
6e89d95e90b4,2017-02-24,2017-03-15,2017-03-25
58b5c499789c,2017-02-22,2017-03-15,2017-03-21
6eaf37423b9c,2017-03-14,2017-03-15,2017-03-28
ca22a2ffba87,2017-03-26,2017-03-26,2017-03-28
e10e7b5d8b1e,2017-03-20,2017-03-20,2017-03-28
d90ff1809001,2017-03-16,2017-03-16,2017-03-28
0a7e0283cb31,2017-02-22,2017-03-15,2017-03-23
dcac5e0455ce,2017-03-02,2017-03-15,2017-03-24
ba0de88ace89,2017-03-17,2017-03-17,2017-03-28
a865baa5324d,2017-03-13,2017-03-15,2017-03-28
dbbfcc6f9047,2017-03-10,2017-03-15,2017-03-28
1131e0937112,2017-03-10,2017-03-15,2017-03-28
bce88dc192ce,2017-03-20,2017-03-20,2017-03-28
6f2438b1e32f,2017-03-22,2017-03-22,2017-03-28
61abdffff7b3,2017-02-15,2017-03-15,2017-03-17
4830c12f84c0,2017-03-18,2017-03-18,2017-03-28
04fc3720c73c,2017-02-17,2017-03-15,2017-03-19
f3a40e43a4df,2017-03-11,2017-03-15,2017-03-28
8e5625ee387e,2017-02-17,2017-03-15,2017-03-19
f5b47181deea,2017-02-16,2017-03-15,2017-03-18
e130388cb700,2017-02-13,2017-03-15,2017-03-15
35e6d3ef9368,2017-03-06,2017-03-15,2017-03-28
41a6207b58a4,2017-02-19,2017-03-15,2017-03-21
65b51772c02b,2017-02-28,2017-03-15,2017-03-28
52d0c0d3094e,2017-03-17,2017-03-17,2017-03-28
0b51c3a483d5,2017-02-25,2017-03-15,2017-03-27
934a821a5f57,2017-03-18,2017-03-18,2017-03-21
5d8f3c5e324c,2017-03-14,2017-03-15,2017-03-28
a9384902ca75,2017-02-28,2017-03-15,2017-03-28
5e806942bb7b,2017-03-24,2017-03-24,2017-03-28
29c350fe69a0,2017-03-27,2017-03-27,2017-03-28
d1a633224144,2017-02-27,2017-03-15,2017-03-28
b0c9ad524ee6,2017-03-14,2017-03-15,2017-03-28
3878f55e946c,2017-03-16,2017-03-16,2017-03-28
1f08302e037d,2017-03-03,2017-03-15,2017-03-28
47a50885496f,2017-03-12,2017-03-15,2017-03-28
d3d21b7b5a22,2017-03-12,2017-03-15,2017-03-26
e88d6b6ec9fa,2017-03-16,2017-03-16,2017-03-28
4bd1bb9a71f6,2017-03-18,2017-03-18,2017-03-28
74f163881edc,2017-03-05,2017-03-15,2017-03-28
24653c591d0f,2017-03-07,2017-03-15,2017-03-28
a0ef04a0f3e0,2017-03-24,2017-03-24,2017-03-28
03d731b4e749,2017-02-26,2017-03-15,2017-03-28
0ece254cacd2,2017-02-16,2017-03-15,2017-03-18
c4eebea0f23c,2017-02-21,2017-03-15,2017-03-23
99978e2df29a,2017-03-21,2017-03-21,2017-03-28
b92dd7e7867f,2017-03-09,2017-03-15,2017-03-28
80afc99afdb8,2017-03-09,2017-03-15,2017-03-28
c74f23e41a4e,2017-03-04,2017-03-15,2017-03-28
0cd15b7a7d4a,2017-03-16,2017-03-16,2017-03-28
95d43983b18a,2017-02-26,2017-03-15,2017-03-27
11534e1b878d,2017-02-19,2017-03-15,2017-03-21
552289510ec0,2017-03-28,2017-03-28,2017-03-28
ecba983f05e1,2017-03-26,2017-03-26,2017-03-28
9eed92caed9c,2017-03-08,2017-03-15,2017-03-28
55f07c528ab3,2017-02-26,2017-03-15,2017-03-28
8ca3488f6b94,2017-03-08,2017-03-15,2017-03-28
189a5c7c7c63,2017-03-23,2017-03-23,2017-03-28
f3cc2ea74735,2017-03-07,2017-03-15,2017-03-28
437e2f6f8731,2017-02-24,2017-03-15,2017-03-26
b99a76b4462f,2017-02-24,2017-03-15,2017-03-26
1af118068e09,2017-03-12,2017-03-15,2017-03-28
b54a9d380a60,2017-02-26,2017-03-15,2017-03-27
3e0d8a37f3c5,2017-02-16,2017-03-15,2017-03-18
45f82740d8c3,2017-03-05,2017-03-15,2017-03-28
d81b9b503c8d,2017-03-04,2017-03-15,2017-03-28
0f6649e81a88,2017-02-24,2017-03-15,2017-03-25
d56a245f0f63,2017-03-25,2017-03-25,2017-03-28
6c361afbf234,2017-03-22,2017-03-22,2017-03-28
f796f1dd6b18,2017-03-09,2017-03-15,2017-03-28
663143ca1701,2017-03-23,2017-03-23,2017-03-27
d91c4c005a85,2017-03-25,2017-03-25,2017-03-28
5eb65c7bbb49,2017-03-09,2017-03-15,2017-03-28
b5af4577e48a,2017-02-22,2017-03-15,2017-03-24
7df75c199e57,2017-02-25,2017-03-15,2017-03-26
b7fedbf72d4c,2017-03-14,2017-03-15,2017-03-28
4c26379659bb,2017-03-05,2017-03-15,2017-03-28
3e65cd6ba26c,2017-03-24,2017-03-24,2017-03-28
20f448fe9ba1,2017-03-01,2017-03-15,2017-03-28
c9f01a9e3a44,2017-02-23,2017-03-15,2017-03-24
57751b88c83c,2017-03-19,2017-03-19,2017-03-28
81c572e60707,2017-03-19,2017-03-19,2017-03-28
dc521ed7431c,2017-03-07,2017-03-15,2017-03-28
a93d5a1ffcc1,2017-03-10,2017-03-15,2017-03-25
586965e01dd4,2017-02-14,2017-03-15,2017-03-15
94169f33f74c,2017-02-15,2017-03-15,2017-03-17
c37c504d6dfe,2017-03-25,2017-03-25,2017-03-28
a65aee8648a6,2017-02-19,2017-03-15,2017-03-19
dd3f157c2fab,2017-03-06,2017-03-15,2017-03-28
02682f996d07,2017-03-06,2017-03-15,2017-03-28
c7aeb7907075,2017-03-25,2017-03-25,2017-03-28
dddeb6ab5d36,2017-02-14,2017-03-15,2017-03-16
edd3e1b57b78,2017-03-22,2017-03-22,2017-03-28
406e1ea2f840,2017-03-21,2017-03-22,2017-03-28
38983322af12,2017-03-14,2017-03-15,2017-03-28
35f0cefb2e2e,2017-03-09,2017-03-15,2017-03-28
cbe02d1b3ea1,2017-03-21,2017-03-21,2017-03-28
a335791fbd91,2017-03-03,2017-03-15,2017-03-28
010cdb32d86f,2017-02-28,2017-03-15,2017-03-28
701c75bf975b,2017-02-20,2017-03-15,2017-03-22
68a9671c1c08,2017-02-22,2017-03-15,2017-03-24
3badc72496a9,2017-03-15,2017-03-15,2017-03-28
bb517b596665,2017-03-18,2017-03-18,2017-03-28
a365bc3217bb,2017-03-01,2017-03-15,2017-03-25
8a97ce61a09f,2017-03-05,2017-03-15,2017-03-28
7513782cf74e,2017-03-12,2017-03-15,2017-03-28
e2dcfda18b10,2017-03-26,2017-03-26,2017-03-28
b9b226a5d8e3,2017-03-05,2017-03-15,2017-03-28
786f61631993,2017-03-14,2017-03-15,2017-03-28
f293f4a33d6b,2017-03-28,2017-03-28,2017-03-28
ea696baf846f,2017-03-09,2017-03-15,2017-03-28
31e76e819057,2017-03-22,2017-03-22,2017-03-28
2c4945d28ed2,2017-03-23,2017-03-23,2017-03-28
e19d5219585a,2017-03-25,2017-03-25,2017-03-28
7530c426d467,2017-03-08,2017-03-15,2017-03-28
f2001686a900,2017-03-24,2017-03-24,2017-03-28
1c0d7eb6ebcc,2017-03-24,2017-03-24,2017-03-28
32bd83e27da6,2017-03-25,2017-03-25,2017-03-28
88b052e402a7,2017-03-04,2017-03-15,2017-03-28
3a74d5b5d9b2,,2017-03-15,2017-03-28
ec3d3d7f35c2,2017-02-19,2017-03-15,2017-03-21
8b869f695138,2017-03-22,2017-03-22,2017-03-28
d48623b165ef,2017-03-17,2017-03-17,2017-03-28
04f56df316fe,2017-02-24,2017-03-15,2017-03-25
8f9dfa27b339,2017-03-11,2017-03-15,2017-03-28
6eb19ea63da8,2017-03-14,2017-03-15,2017-03-28
6f3ba6cc9c80,2017-03-14,2017-03-15,2017-03-28
f35356210378,2017-03-24,2017-03-24,2017-03-28
4c57e8ae977e,2017-03-27,2017-03-27,2017-03-28
539c0331c128,2017-03-13,2017-03-15,2017-03-28
d7e5b22c13c8,2017-02-24,2017-03-15,2017-03-26
d5db80b51d68,2017-03-06,2017-03-15,2017-03-28
3710c6844281,2017-02-24,2017-03-15,2017-03-26
a6f1c0b2d4a5,2017-02-18,2017-03-15,2017-03-19
7e5ab41aa0ee,2017-02-26,2017-03-15,2017-03-28
c933bbe7ad3f,2017-03-12,2017-03-15,2017-03-28
ea4c8fc02c4c,2017-03-06,2017-03-15,2017-03-28
70a11790d2f0,2017-03-04,2017-03-15,2017-03-28
4e65c278ea3a,2017-02-25,2017-03-15,2017-03-27
7cdcded54e8c,2017-02-23,2017-03-15,2017-03-25
1ae301d12bbe,2017-03-17,2017-03-17,2017-03-28
97769490c69b,2017-02-17,2017-03-15,2017-03-19
de307ce5397a,2017-02-20,2017-03-15,2017-03-22
9639fe85a57e,2017-03-21,2017-03-21,2017-03-28
0e5c759e0c41,2017-02-27,2017-03-15,2017-03-28
7c5194672041,2017-02-25,2017-03-15,2017-03-27
04450522a443,2017-02-25,2017-03-15,2017-03-27
98ae34130aa7,2017-02-26,2017-03-15,2017-03-28
c8cb56aee2d7,2017-03-14,2017-03-15,2017-03-19
95432a61e618,2017-03-23,2017-03-23,2017-03-28
900a63647253,2017-02-22,2017-03-15,2017-03-23
21912db2c7a5,2017-03-17,2017-03-17,2017-03-28
7985672d8fee,2017-02-20,2017-03-15,2017-03-22
387903eeb819,2017-03-22,2017-03-22,2017-03-28
594871a706db,2017-03-27,2017-03-27,2017-03-28
63d9b3eb57b9,2017-03-21,2017-03-21,2017-03-24
317509e09e0a,2017-02-19,2017-03-15,2017-03-20
4f30b0b746e8,2017-03-25,2017-03-25,2017-03-28
6b422a6774fa,2017-02-24,2017-03-15,2017-03-26
8bdb24971c65,2017-02-27,2017-03-15,2017-03-28
74407c8ee3dd,2017-02-28,2017-03-15,2017-03-28
d6ee4fceb22d,2017-03-05,2017-03-15,2017-03-28
6d1ef9d417d2,2017-03-20,2017-03-20,2017-03-28
e9acffd42cef,2017-03-08,2017-03-15,2017-03-28
062ca2887313,2017-02-13,2017-03-15,2017-03-15
d3ebf6b9c452,2017-03-23,2017-03-23,2017-03-28
06aee1433d8c,2017-03-14,2017-03-15,2017-03-28
52ebca200aaf,2017-03-04,2017-03-15,2017-03-28
8626bf3cecc4,2017-03-18,2017-03-18,2017-03-28
242147e3704b,2017-02-15,2017-03-15,2017-03-16
fe43b2dfa6a7,2017-03-21,2017-03-21,2017-03-28
b9b5e5eced15,2017-02-14,2017-03-15,2017-03-16
590b069c4d4d,2017-02-23,2017-03-15,2017-03-24
165e8d67147f,2017-02-17,2017-03-15,2017-03-19
f65b0cd47b9a,2017-03-03,2017-03-15,2017-03-28
ba80831c92a8,2017-03-04,2017-03-15,2017-03-28
6f0c81c88717,2017-03-19,2017-03-19,2017-03-28
75ef2ae53901,2017-03-13,2017-03-15,2017-03-28
2b1d1fc84efa,2017-02-16,2017-03-15,2017-03-17
83f7033f2b20,2017-03-06,2017-03-15,2017-03-24
5d6adefc71de,2017-03-10,2017-03-15,2017-03-28
2bd6b8735b2b,2017-03-22,2017-03-22,2017-03-28
39ce6250e2d7,2017-03-07,2017-03-15,2017-03-28
15f23e34e7ef,2017-03-20,2017-03-20,2017-03-28
662ba0a4108a,2017-02-26,2017-03-15,2017-03-28
e52c0806b883,2017-02-19,2017-03-15,2017-03-21
aa26af5b9c81,2017-03-01,2017-03-15,2017-03-28
361c1f063687,2017-02-25,2017-03-15,2017-03-27
c9b1d97371f4,2017-03-27,2017-03-27,2017-03-28
cf8f0839e191,2017-03-01,2017-03-15,2017-03-28
027246ae9972,2017-03-08,2017-03-15,2017-03-28
c8a8709e6452,2017-03-11,2017-03-15,2017-03-28
fcf82e313074,2017-03-27,2017-03-27,2017-03-28
741d6ef3a573,2017-02-14,2017-03-15,2017-03-15
adb8da7158d3,2017-02-25,2017-03-15,2017-03-24
0b4b79ca3c00,2017-03-14,2017-03-15,2017-03-27
91a2edac7262,2017-02-20,2017-03-15,2017-03-22
0e8c3bf0bf71,2017-03-25,2017-03-25,2017-03-28
953fc2bd73c1,2017-02-25,2017-03-15,2017-03-27
e09cbfaea172,2017-02-17,2017-03-15,2017-03-19
76e00e882a75,2017-03-21,2017-03-21,2017-03-28
7b28194d190b,2017-03-16,2017-03-16,2017-03-28
cfe2661a3112,2017-02-22,2017-03-15,2017-03-24
84dbb8defa6a,2017-03-19,2017-03-19,2017-03-28
7951f05a8999,2017-02-15,2017-03-15,2017-03-17
a57d03c0084f,2017-02-15,2017-03-15,2017-03-17
9129453f03df,2017-02-20,2017-03-15,2017-03-22
6d2ce2e9214a,2017-02-15,2017-03-15,2017-03-17
be0af3520108,2017-03-06,2017-03-15,2017-03-28
edb111b928ec,2017-02-14,2017-03-15,2017-03-16
7cd9003e757d,2017-03-24,2017-03-24,2017-03-28
87827cdf4e30,2017-03-16,2017-03-16,2017-03-28
512d656e7584,2017-03-14,2017-03-15,2017-03-28
929da594d099,2017-03-09,2017-03-15,2017-03-28
28872a196bb2,2017-02-22,2017-03-15,2017-03-24
f94c72cb87d0,2017-02-26,2017-03-15,2017-03-27
3bb65a837e57,2017-02-28,2017-03-15,2017-03-28
042ea681a111,2017-03-12,2017-03-15,2017-03-28
d9078b473aa1,2017-02-16,2017-03-15,2017-03-18
f639eeb70a96,2017-02-20,2017-03-15,2017-03-19
03b2209ff144,2017-03-22,2017-03-22,2017-03-28
ed28eb4727e3,2017-02-15,2017-03-15,2017-03-17
1799c8964d85,2017-03-01,2017-03-15,2017-03-28
afe88f971e77,2017-03-12,2017-03-15,2017-03-28
de78b29c642b,2017-02-21,2017-03-15,2017-03-23
db17d693d7c2,2017-03-13,2017-03-15,2017-03-28
0a78d6245798,2017-03-01,2017-03-15,2017-03-28
a263da8d3e17,2017-02-21,2017-03-15,2017-03-23
929c09510b2f,2017-03-19,2017-03-19,2017-03-28
05d94484c240,2017-03-03,2017-03-15,2017-03-28
c470f62fa6df,2017-03-09,2017-03-15,2017-03-28
d426091c8775,2017-03-01,2017-03-15,2017-03-28
16ca27553fa3,2017-03-07,2017-03-15,2017-03-28
557310c0356b,2017-02-20,2017-03-15,2017-03-21
4886297296d0,2017-02-19,2017-03-15,2017-03-21
6072d406f5a5,2017-03-17,2017-03-17,2017-03-28
6b2ec6259f10,2017-02-20,2017-03-15,2017-03-22
858fe5e6756a,2017-03-06,2017-03-15,2017-03-28
28695b6f9735,2017-03-15,2017-03-15,2017-03-28
49fffbcc59b2,2017-03-18,2017-03-18,2017-03-28
3fc6a6c43788,2017-02-28,2017-03-15,2017-03-28
7c57af5d2745,2017-03-15,2017-03-15,2017-03-28
e23e30eac895,2017-03-02,2017-03-15,2017-03-28
d9cb91a529a8,2017-02-22,2017-03-15,2017-03-24
7fdafd863d12,2017-03-02,2017-03-15,2017-03-28
1ed8c6d36552,2017-03-19,2017-03-19,2017-03-28
53b2148eec99,2017-02-21,2017-03-15,2017-03-22
6c783af1b7ab,2017-03-09,2017-03-15,2017-03-28
341eae439ea4,2017-02-23,2017-03-15,2017-03-24
cfa77fa0c758,2017-02-20,2017-03-15,2017-03-22
41b3939af265,2017-03-24,2017-03-24,2017-03-28
c4689d01c2e5,2017-02-24,2017-03-15,2017-03-26
afaf68e7af78,2017-03-01,2017-03-15,2017-03-28
9342df12d1f9,2017-03-10,2017-03-15,2017-03-20
ab9c59839319,2017-02-16,2017-03-15,2017-03-18
2df8074cfa23,2017-03-03,2017-03-15,2017-03-28
75752c7177b6,2017-03-10,2017-03-15,2017-03-28
934a7abddb30,2017-03-18,2017-03-18,2017-03-28
cd0b9e618cae,2017-03-18,2017-03-18,2017-03-28
c235b6a58df0,2017-03-26,2017-03-26,2017-03-28
8442d3510094,2017-03-27,2017-03-27,2017-03-28
0dabf43c4cba,2017-03-22,2017-03-22,2017-03-28
c209043e742d,2017-03-19,2017-03-19,2017-03-28
fc909bbb20e2,2017-03-15,2017-03-15,2017-03-20
e01931cb454a,2017-03-09,2017-03-15,2017-03-28
2dc9166c5a02,2017-03-10,2017-03-15,2017-03-28
4c8489846c83,2017-02-17,2017-03-15,2017-03-19
a3db7e85ace6,2017-03-21,2017-03-21,2017-03-28
e22bfafdd9f3,2017-03-20,2017-03-20,2017-03-28
6fc7b716c8d3,2017-02-24,2017-03-15,2017-03-26
aabed9b928cb,2017-03-25,2017-03-25,2017-03-28
19383011755f,2017-03-21,2017-03-21,2017-03-28
7c9a44634458,2017-03-01,2017-03-15,2017-03-28
0912c0316fb9,2017-03-04,2017-03-15,2017-03-28
36df42760a74,2017-03-19,2017-03-19,2017-03-28
c272eef9f9b5,2017-03-08,2017-03-15,2017-03-28
370bef310b9a,2017-03-07,2017-03-15,2017-03-28
a33b93e78f22,2017-02-14,2017-03-15,2017-03-15
4cff1d7e16f6,2017-03-09,2017-03-15,2017-03-28
08664175505e,2017-02-20,2017-03-15,2017-03-22
dcb558d28d23,2017-02-28,2017-03-15,2017-03-28
4a740516a2ed,2017-03-08,2017-03-15,2017-03-28
52371c09f7f6,2017-02-22,2017-03-15,2017-03-23
7a8810ffb69e,2017-03-10,2017-03-15,2017-03-28
b0b0ea9be579,2017-02-22,2017-03-15,2017-03-24
57c22ecbb80a,2017-03-25,2017-03-25,2017-03-28
76988cef7dd1,2017-03-04,2017-03-15,2017-03-28
e871df77e0ad,2017-03-13,2017-03-15,2017-03-28
1c710936ebfd,2017-02-21,2017-03-15,2017-03-23
bb4fc73031de,2017-03-06,2017-03-15,2017-03-28
087865e1617e,2017-03-05,2017-03-15,2017-03-28
40795c70d6e9,2017-03-28,2017-03-28,2017-03-28
571212a6ad27,2017-03-09,2017-03-15,2017-03-28
1161624a20ed,2017-03-02,2017-03-15,2017-03-28
d53b6ddafeac,2017-03-22,2017-03-22,2017-03-28
f6d73b5f4d68,2017-03-01,2017-03-15,2017-03-28
ca5e3a83a7b7,2017-03-27,2017-03-27,2017-03-28
c610ddcd8d25,2017-03-21,2017-03-21,2017-03-28
e5c1af56fbff,2017-03-03,2017-03-15,2017-03-28
5212f459f6a0,2017-02-23,2017-03-15,2017-03-25
ee3fceef56ff,2017-03-19,2017-03-19,2017-03-22
0a7cadd9f3a7,2017-03-13,2017-03-15,2017-03-28
e441a4fb317b,2017-02-19,2017-03-15,2017-03-20
b8fd3f63787c,2017-03-12,2017-03-15,2017-03-28
1f7393327e61,2017-02-22,2017-03-15,2017-03-24
07ff86204caa,2017-03-25,2017-03-25,2017-03-28
dcb6301a9dbf,2017-02-26,2017-03-15,2017-03-28
0ede5115c30a,2017-02-23,2017-03-15,2017-03-25
635709bf529f,2017-02-19,2017-03-15,2017-03-21
35fb8b98dd1f,2017-03-10,2017-03-15,2017-03-28
cc6da71bf46c,2017-02-17,2017-03-15,2017-03-18
d573192b50f1,2017-03-21,2017-03-21,2017-03-28
a61129db1cd5,2017-02-19,2017-03-15,2017-03-21
8b2052bd9233,2017-02-15,2017-03-15,2017-03-16
49b66acaaa9b,2017-03-09,2017-03-15,2017-03-28
74e2e4eee830,2017-03-04,2017-03-15,2017-03-28
8fea8ff4d0ff,2017-02-20,2017-03-15,2017-03-22
407ecabba4e2,2017-03-16,2017-03-16,2017-03-28
775ce125b6d9,2017-02-28,2017-03-15,2017-03-28
8621290bb779,2017-02-15,2017-03-15,2017-03-17
0e8b81846987,2017-03-26,2017-03-26,2017-03-27
78ce1769b30d,2017-03-26,2017-03-26,2017-03-28
67785df02b71,2017-02-17,2017-03-15,2017-03-19
2e7edd9cbbc6,2017-03-23,2017-03-23,2017-03-28
0e12d3860e02,2017-02-18,2017-03-15,2017-03-20
cf271a5cf84e,2017-03-21,2017-03-21,2017-03-28
623bc09ee951,2017-02-17,2017-03-15,2017-03-19
6700ef8b049b,2017-02-25,2017-03-15,2017-03-27
beed7646b9b6,2017-02-24,2017-03-15,2017-03-26
4cfb1c3f6c7d,2017-03-21,2017-03-21,2017-03-22
2cb78c0f0804,2017-03-11,2017-03-15,2017-03-28
57e9a90dd106,2017-02-26,2017-03-15,2017-03-28
b62568ead148,2017-03-11,2017-03-15,2017-03-28
d66940941093,2017-02-13,2017-03-15,2017-03-15
95debac28d87,2017-02-24,2017-03-15,2017-03-18
d97c149eb55f,2017-03-14,2017-03-15,2017-03-28
a4164569afb0,2017-03-12,2017-03-15,2017-03-28
21c4ce08ca2f,2017-03-14,2017-03-15,2017-03-28
6baf2be4e771,2017-03-01,2017-03-15,2017-03-28
094d2753148e,2017-03-27,2017-03-27,2017-03-28
2e54273d5444,2017-03-05,2017-03-15,2017-03-28
f0e20dc2f2f7,2017-02-28,2017-03-15,2017-03-28
835e9b7a5e9e,2017-02-21,2017-03-15,2017-03-22
544625452e14,2017-03-11,2017-03-15,2017-03-28
a26047da088e,2017-03-05,2017-03-15,2017-03-28
845c0aaefa86,2017-02-27,2017-03-15,2017-03-28
6c1b3d7261e7,2017-03-14,2017-03-15,2017-03-28
9ff0b5098c4f,2017-03-09,2017-03-15,2017-03-28
b5c8bf794cf2,2017-03-15,2017-03-15,2017-03-28
56ec2788a9ef,2017-02-22,2017-03-15,2017-03-24
fd2a2275b0c6,2017-03-18,2017-03-18,2017-03-28
85ff03e93dfa,2017-03-02,2017-03-15,2017-03-28
4f7fbb0d6dbb,2017-02-22,2017-03-15,2017-03-23
412953aeda27,2017-02-24,2017-03-15,2017-03-26
319b78605600,2017-03-15,2017-03-15,2017-03-28
2ef3e2cd1766,2017-03-17,2017-03-17,2017-03-28
51604535d6fd,2017-02-27,2017-03-15,2017-03-28
25bb4d9829e0,2017-03-01,2017-03-15,2017-03-28
ee6437d77086,2017-03-19,2017-03-19,2017-03-28
e69e3ec9da1d,2017-03-19,2017-03-19,2017-03-28
890d897b95a7,2017-03-13,2017-03-15,2017-03-28
0552a724e663,2017-03-13,2017-03-15,2017-03-28
dcfcebd8a393,2017-03-24,2017-03-24,2017-03-28
a19c2a572f5d,2017-02-20,2017-03-15,2017-03-22
b99fc569eb8b,2017-02-14,2017-03-15,2017-03-16
e0746c224cca,2017-02-28,2017-03-15,2017-03-28
9eeacc05111b,2017-02-23,2017-03-15,2017-03-25
9b8d78c69d0b,2017-03-13,2017-03-15,2017-03-28
daad1c5c0db1,2017-02-18,2017-03-15,2017-03-19
2b3d2e8d98c0,2017-03-24,2017-03-24,2017-03-28
9b77e5e80969,2017-03-15,2017-03-15,2017-03-28
1a0301b95ba8,2017-03-27,2017-03-27,2017-03-28
ecda7e4e3f11,2017-03-25,2017-03-25,2017-03-27
7965e272faf7,2017-03-18,2017-03-18,2017-03-28
54eda08b04db,2017-02-17,2017-03-15,2017-03-19
b5a80029d77e,2017-03-23,2017-03-23,2017-03-28
5be29940c70e,2017-03-22,2017-03-22,2017-03-28
d4366d3f046b,2017-03-21,2017-03-21,2017-03-28
d039da883d96,2017-02-23,2017-03-15,2017-03-25
bdb4ece09a2f,2017-02-22,2017-03-15,2017-03-24
6565ed128572,2017-03-19,2017-03-19,2017-03-28
6fd0c55ad70b,2017-03-19,2017-03-19,2017-03-28
8d551516269f,2017-03-11,2017-03-15,2017-03-26
a73545a3a126,2017-03-08,2017-03-15,2017-03-28
9690a9ac95c1,2017-03-15,2017-03-15,2017-03-28
35ab5ee5af01,2017-03-26,2017-03-26,2017-03-28
21c2a5bbdd88,2017-02-21,2017-03-15,2017-03-22
7f752dc64637,2017-03-05,2017-03-15,2017-03-28
e80080262ce7,2017-02-26,2017-03-15,2017-03-28
057942aa87b5,2017-03-15,2017-03-15,2017-03-28
34d2cfd6e7dd,2017-03-25,2017-03-25,2017-03-28
60e69948d47d,2017-02-21,2017-03-15,2017-03-23
244a3420cb8a,2017-02-19,2017-03-15,2017-03-21
881f8728694a,2017-03-24,2017-03-24,2017-03-28
424118ed4bb6,2017-02-27,2017-03-15,2017-03-28
c4a634ac3d16,2017-03-04,2017-03-15,2017-03-28
1c45f26ecc0f,2017-03-16,2017-03-16,2017-03-28
2b05658035fd,2017-03-08,2017-03-15,2017-03-28
42d6e52e404c,2017-02-27,2017-03-15,2017-03-17
df257b35afe8,2017-02-25,2017-03-15,2017-03-27
00759fbc05cf,2017-02-22,2017-03-15,2017-03-23
a59996d59cba,2017-03-25,2017-03-25,2017-03-28
b06765bae2fd,2017-03-15,2017-03-15,2017-03-28
bea257db0f66,2017-03-10,2017-03-15,2017-03-28
c4fe95a6db23,2017-03-25,2017-03-25,2017-03-28
53092f55315d,2017-02-13,2017-03-15,2017-03-15
e47679483f6d,2017-02-26,2017-03-15,2017-03-28
a2a33a8d0703,2017-03-10,2017-03-15,2017-03-28
1c06d90ec7d9,2017-03-09,2017-03-15,2017-03-28
6fe8137da3f5,2017-03-10,2017-03-15,2017-03-28
50bd4158cd44,2017-03-10,2017-03-15,2017-03-28
221fc5720d71,2017-03-01,2017-03-15,2017-03-28
fb88b0a341bf,2017-03-11,2017-03-15,2017-03-28
a1efbb939bba,2017-02-16,2017-03-15,2017-03-17
8d9fcd077c51,2017-03-26,2017-03-26,2017-03-28
fca08d87cf76,2017-03-04,2017-03-15,2017-03-28
7fb372e15a7c,2017-02-25,2017-03-15,2017-03-27
378ab0866f47,2017-02-16,2017-03-15,2017-03-18
894053fef64f,2017-02-26,2017-03-15,2017-03-28
6f04e2b9ec13,2017-03-04,2017-03-15,2017-03-28
e725ee0cd551,2017-02-18,2017-03-15,2017-03-20
f5bb7cefd003,2017-03-01,2017-03-15,2017-03-28
bc044b627344,2017-03-08,2017-03-15,2017-03-28
745892dc75d7,2017-03-19,2017-03-19,2017-03-28
0af99f85e277,2017-03-02,2017-03-15,2017-03-28
9cdb2695571c,2017-03-03,2017-03-15,2017-03-19
d0175601f72f,2017-03-14,2017-03-15,2017-03-28
8a7be17a945e,2017-03-23,2017-03-23,2017-03-28
8e3c64f9d8ef,2017-03-27,2017-03-27,2017-03-28
52b404afad3e,2017-02-23,2017-03-15,2017-03-24
5e275637a4d3,2017-03-26,2017-03-26,2017-03-28
6f474389ead0,2017-03-27,2017-03-27,2017-03-28
b13aeea4fdbe,2017-03-06,2017-03-15,2017-03-28
119581221051,2017-02-19,2017-03-15,2017-03-21
8c146b05d5f3,2017-03-16,2017-03-16,2017-03-28
86b2bd640120,2017-02-20,2017-03-15,2017-03-22
af0473db116a,2017-03-01,2017-03-15,2017-03-28
074ef1e7b097,2017-02-21,2017-03-15,2017-03-22
0f86b18be9c6,2017-02-27,2017-03-15,2017-03-20
f9ef1c008070,2017-03-26,2017-03-26,2017-03-28
957a3d5be46c,2017-02-14,2017-03-15,2017-03-15
f4a46592fcb8,2017-02-24,2017-03-15,2017-03-25
e24892202436,2017-02-23,2017-03-15,2017-03-25
83a9d395a99f,2017-03-19,2017-03-19,2017-03-28
887dd9d72f63,2017-02-25,2017-03-15,2017-03-27
b615dfdfc4b9,2017-02-14,2017-03-15,2017-03-16
0109f5489346,2017-03-09,2017-03-15,2017-03-28
049af5b70439,2017-03-04,2017-03-15,2017-03-28
93c6b11b54e6,2017-02-25,2017-03-15,2017-03-26
b56039a510dc,2017-03-27,2017-03-27,2017-03-28
f5eaaf1d6e65,2017-02-26,2017-03-15,2017-03-28
4f2376ef4861,2017-02-18,2017-03-15,2017-03-16
f695f6287a85,2017-03-03,2017-03-15,2017-03-28
f7acdb17d417,2017-03-09,2017-03-15,2017-03-28
77760d3ee1ae,2017-03-26,2017-03-26,2017-03-28
c0a37efacd1c,2017-02-24,2017-03-15,2017-03-25
fa7bd21fe10c,2017-02-15,2017-03-15,2017-03-17
50a9caf611c7,2017-02-23,2017-03-15,2017-03-25
4645a14c439b,2017-03-14,2017-03-15,2017-03-28
28af9b24e2cd,2017-03-25,2017-03-25,2017-03-28
3d68e5ec25b4,2017-02-21,2017-03-15,2017-03-22
8c0a18b18803,2017-03-19,2017-03-19,2017-03-28
1dc0481bd79f,2017-02-15,2017-03-15,2017-03-17
61af72419657,2017-03-28,2017-03-28,2017-03-28
db1780a3ea08,2017-03-12,2017-03-15,2017-03-28
97fd32ea6c23,2017-03-16,2017-03-16,2017-03-28
dcf466436e70,2017-03-02,2017-03-15,2017-03-20
ae3cab23f1d3,2017-03-23,2017-03-23,2017-03-28
64edb5c2bfee,2017-03-05,2017-03-15,2017-03-28
7cbf1270e1f0,2017-02-19,2017-03-15,2017-03-20
ee24e6a6849b,2017-03-28,2017-03-28,2017-03-28
f24a43ae6524,2017-03-11,2017-03-15,2017-03-28
9fefc58648a1,2017-03-15,2017-03-15,2017-03-28
a5b65f37a331,2017-03-21,2017-03-21,2017-03-28
6d1da88db69a,2017-03-23,2017-03-23,2017-03-28
a81a2d2d6c45,2017-02-19,2017-03-15,2017-03-20
dc62b8d704c1,2017-03-06,2017-03-15,2017-03-28
40062d69e145,2017-02-15,2017-03-15,2017-03-17
54c86e404f68,2017-02-17,2017-03-15,2017-03-19
d7d6fc53c742,2017-03-23,2017-03-23,2017-03-28
5abb661da420,2017-02-21,2017-03-15,2017-03-23
ecdde76613f6,2017-02-24,2017-03-15,2017-03-26
d99e695373e5,2017-03-18,2017-03-18,2017-03-28
f5bc39ae5805,2017-03-11,2017-03-15,2017-03-28
a83a68ad24b7,2017-02-25,2017-03-15,2017-03-27
adf06b9e4fa7,2017-02-20,2017-03-15,2017-03-18
3dfcc46ae68f,2017-03-02,2017-03-15,2017-03-28
038c4edaf052,2017-03-24,2017-03-24,2017-03-28
91b43cc0c51b,2017-02-14,2017-03-15,2017-03-16
171a4ebf74d4,2017-03-24,2017-03-24,2017-03-28
4a31466a5b07,2017-02-16,2017-03-15,2017-03-18
2a1abd325de2,2017-02-13,2017-03-15,2017-03-15
b931eab77922,2017-03-23,2017-03-23,2017-03-28
b4d4b87be9ed,2017-03-07,2017-03-15,2017-03-28
854e6066a67d,2017-03-18,2017-03-18,2017-03-28
73b7a18fa518,2017-03-07,2017-03-15,2017-03-28
b104d26e53aa,2017-02-15,2017-03-15,2017-03-16
eedbb9c16e04,2017-03-04,2017-03-15,2017-03-28
fde873f8c931,2017-03-06,2017-03-15,2017-03-28
0d9acfa07420,2017-02-28,2017-03-15,2017-03-28
588d6a605a37,2017-03-06,2017-03-15,2017-03-28
794d77b4cdce,2017-03-06,2017-03-15,2017-03-28
01d48fe803f1,2017-02-22,2017-03-15,2017-03-24
2b728b72a6f9,2017-02-23,2017-03-15,2017-03-25
3eacebe6807f,2017-03-05,2017-03-15,2017-03-28
b77e0d97af37,2017-02-25,2017-03-15,2017-03-26
21c277d0d005,2017-02-16,2017-03-15,2017-03-18
ce58e774e3a7,2017-03-13,2017-03-15,2017-03-28
90b9066b7610,2017-02-25,2017-03-15,2017-03-27
54768f4a8222,2017-03-09,2017-03-15,2017-03-28
37c920929cc3,2017-02-27,2017-03-15,2017-03-28
969966816258,2017-03-19,2017-03-19,2017-03-28
93ffb09462a1,2017-02-26,2017-03-15,2017-03-27
edd04998e1cf,2017-03-11,2017-03-15,2017-03-28
a09b8ad104d4,2017-03-12,2017-03-15,2017-03-28
c16ae50d4d0e,2017-02-20,2017-03-15,2017-03-22
742d431a2ae0,2017-03-06,2017-03-15,2017-03-28
63be7027e5dd,2017-03-08,2017-03-15,2017-03-28
75e009178928,2017-03-18,2017-03-18,2017-03-28
1f71d3ee710c,2017-03-19,2017-03-19,2017-03-28
06204a914146,2017-02-27,2017-03-15,2017-03-28
4bc7df35d97b,2017-02-14,2017-03-15,2017-03-16
740926e4e426,2017-03-10,2017-03-15,2017-03-28
34013274f506,2017-03-19,2017-03-19,2017-03-28
01f506b11567,2017-03-25,2017-03-25,2017-03-28
33729b707cc2,2017-03-13,2017-03-15,2017-03-28
6b5ba93e545a,2017-03-19,2017-03-19,2017-03-28
c2b71ae28ba7,2017-03-27,2017-03-27,2017-03-28
c122c6b40da6,2017-03-22,2017-03-22,2017-03-28
58e762fe8923,2017-03-09,2017-03-15,2017-03-28
8b61c9d56704,2017-03-25,2017-03-25,2017-03-28
81f80990fe34,2017-03-10,2017-03-15,2017-03-28
6223591e3428,2017-03-10,2017-03-15,2017-03-28
590ad06cd375,2017-03-09,2017-03-15,2017-03-28
912e7d30b15a,2017-03-19,2017-03-19,2017-03-28
bd2ec7c7a9fa,2017-03-13,2017-03-15,2017-03-28
4d20af0c8068,2017-02-17,2017-03-15,2017-03-19
59457fe78fc7,2017-02-26,2017-03-15,2017-03-27
390ae7ce5066,2017-03-20,2017-03-20,2017-03-28
a91cdcd13da1,2017-02-25,2017-03-15,2017-03-27
1a220c7403dc,2017-03-28,2017-03-28,2017-03-28
b73974fa822d,2017-02-25,2017-03-15,2017-03-27
89e9137daacc,2017-03-24,2017-03-24,2017-03-28
775fe2c7ccc0,2017-03-25,2017-03-25,2017-03-28
859e7c45ff1c,2017-03-03,2017-03-15,2017-03-28
54baf1cc1a7e,2017-03-04,2017-03-15,2017-03-28
6d79fc0e2eac,2017-03-18,2017-03-18,2017-03-28
4a95f2f77ef3,2017-03-18,2017-03-18,2017-03-19
49c7c20ceea7,2017-02-06,2017-03-15,2017-03-28
c461f4b4069f,2017-03-13,2017-03-15,2017-03-28
f833d73ba646,2017-02-16,2017-03-15,2017-03-17
1e8c92af6e02,2017-03-21,2017-03-21,2017-03-28
60e5c1a7c4eb,2017-02-14,2017-03-15,2017-03-15
21520378c023,2017-03-12,2017-03-15,2017-03-28
6a4d3dcf0868,2017-02-17,2017-03-15,2017-03-18
7d643f97e0bc,2017-02-25,2017-03-15,2017-03-26
bc8277605998,2017-03-04,2017-03-15,2017-03-28
6353b178534f,2017-03-09,2017-03-15,2017-03-28
cc9ddc207065,2017-03-14,2017-03-15,2017-03-28
223fabea3ec7,2017-02-16,2017-03-15,2017-03-17
9df349cbd3c4,2017-03-15,2017-03-15,2017-03-28
7999bc25679d,2017-02-24,2017-03-15,2017-03-26
6fdf4a524954,2017-02-13,2017-03-15,2017-03-15
c43d2c7ff242,2017-02-22,2017-03-15,2017-03-24
77b0535b3380,2017-03-15,2017-03-15,2017-03-28
f45073da01d3,2017-03-14,2017-03-15,2017-03-28
cd58ea2d9e26,2017-02-25,2017-03-15,2017-03-26
2c5226c22c55,2017-02-14,2017-03-15,2017-03-16
75b393fb78fe,2017-03-12,2017-03-15,2017-03-28
131203658f04,2017-02-20,2017-03-15,2017-03-22
220f79fec0f1,2017-03-26,2017-03-26,2017-03-28
b7e11ae75856,2017-03-24,2017-03-24,2017-03-28
ecb7a829a1af,2017-02-18,2017-03-15,2017-03-20
7a3d87116255,2017-03-09,2017-03-15,2017-03-28
f23d349b2005,2017-03-22,2017-03-22,2017-03-28
e5e887e52876,2017-03-17,2017-03-17,2017-03-28
97cb7bc6d774,2017-03-23,2017-03-23,2017-03-28
b9b3bd1e5fe3,2017-03-16,2017-03-16,2017-03-19
18c7687424b0,2017-02-22,2017-03-15,2017-03-24
80efeafc0144,2017-03-09,2017-03-15,2017-03-28
d24b31c07bb7,2017-02-26,2017-03-15,2017-03-28
a1333d8842f4,2017-03-27,2017-03-27,2017-03-28
ebef265d8bf6,2017-03-13,2017-03-15,2017-03-28
1790ab86d07e,2017-03-04,2017-03-15,2017-03-28
d6ea3f434dc8,2017-03-08,2017-03-15,2017-03-28
33550897e4dc,2017-03-10,2017-03-15,2017-03-28
1f3dd041b173,2017-03-26,2017-03-26,2017-03-28
cdf9742e7a7d,2017-03-02,2017-03-15,2017-03-28
e3448301d68c,2017-03-14,2017-03-15,2017-03-19
af3e0aa1a71c,2017-02-25,2017-03-15,2017-03-27
2cc8d5f07260,2017-02-28,2017-03-15,2017-03-28
26835a3e2322,2017-03-24,2017-03-24,2017-03-28
9dda42cb5157,2017-03-01,2017-03-15,2017-03-28
8ade066537fd,2017-03-06,2017-03-15,2017-03-28
a3f565e53106,2017-02-24,2017-03-15,2017-03-26
1afd62db1deb,2017-03-26,2017-03-26,2017-03-27
021565d44136,2017-03-23,2017-03-23,2017-03-28
b920746757ae,2017-03-27,2017-03-27,2017-03-28
0a7f32721447,2017-03-10,2017-03-15,2017-03-28
a1352dc501e6,2017-03-04,2017-03-15,2017-03-28
41884b072c7b,2017-02-19,2017-03-15,2017-03-21
9cf3e112bbc3,2017-03-06,2017-03-15,2017-03-28
9f76123909bd,2017-03-14,2017-03-15,2017-03-28
1e2df9aa96b6,2017-02-22,2017-03-15,2017-03-24
c06cdc747952,2017-03-04,2017-03-15,2017-03-28
58c29e5835a8,2017-03-26,2017-03-26,2017-03-28
252d577afe4b,2017-03-11,2017-03-15,2017-03-28
c891aa82650b,2017-03-26,2017-03-26,2017-03-28
022099c8eda6,2017-02-26,2017-03-15,2017-03-27
1c1ba7e35fab,2017-02-27,2017-03-15,2017-03-28
6bcc371af68a,2017-03-01,2017-03-15,2017-03-28
946731543d3c,2017-02-26,2017-03-15,2017-03-28
c7345442682c,2017-02-26,2017-03-15,2017-03-28
769f5cd8f91f,2017-03-09,2017-03-15,2017-03-28
32f6818bbe88,2017-02-26,2017-03-15,2017-03-28
7150f9617400,2017-03-16,2017-03-16,2017-03-28
03636875ca8e,2017-03-10,2017-03-15,2017-03-28
fa990b45d480,2017-03-11,2017-03-15,2017-03-28
e397efea9003,2017-03-04,2017-03-15,2017-03-28
1efc077ef867,2017-02-23,2017-03-15,2017-03-25
1f1ed419ead5,2017-03-25,2017-03-25,2017-03-28
1d41dbc02e36,2017-03-20,2017-03-20,2017-03-28
48ea43999e51,2017-02-14,2017-03-15,2017-03-16
a347725714df,2017-02-17,2017-03-15,2017-03-19
7b7debb9710f,2017-03-07,2017-03-15,2017-03-28
c69dca47c0f3,2017-02-20,2017-03-15,2017-03-22
8d797048ab67,2017-03-06,2017-03-15,2017-03-28
8e9355a57460,2017-03-27,2017-03-27,2017-03-28
9ad60fc16fdf,2017-03-12,2017-03-15,2017-03-28
64dfaa818feb,2017-03-26,2017-03-26,2017-03-28
9ac52e9af692,2017-02-24,2017-03-15,2017-03-26
5792afd01fee,2017-03-04,2017-03-15,2017-03-28
226a9e17b440,2017-02-24,2017-03-15,2017-03-25
75f9f94b41cb,2017-03-26,2017-03-26,2017-03-28
ae8fd0e7a5be,2017-02-26,2017-03-15,2017-03-27
c3f5d01a4fbe,2017-03-03,2017-03-15,2017-03-28
46b574580c80,2017-03-22,2017-03-22,2017-03-28
791245205602,2017-03-13,2017-03-15,2017-03-28
a2e764fec4cb,2017-03-02,2017-03-15,2017-03-28
93cebf65885a,2017-02-21,2017-03-15,2017-03-23
e36d72561865,2017-02-15,2017-03-15,2017-03-17
029888199004,2017-02-17,2017-03-15,2017-03-19
9ef1bba3e8c6,2017-03-20,2017-03-20,2017-03-28
e4ad3d002dd7,2017-03-28,2017-03-28,2017-03-28
485fc0145f13,2017-03-06,2017-03-15,2017-03-28
97031637a3d6,2017-02-13,2017-03-15,2017-03-15
f0f7e2f8eea2,2017-03-27,2017-03-27,2017-03-28
c0663b160b3e,2017-03-28,2017-03-28,2017-03-28
e008d935fdf8,2017-03-24,2017-03-24,2017-03-28
83bee9d2eec3,2017-03-21,2017-03-21,2017-03-28
23043b2d338d,2017-02-28,2017-03-15,2017-03-28
355e198d4dc8,2017-02-26,2017-03-15,2017-03-28
50d560597a93,2017-03-09,2017-03-15,2017-03-28
b3cbcdb46b3c,2017-02-27,2017-03-15,2017-03-28
91a57f0ed401,2017-02-18,2017-03-15,2017-03-20
5076344f6af1,2017-03-13,2017-03-15,2017-03-28
89871f57ddd7,2017-03-22,2017-03-22,2017-03-24
8ecbd71bdc15,2017-03-25,2017-03-25,2017-03-28
fe56e3b65869,2017-03-26,2017-03-26,2017-03-28
306307155082,2017-02-21,2017-03-15,2017-03-22
4ad9fcd76638,2017-03-16,2017-03-16,2017-03-28
1351d8cdf253,2017-03-01,2017-03-15,2017-03-28
4830f665a774,2017-03-13,2017-03-15,2017-03-28
d5da3dbd66aa,2017-03-09,2017-03-15,2017-03-28
d0496773b257,2017-03-22,2017-03-22,2017-03-28
94e4513bb314,2017-02-28,2017-03-15,2017-03-28
91df24b9f576,2017-03-13,2017-03-15,2017-03-28
f0b2621cdf95,2017-03-16,2017-03-16,2017-03-16
05250e3e0da9,2017-02-28,2017-03-15,2017-03-28
b2f981faa907,2017-02-22,2017-03-15,2017-03-23
f4882d1d4c3f,2017-03-20,2017-03-20,2017-03-28
0624ce180962,2017-02-22,2017-03-15,2017-03-23
8bd5a1f705b5,2017-02-22,2017-03-15,2017-03-23
1a04ba21cad5,2017-03-06,2017-03-15,2017-03-28
f84584861de8,2017-03-05,2017-03-15,2017-03-28
178fcee62bc2,2017-03-10,2017-03-15,2017-03-25
8aaaa4bce13f,2017-02-13,2017-03-15,2017-03-15
d04d6522f472,2017-02-26,2017-03-15,2017-03-26
d532c0b652f5,2017-03-02,2017-03-15,2017-03-28
05afd54f1425,2017-03-14,2017-03-15,2017-03-28
b2613df15292,2017-02-28,2017-03-15,2017-03-28
efc22dcb27b8,2017-03-10,2017-03-15,2017-03-28
cf629cf6409b,2017-03-25,2017-03-25,2017-03-28
0e2453dfe7c8,2017-02-21,2017-03-15,2017-03-23
58a17d413093,2017-03-02,2017-03-15,2017-03-28
1e3fed08ff1f,2017-03-09,2017-03-15,2017-03-28
0c67defa2994,2017-03-13,2017-03-15,2017-03-28
97da346dabd1,2017-03-25,2017-03-25,2017-03-28
6a32ccc1454a,2017-02-25,2017-03-15,2017-03-27
d3ed02cfe339,2017-02-21,2017-03-15,2017-03-23
1379efce6d7b,2017-03-13,2017-03-15,2017-03-28
364cd345206c,2017-03-07,2017-03-15,2017-03-28
ef8e045a7078,2017-03-11,2017-03-15,2017-03-28
8b291f526a74,2017-03-17,2017-03-17,2017-03-28
71a08b2975d0,2017-03-06,2017-03-15,2017-03-28
c229cec3281c,2017-03-13,2017-03-15,2017-03-28
1a6fe79b5ae6,2017-03-04,2017-03-15,2017-03-28
7e8715bc2e8a,2017-03-03,2017-03-15,2017-03-28
faa0e5bfd3d6,2017-03-17,2017-03-17,2017-03-28
6a3c82286f55,2017-03-21,2017-03-21,2017-03-28
48fd3552208a,2017-03-07,2017-03-15,2017-03-28
64638165ef31,2017-02-28,2017-03-15,2017-03-28
47bc3bb8c206,2017-03-24,2017-03-24,2017-03-28
a24b1baba30f,2017-02-21,2017-03-15,2017-03-23
7a577c8d469b,2017-03-07,2017-03-15,2017-03-28
234114b57997,2017-03-13,2017-03-15,2017-03-17
b487ed18f34f,2017-03-10,2017-03-15,2017-03-28
561d62a37632,2017-02-21,2017-03-15,2017-03-22
581e62980914,2017-03-12,2017-03-15,2017-03-28
42f5ed9ff751,2017-02-27,2017-03-15,2017-03-28
ca4365e665a9,2017-03-15,2017-03-15,2017-03-28
fa04b2ed04ca,2017-03-24,2017-03-24,2017-03-28
169f9be2f90d,2017-03-05,2017-03-15,2017-03-28
442ed87202d5,2017-03-04,2017-03-15,2017-03-28
9c201a36aef9,2017-03-07,2017-03-15,2017-03-28
27beb4f1aef8,2017-02-19,2017-03-15,2017-03-20
108c0fab373d,2017-03-17,2017-03-17,2017-03-28
f07385d50135,2017-03-16,2017-03-16,2017-03-28
3b62528d71a2,2017-03-03,2017-03-15,2017-03-28
9709ec89d6b9,2017-03-25,2017-03-25,2017-03-28
06bce16b845b,2017-02-27,2017-03-15,2017-03-28
415203341e3b,2017-02-14,2017-03-15,2017-03-16
cd9641a37087,2017-03-21,2017-03-21,2017-03-25
449c13c2f0af,2017-02-28,2017-03-15,2017-03-28
4fc65af139d8,2017-03-11,2017-03-15,2017-03-28
557d337b240f,2017-03-02,2017-03-15,2017-03-28
cbfe9b39d180,2017-03-07,2017-03-15,2017-03-28
28cc7e05af60,2017-03-10,2017-03-15,2017-03-28
74a09fdf87dd,2017-02-19,2017-03-15,2017-03-20
1c080a02d7ac,2017-02-14,2017-03-15,2017-03-16
4dee089a55e8,2017-03-02,2017-03-15,2017-03-20
59dfb890d1c5,2017-02-21,2017-03-15,2017-03-19
0032d4228f5e,2017-02-25,2017-03-15,2017-03-26
065d7786c281,2017-03-06,2017-03-15,2017-03-28
46ddcf31b1f6,2017-03-19,2017-03-19,2017-03-28
dd5410c48d0f,2017-03-28,2017-03-28,2017-03-28
247319e780bb,2017-03-11,2017-03-15,2017-03-28
cbb99521d8ac,2017-02-14,2017-03-15,2017-03-16
a94c3194265e,2017-03-10,2017-03-15,2017-03-28
3cbd9959d38d,2017-02-20,2017-03-15,2017-03-22
70828001b492,2017-02-23,2017-03-15,2017-03-24
3da159e77ebb,2017-02-17,2017-03-15,2017-03-18
5b89ee955490,2017-02-21,2017-03-15,2017-03-23
d784f89f460b,2017-02-19,2017-03-15,2017-03-21
d56067354ed8,2017-03-06,2017-03-15,2017-03-28
f43960981914,2017-03-13,2017-03-15,2017-03-28
cc80a334e749,2017-03-07,2017-03-15,2017-03-28
12184f502387,2017-03-05,2017-03-15,2017-03-28
06caa86a5cd7,2017-02-17,2017-03-15,2017-03-19
83baa0b5a1eb,2017-03-18,2017-03-18,2017-03-28
3b7983faf1a1,2017-03-26,2017-03-26,2017-03-28
106174f3087b,2017-03-06,2017-03-15,2017-03-28
c93ffb54431c,2017-02-17,2017-03-15,2017-03-18
3f8a596f58d9,2017-03-27,2017-03-27,2017-03-28
c49b4f1a6c93,2017-02-22,2017-03-15,2017-03-23
b668b5cfce93,2017-02-21,2017-03-15,2017-03-23
9df392ef6c6b,2017-03-11,2017-03-15,2017-03-28
291556db2bae,2017-02-17,2017-03-15,2017-03-18
b8e0dc7541ff,2017-02-25,2017-03-15,2017-03-27
c7d2a79f7030,2017-02-20,2017-03-15,2017-03-22
3c9c3a1f067f,2017-03-11,2017-03-15,2017-03-28
f998252e186c,2017-03-14,2017-03-15,2017-03-28
9cc3984102b0,2017-03-10,2017-03-15,2017-03-28
e495f6725ad7,2017-03-24,2017-03-24,2017-03-28
2809e0aa3398,2017-03-17,2017-03-17,2017-03-28
06c09bd25db6,2017-03-15,2017-03-15,2017-03-28
c45421d4fd08,2017-03-16,2017-03-16,2017-03-28
9fba9e024bd0,2017-02-21,2017-03-15,2017-03-23
620bcabc4890,2017-02-26,2017-03-15,2017-03-27
3541b26dde80,2017-03-12,2017-03-15,2017-03-28
32c40ab529f8,2017-02-14,2017-03-15,2017-03-16
b81df99bc799,2017-03-02,2017-03-15,2017-03-28
dcda1e25e43a,2017-03-20,2017-03-20,2017-03-28
35859ed04e7f,2017-02-27,2017-03-15,2017-03-28
8b7030d82303,2017-02-28,2017-03-15,2017-03-28
e600186d5ec6,2017-03-20,2017-03-20,2017-03-28
8750c858da15,2017-02-21,2017-03-15,2017-03-23
8dcf83a61236,2017-03-28,2017-03-28,2017-03-28
c98084862eec,2017-03-05,2017-03-15,2017-03-28
a601d9b47370,2017-02-15,2017-03-15,2017-03-16
7bff0f964558,2017-03-23,2017-03-23,2017-03-28
0271a6739c96,2017-03-23,2017-03-23,2017-03-28
9e99461ec0fc,2017-03-13,2017-03-15,2017-03-20
4500219cde1c,2017-03-23,2017-03-23,2017-03-28
b27f8e7575b0,2017-02-19,2017-03-15,2017-03-21
4f3a14b4db20,2017-03-18,2017-03-18,2017-03-28
fa9f7ac1a573,2017-03-25,2017-03-25,2017-03-28
dc3521b42600,2017-03-23,2017-03-23,2017-03-28
58868a238c2c,2017-03-28,2017-03-28,2017-03-28
3742dfc0c334,2017-02-23,2017-03-15,2017-03-26
ce0066988c33,2017-03-27,2017-03-27,2017-03-28
bf5aac6ba7e5,2017-03-05,2017-03-15,2017-03-28
d86c5ec33bb0,2017-03-17,2017-03-17,2017-03-28
8509ea9d7690,2017-03-06,2017-03-15,2017-03-28
d4bc1934c27b,2017-02-17,2017-03-15,2017-03-19
77f14ba350cf,2017-02-17,2017-03-15,2017-03-19
fe654c8dbc9f,2017-02-28,2017-03-15,2017-03-28
ace7ed677482,2017-02-21,2017-03-15,2017-03-23
05884b421489,2017-03-06,2017-03-15,2017-03-28
a601181235ba,2017-03-02,2017-03-15,2017-03-21
911ed5ca5d3f,2017-03-16,2017-03-16,2017-03-28
6118bb942125,2017-03-22,2017-03-22,2017-03-28
34343f1cba24,2017-03-01,2017-03-15,2017-03-28
0d8110d3ba30,2017-02-25,2017-03-15,2017-03-27
0f3a58f2d373,2017-03-07,2017-03-15,2017-03-28
36c53e27d9c3,2017-03-03,2017-03-15,2017-03-28
5260c1d5500b,2017-03-18,2017-03-18,2017-03-28
65a9c3e8d2d4,2017-03-15,2017-03-15,2017-03-28
a8f076bc3d65,2017-02-24,2017-03-15,2017-03-26
61c91ea8601a,2017-02-23,2017-03-15,2017-03-24
6c176e5e89dd,2017-03-13,2017-03-15,2017-03-28
dfc36b653ce3,2017-03-23,2017-03-23,2017-03-28
6e19717154b0,2017-03-20,2017-03-20,2017-03-28
feaf39411ff1,2017-02-17,2017-03-15,2017-03-19
35b751abfb35,2017-02-24,2017-03-15,2017-03-26
d2e813bfbbf6,2017-03-28,2017-03-28,2017-03-28
cdef5ea9f5fb,2017-03-15,2017-03-15,2017-03-28
9cc5e17f213a,2017-03-16,2017-03-16,2017-03-28
c5b8c619e321,2017-03-26,2017-03-26,2017-03-28
1f24e70389e1,2017-03-05,2017-03-15,2017-03-28
47024931e106,2017-03-05,2017-03-15,2017-03-28
88e141cc0753,2017-03-06,2017-03-15,2017-03-17
9ea35bfa656d,2017-02-28,2017-03-15,2017-03-28
7f5e68e5422d,2017-02-28,2017-03-15,2017-03-28
6f83575b8c08,2017-02-15,2017-03-15,2017-03-17
976fb1c1ca60,2017-03-08,2017-03-15,2017-03-28
d473d9fc58e3,2017-03-08,2017-03-15,2017-03-28
c1691317cb9e,2017-03-26,2017-03-26,2017-03-28
276d061abd09,2017-03-23,2017-03-23,2017-03-28
9a575ca3a2d3,2017-03-10,2017-03-15,2017-03-28
8d16cb59edea,2017-03-08,2017-03-15,2017-03-28
6edb751875d0,2017-02-27,2017-03-15,2017-03-28
2b9d1d778b62,2017-03-23,2017-03-23,2017-03-28
25470e7f3010,2017-03-25,2017-03-25,2017-03-28
24e3a5953f9d,2017-03-05,2017-03-15,2017-03-28
e7df8215d700,2017-03-16,2017-03-16,2017-03-28
f379205ce7e9,2017-02-14,2017-03-15,2017-03-16
98ffd28c31e1,2017-02-20,2017-03-15,2017-03-22
3c0fe7ee8c1c,2017-03-06,2017-03-15,2017-03-28
d58bfb380b9e,2017-03-05,2017-03-15,2017-03-28
7312f45cd10e,2017-02-23,2017-03-15,2017-03-25
7ccba7683ad2,2017-03-19,2017-03-19,2017-03-25
96084e591bb2,2017-03-08,2017-03-15,2017-03-28
6c8de92148f2,2017-02-19,2017-03-15,2017-03-21
e840026aac40,2017-03-13,2017-03-15,2017-03-28
6a1351100475,2017-03-20,2017-03-20,2017-03-28
ed9c6f3c6a7f,2017-03-08,2017-03-15,2017-03-28
88efd6953227,2017-03-10,2017-03-15,2017-03-28
01274d80c1e3,2017-03-02,2017-03-15,2017-03-28
af0f0807d70b,2017-03-27,2017-03-27,2017-03-28
74ff3ca2a140,2017-02-27,2017-03-15,2017-03-28
30e4d9768e02,2017-03-03,2017-03-15,2017-03-28
bce075f2a9c3,2017-02-27,2017-03-15,2017-03-28
45ad1f158a9b,2017-03-26,2017-03-26,2017-03-28
13acc7a74798,2017-03-23,2017-03-23,2017-03-28
7244922266bf,2017-02-14,2017-03-15,2017-03-20
e2eb3e432b4a,2017-03-11,2017-03-15,2017-03-28
48dfd896cbe3,2017-02-24,2017-03-15,2017-03-26
1ad901a65264,2017-03-22,2017-03-22,2017-03-28
999ee6b3b311,2017-03-17,2017-03-17,2017-03-28
8a308e8b7219,2017-03-06,2017-03-15,2017-03-28
532b0b660e01,2017-03-12,2017-03-15,2017-03-28
9f8210b908dc,2017-03-16,2017-03-16,2017-03-28
015b8732abf6,2017-03-15,2017-03-15,2017-03-28
2fdbedbc5be4,2017-03-07,2017-03-15,2017-03-28
03277cba7d97,2017-03-10,2017-03-15,2017-03-28
297493bd487d,2017-03-20,2017-03-20,2017-03-28
6fcba2872de1,2017-03-06,2017-03-15,2017-03-28
9dfbf2bdcc22,2017-02-26,2017-03-15,2017-03-28
ec5372d648b2,2017-02-28,2017-03-15,2017-03-18
547528d202cb,2017-03-26,2017-03-26,2017-03-28
e31a89601b4b,2017-03-13,2017-03-15,2017-03-28
a9e667b4b716,2017-03-12,2017-03-15,2017-03-28
2052dedaff2a,2017-03-04,2017-03-15,2017-03-28
9047a93c619d,2017-02-19,2017-03-15,2017-03-21
1909b6928829,2017-02-13,2017-03-15,2017-03-15
f79c638a6757,2017-03-16,2017-03-16,2017-03-18
b1e3bb3707a2,2017-03-10,2017-03-15,2017-03-28
079bd03d3396,2017-02-18,2017-03-15,2017-03-20
f1dface46dfc,2017-03-19,2017-03-19,2017-03-28
266408a1fffe,2017-02-16,2017-03-15,2017-03-18
f405a7daa709,2017-03-07,2017-03-15,2017-03-28
8e818867e741,2017-03-06,2017-03-15,2017-03-28
4d7fec948144,2017-03-10,2017-03-15,2017-03-28
dfce30ef388a,2017-03-26,2017-03-26,2017-03-28
900757a242c4,2017-02-18,2017-03-15,2017-03-20
d759f822ff1a,2017-03-16,2017-03-16,2017-03-28
f70aae5f268b,2017-03-06,2017-03-15,2017-03-28
66591eae091e,2017-03-14,2017-03-15,2017-03-28
22e2a8b86173,2017-03-16,2017-03-16,2017-03-28
3aaa2ff5fb07,2017-03-14,2017-03-15,2017-03-28
59912187ccd7,2017-02-20,2017-03-15,2017-03-21
46b8d70703db,2017-03-27,2017-03-27,2017-03-28
c0316c06b66e,2017-03-05,2017-03-15,2017-03-28
1e7a3131991c,2017-03-08,2017-03-15,2017-03-28
8d9922e59790,2017-02-23,2017-03-15,2017-03-24
f2bba5db7de5,2017-02-28,2017-03-15,2017-03-28
d0c69abb63ac,2017-03-16,2017-03-16,2017-03-17
eb0e0e5addae,2017-03-05,2017-03-15,2017-03-28
640147f1886e,2017-03-20,2017-03-20,2017-03-28
fc95a4c87cc6,2017-02-15,2017-03-15,2017-03-17
4e376873d68f,2017-03-23,2017-03-23,2017-03-28
caef8ede710a,2017-03-19,2017-03-19,2017-03-28
e967d191aa4b,2017-03-16,2017-03-16,2017-03-28
18467f1c1561,2017-03-21,2017-03-21,2017-03-28
0683792e2952,2017-03-22,2017-03-22,2017-03-28
819b413c8b78,2017-02-22,2017-03-15,2017-03-24
fbfb4f55f44a,2017-03-14,2017-03-15,2017-03-28
9a2da048b5ac,2017-03-06,2017-03-15,2017-03-28
c25a78a2707c,2017-03-10,2017-03-15,2017-03-28
8eeef2715735,2017-02-14,2017-03-15,2017-03-16
0c8f1652c70b,2017-02-19,2017-03-15,2017-03-20
b5719cd9642d,2017-02-15,2017-03-15,2017-03-17
9e5598f264c9,2017-03-10,2017-03-15,2017-03-28
24f81ac97619,2017-03-28,2017-03-28,2017-03-28
27982806aed9,2017-03-10,2017-03-15,2017-03-28
dccb1db043b1,2017-03-17,2017-03-17,2017-03-28
5e34dadd6240,2017-03-23,2017-03-23,2017-03-28
c2d93286cb22,,2017-03-15,2017-03-28
0327e6f37695,2017-03-13,2017-03-15,2017-03-28
60d2b9f72e68,2017-02-23,2017-03-15,2017-03-24
6d6f8102aab4,2017-03-06,2017-03-15,2017-03-28
ec92edd07195,2017-02-21,2017-03-15,2017-03-22
665a403260b8,2017-03-22,2017-03-22,2017-03-28
4c107b4481dd,2017-02-24,2017-03-15,2017-03-25
f2603f4d760d,2017-03-27,2017-03-27,2017-03-28
2b59c18f3e8f,2017-03-09,2017-03-15,2017-03-28
dcd4281fb7ae,2017-03-03,2017-03-15,2017-03-28
c59a60e35288,2017-03-25,2017-03-25,2017-03-28
11132d031dd0,2017-03-01,2017-03-15,2017-03-28
bf2b3926e3ac,2017-02-26,2017-03-15,2017-03-27
702a4f86dfab,2017-02-26,2017-03-15,2017-03-28
3960748a96f1,2017-03-19,2017-03-19,2017-03-28
6b32b618058f,2017-02-24,2017-03-15,2017-03-26
97d15c762a0e,2017-03-12,2017-03-15,2017-03-28
aa285d24af3d,2017-02-24,2017-03-15,2017-03-26
8e38c81c43f6,2017-02-24,2017-03-15,2017-03-26
b6936f09f07c,2017-02-14,2017-03-15,2017-03-16
d2b4478441dc,2017-03-13,2017-03-15,2017-03-28
a6bb570dfcb1,2017-03-27,2017-03-27,2017-03-28
8c2a7bc1e30d,2017-03-20,2017-03-20,2017-03-28
1641f38a3927,2017-03-26,2017-03-26,2017-03-28
2e771b0e57e3,2017-02-19,2017-03-15,2017-03-20
28f59cb11a96,2017-03-09,2017-03-15,2017-03-28
7f36e5443e38,2017-03-23,2017-03-23,2017-03-28
eaf0fbd73392,2017-03-17,2017-03-17,2017-03-28
50c6584d9e77,2017-02-20,2017-03-15,2017-03-21
493593038d13,2017-02-19,2017-03-15,2017-03-21
551503d6fd37,2017-03-13,2017-03-15,2017-03-28
888b46a2fb32,2017-02-28,2017-03-15,2017-03-28
84dad444b879,2017-03-10,2017-03-15,2017-03-28
9ee4477f6d3b,2017-03-01,2017-03-15,2017-03-28
dbe3678abdfc,2017-02-25,2017-03-15,2017-03-26
5156e9bd2498,2017-03-09,2017-03-15,2017-03-28
05e9958771a9,2017-02-17,2017-03-15,2017-03-18
ebdea89114b3,2017-03-07,2017-03-15,2017-03-28
bf8e8afdfe6e,2017-03-27,2017-03-27,2017-03-28
9d8717f05931,2017-03-09,2017-03-15,2017-03-28
938931124bc4,2017-03-03,2017-03-15,2017-03-28
f5137d2b8820,2017-03-28,2017-03-28,2017-03-28
51eaa9af6883,2017-03-01,2017-03-15,2017-03-28
06f0d2e64b86,2017-02-14,2017-03-15,2017-03-15
d60a65fc94d9,2017-03-10,2017-03-15,2017-03-28
49eae9d622d3,2017-03-24,2017-03-24,2017-03-28
5885d0645fc2,2017-02-27,2017-03-15,2017-03-28
cf7beb0254db,2017-02-28,2017-03-15,2017-03-28
62e90fa84989,2017-03-06,2017-03-15,2017-03-28
625dcead607d,2017-02-21,2017-03-15,2017-03-23
4139f0c94140,2017-03-09,2017-03-15,2017-03-28
5a9353cb3a59,2017-03-01,2017-03-15,2017-03-28
1f9fde430b17,2017-03-21,2017-03-21,2017-03-28
3378455f4364,2017-02-22,2017-03-15,2017-03-24
13627e9b2ae4,2017-02-23,2017-03-15,2017-03-25
cf5522c99503,2017-02-20,2017-03-15,2017-03-21
7ae80fa05dc6,2017-02-19,2017-03-15,2017-03-20
1fc00c686016,2017-02-22,2017-03-15,2017-03-24
bc80619cc029,2017-03-20,2017-03-20,2017-03-28
b5d8f2cc2b12,2017-03-08,2017-03-15,2017-03-28
52a31d2bbd68,2017-03-05,2017-03-15,2017-03-18
efa5ff26905f,2017-03-09,2017-03-15,2017-03-28
e8b3dbff506b,2017-02-13,2017-03-15,2017-03-15
e04f2ee157a3,2017-03-25,2017-03-25,2017-03-28
bb77eb150348,2017-02-16,2017-03-15,2017-03-18
b34031f4ea34,2017-03-10,2017-03-15,2017-03-28
85d3a1a7e080,2017-03-12,2017-03-15,2017-03-28
9ab17ff4dd56,2017-02-14,2017-03-15,2017-03-16
5b173f6bebdb,2017-03-21,2017-03-21,2017-03-28
e8a9a550344d,2017-02-17,2017-03-15,2017-03-19
1d766d8197d0,2017-03-08,2017-03-15,2017-03-28
425a17ab93f4,2017-02-24,2017-03-15,2017-03-26
a99c4ddad8c5,2017-02-17,2017-03-15,2017-03-18
a2d9ce225da7,2017-02-18,2017-03-15,2017-03-20
04d496d3227d,2017-03-12,2017-03-15,2017-03-28
f0c9e6f540b3,2017-03-12,2017-03-15,2017-03-28
cd359de2b58b,2017-03-22,2017-03-22,2017-03-28
2cc2ebbdbfd1,2017-02-21,2017-03-15,2017-03-23
25d343d96758,2017-02-24,2017-03-15,2017-03-26
0d050babd8ef,2017-02-28,2017-03-15,2017-03-28
e1a5d2499052,2017-03-16,2017-03-16,2017-03-28
0f7a327fecfe,2017-02-16,2017-03-15,2017-03-18
96070c740ab0,2017-02-21,2017-03-15,2017-03-23
607afe715646,2017-02-26,2017-03-15,2017-03-28
cfb0508ab5a8,2017-02-15,2017-03-15,2017-03-16
83bba63f02c2,2017-02-21,2017-03-15,2017-03-23
3ef9f1b88d8d,2017-03-07,2017-03-15,2017-03-28
72004efd9a08,2017-03-02,2017-03-15,2017-03-28
30e75883ae80,2017-02-25,2017-03-15,2017-03-26
73506fcefa3a,2017-03-21,2017-03-21,2017-03-28
06961206a599,2017-03-10,2017-03-15,2017-03-28
443bc3823b3a,2017-03-06,2017-03-15,2017-03-28
cb07794ce3d3,2017-03-25,2017-03-25,2017-03-28
6feb9810b0ac,2017-02-20,2017-03-15,2017-03-22
eb3f1d866fca,2017-03-05,2017-03-15,2017-03-28
10d26c8a51c4,2017-03-07,2017-03-15,2017-03-28
a6a48d1aeaea,2017-02-22,2017-03-15,2017-03-17
e122611779c4,2017-03-24,2017-03-24,2017-03-28
c55fdf4b2dc2,2017-02-19,2017-03-15,2017-03-21
ce5cee805aa8,2017-02-15,2017-03-15,2017-03-17
53ed508b01d5,2017-03-10,2017-03-15,2017-03-28
0671726c0f35,2017-03-06,2017-03-15,2017-03-28
803ad3e59228,2017-02-27,2017-03-15,2017-03-20
630ebe004d3c,2017-02-27,2017-03-15,2017-03-28
5252bc01675e,2017-03-04,2017-03-15,2017-03-28
00eb2cebb8bf,2017-02-28,2017-03-15,2017-03-28
337e44e46c79,2017-03-12,2017-03-15,2017-03-28
119776519ec3,2017-02-18,2017-03-15,2017-03-19
7da11c3db378,2017-03-06,2017-03-15,2017-03-28
45f521ac8ae4,2017-03-20,2017-03-20,2017-03-28
ad3a6a88ede5,2017-03-13,2017-03-15,2017-03-25
6b2b29ae58ba,2017-02-28,2017-03-15,2017-03-28
5d4bc93d2b0a,2017-03-11,2017-03-15,2017-03-28
d50f8418bba0,2017-03-26,2017-03-26,2017-03-28
e4c03276de3e,2017-03-10,2017-03-15,2017-03-28
e08db6966229,2017-03-11,2017-03-15,2017-03-28
53cdb4be803a,2017-03-21,2017-03-21,2017-03-28
d2c20f514131,2017-02-26,2017-03-15,2017-03-28
46b319f7f75f,2017-03-16,2017-03-16,2017-03-28
9d14f2a99d4b,2017-02-27,2017-03-15,2017-03-28
23b1842a656a,2017-02-16,2017-03-15,2017-03-18
7b0b4c0b8766,2017-03-09,2017-03-15,2017-03-28
26a5b6d4b794,2017-02-26,2017-03-15,2017-03-27
06a7f9327cba,2017-03-22,2017-03-22,2017-03-28
f428011b0ae9,2017-02-21,2017-03-15,2017-03-22
0df481875fad,2017-02-26,2017-03-15,2017-03-28
8b48638f2994,2017-03-08,2017-03-15,2017-03-28
38428c17b89c,2017-03-12,2017-03-15,2017-03-28
0f047d50a8e8,2017-03-27,2017-03-27,2017-03-28
54c65c6b69ce,2017-03-07,2017-03-15,2017-03-28
786443065dd8,2017-03-09,2017-03-15,2017-03-28
a895074bc3b7,2017-02-26,2017-03-15,2017-03-28
7f340e0aa8d3,2017-03-27,2017-03-27,2017-03-28
b52650594491,2017-03-01,2017-03-15,2017-03-28
e4613b31ae09,2017-03-22,2017-03-22,2017-03-28
8be72a36899d,2017-02-25,2017-03-15,2017-03-27
bb34f278fe6c,2017-03-18,2017-03-18,2017-03-28
0a3d7ae66e08,2017-03-18,2017-03-18,2017-03-28
b517baa0b680,2017-03-19,2017-03-19,2017-03-28
4ad2f9f0a580,2017-02-28,2017-03-15,2017-03-28
e432569ac0e3,2017-03-06,2017-03-15,2017-03-28
588cc5302303,2017-03-10,2017-03-15,2017-03-28
eec8bbb798f8,2017-02-17,2017-03-15,2017-03-18
984f146df71b,2017-03-21,2017-03-21,2017-03-28
7f67493a71f7,2017-03-13,2017-03-15,2017-03-28
343e17780a93,2017-02-22,2017-03-15,2017-03-24
9356f457a508,2017-03-10,2017-03-15,2017-03-28
cead1e1f4c1c,2017-02-21,2017-03-15,2017-03-23
fb0fbd71addb,2017-03-14,2017-03-15,2017-03-24
c97370fbe48e,2017-03-11,2017-03-15,2017-03-28
59499b5f80aa,2017-02-17,2017-03-15,2017-03-19
d111d09e090f,2017-03-01,2017-03-15,2017-03-28
fd7c66422c44,2017-03-26,2017-03-26,2017-03-28
534a5b9225f5,2017-02-25,2017-03-15,2017-03-27
3901a9696e8e,2017-02-28,2017-03-15,2017-03-28
da461fac63f0,2017-02-25,2017-03-15,2017-03-26
ea21e71e52ae,2017-03-16,2017-03-16,2017-03-28
76ca52e42f0e,2017-02-18,2017-03-15,2017-03-20
d3ee5d819910,2017-03-11,2017-03-15,2017-03-28
3213349c8760,2017-03-01,2017-03-15,2017-03-28
c6487975673e,2017-03-06,2017-03-15,2017-03-28
da7a332b329c,2017-02-17,2017-03-15,2017-03-19
cf9daf3674a4,2017-03-03,2017-03-15,2017-03-28
454db4a6474f,2017-03-14,2017-03-15,2017-03-28
59ba4ff7b5eb,2017-03-06,2017-03-15,2017-03-28
87b2aeac33aa,2017-03-18,2017-03-18,2017-03-28
47bf9c12d057,2017-03-21,2017-03-21,2017-03-27
f36ba7eb241a,2017-02-28,2017-03-15,2017-03-26
d1a7cc450967,2017-03-20,2017-03-20,2017-03-28
ec71b29d0c34,2017-02-19,2017-03-15,2017-03-20
f99259db7fa2,2017-03-19,2017-03-19,2017-03-28
f889b27bcbac,2017-03-27,2017-03-27,2017-03-28
d52382399265,2017-03-27,2017-03-27,2017-03-28
441fb3ff7872,2017-03-16,2017-03-16,2017-03-28
ae9b0503d24a,2017-03-19,2017-03-19,2017-03-28
62f4e17a3f16,2017-03-19,2017-03-19,2017-03-28
1ece9b929a49,2017-02-19,2017-03-15,2017-03-20
bf2bfa5f70fa,2017-02-16,2017-03-15,2017-03-17
2efa5291ca5b,2017-03-12,2017-03-15,2017-03-28
1066bce43b7c,2017-03-20,2017-03-20,2017-03-28
d0e690b0a65d,2017-03-17,2017-03-17,2017-03-28
dc6e2c334460,2017-02-13,2017-03-15,2017-03-15
52eb2662eab9,2017-03-25,2017-03-25,2017-03-28
3c7d23d3c32a,2017-03-20,2017-03-20,2017-03-28
c6fd680cce8b,2017-03-15,2017-03-15,2017-03-28
185996bfb589,2017-03-24,2017-03-24,2017-03-28
b486d40dc8b3,2017-02-24,2017-03-15,2017-03-26
b6ffa595bc4a,2017-03-18,2017-03-18,2017-03-19
91889de2195e,2017-02-16,2017-03-15,2017-03-18
35e65e293db3,2017-03-07,2017-03-15,2017-03-28
9bfb3f0c4278,2017-03-13,2017-03-15,2017-03-28
d056f36d721a,2017-02-24,2017-03-15,2017-03-26
51ed2fa65474,2017-02-18,2017-03-15,2017-03-20
4270ae1c0a67,2017-02-13,2017-03-15,2017-03-15
a9c6ca700e26,2017-03-25,2017-03-25,2017-03-28
2ed76797ca88,2017-03-15,2017-03-15,2017-03-28
b9d46dbf7f4b,2017-03-01,2017-03-15,2017-03-28
3a0d9cf82ef8,2017-02-28,2017-03-15,2017-03-28
0546f1046120,2017-03-07,2017-03-15,2017-03-28
2c00688df061,2017-02-17,2017-03-15,2017-03-19
a876ebd262e5,2017-03-28,2017-03-28,2017-03-28
115b196be850,2017-03-06,2017-03-15,2017-03-28
7a58d2d409c2,2017-03-24,2017-03-24,2017-03-28
bf126bf4b9f2,2017-03-22,2017-03-22,2017-03-28
ffd763f471fc,2017-03-03,2017-03-15,2017-03-28
c38f99f53e35,2017-02-19,2017-03-15,2017-03-21
0bde1a477f22,2017-03-08,2017-03-15,2017-03-27
9dbe40f464bd,2017-03-12,2017-03-15,2017-03-28
84754be07f1c,2017-03-26,2017-03-26,2017-03-28
a7446cced09e,2017-02-27,2017-03-15,2017-03-28
232c2d3fb591,2017-03-12,2017-03-15,2017-03-28
24ae739d773e,2017-02-22,2017-03-15,2017-03-23
cff456e771eb,2017-03-25,2017-03-25,2017-03-28
710404fa77d8,2017-03-20,2017-03-20,2017-03-28
5fc04bbf9ae8,2017-03-16,2017-03-16,2017-03-28
a4f81b10a6d5,2017-02-24,2017-03-15,2017-03-26
4a8d57cfd2c6,2017-02-20,2017-03-15,2017-03-22
bcbe703d2729,2017-03-22,2017-03-22,2017-03-28
8d41ceda4dd6,2017-03-18,2017-03-18,2017-03-28
3519562260ef,2017-03-14,2017-03-15,2017-03-28
cf42b2ffbcc1,2017-02-16,2017-03-15,2017-03-17
38d7c486d4fe,2017-03-11,2017-03-15,2017-03-28
68533d24b144,2017-03-17,2017-03-17,2017-03-28
2d6ef3d0f323,2017-03-08,2017-03-15,2017-03-28
2e2fb7fb2117,2017-03-24,2017-03-24,2017-03-28
c6946711dd8d,2017-03-17,2017-03-17,2017-03-28
75bad62c85bc,2017-02-23,2017-03-15,2017-03-23
764eb0c2af22,2017-02-14,2017-03-15,2017-03-16
0d4235375af1,2017-03-19,2017-03-19,2017-03-28
f72048812a57,2017-03-23,2017-03-23,2017-03-28
07a66dd7e68a,2017-03-18,2017-03-18,2017-03-28
bc184e3a62f3,2017-03-23,2017-03-23,2017-03-28
f2204e9a1b23,2017-03-09,2017-03-15,2017-03-28
5beb8bb8a2d7,2017-03-14,2017-03-15,2017-03-28
18d68be679f0,2017-02-21,2017-03-15,2017-03-22
bd0bfa4e6596,2017-03-12,2017-03-15,2017-03-28
c355fe4f8bc9,2017-03-26,2017-03-27,2017-03-28
bf5240886748,2017-03-23,2017-03-23,2017-03-28
e06c0be55737,2017-03-13,2017-03-15,2017-03-28
819e4cb57ca2,2017-02-28,2017-03-15,2017-03-28
babf4df8c0a5,2017-02-13,2017-03-15,2017-03-15
b1c2b22b7df6,2017-03-13,2017-03-15,2017-03-28
623fb42d5ed7,2017-03-18,2017-03-18,2017-03-28
b811ac15554b,2017-02-21,2017-03-15,2017-03-23
ac023e0987f9,2017-02-27,2017-03-15,2017-03-16
3598e8163e21,2017-03-24,2017-03-24,2017-03-28
13a75a69c344,2017-03-06,2017-03-15,2017-03-28
b5a05f16ce33,2017-02-28,2017-03-15,2017-03-24
6ccbbfb735e1,2017-03-07,2017-03-15,2017-03-28
772dc531ea93,2017-03-09,2017-03-15,2017-03-28
34322fbd6e8d,2017-03-08,2017-03-15,2017-03-28
3f0b55928543,2017-02-20,2017-03-15,2017-03-22
1736c01aaf0e,2017-03-10,2017-03-15,2017-03-28
677a81b08637,2017-02-27,2017-03-15,2017-03-28
84f00a77e9c9,2017-03-20,2017-03-20,2017-03-28
8fec1b30e4c4,2017-03-27,2017-03-27,2017-03-28
41786c2ed500,2017-03-24,2017-03-24,2017-03-28
ea112efaad8d,2017-02-19,2017-03-15,2017-03-20
cadf77c26ada,2017-03-18,2017-03-18,2017-03-21
9e058f2cd07d,2017-03-08,2017-03-15,2017-03-28
1f8d0ae9585c,2017-03-14,2017-03-15,2017-03-16
9a016dfb4635,2017-03-20,2017-03-20,2017-03-28
e6bd8c170bb9,2017-02-15,2017-03-15,2017-03-17
330e9a746111,2017-03-11,2017-03-15,2017-03-28
f8aaadd8500b,2017-03-15,2017-03-15,2017-03-28
6d0a3379dd10,2017-03-07,2017-03-15,2017-03-18
5467977a02b6,2017-03-13,2017-03-15,2017-03-28
113e688abe37,2017-03-20,2017-03-20,2017-03-28
38d20187ff1f,2017-02-18,2017-03-15,2017-03-20
e3d23f547456,2017-02-15,2017-03-15,2017-03-16
26af47ba5039,2017-02-26,2017-03-15,2017-03-28
d31ea8048cb6,2017-02-22,2017-03-15,2017-03-23
ca995ab08667,2017-03-17,2017-03-17,2017-03-28
46401f6be2cc,2017-03-26,2017-03-26,2017-03-28
55acb0d69a6d,2017-02-16,2017-03-15,2017-03-17
83284b43c72e,2017-03-11,2017-03-15,2017-03-28
736cc76ac11f,2017-02-27,2017-03-15,2017-03-28
3386ba1fc7f8,2017-02-13,2017-03-15,2017-03-15
7deb549c9e6e,2017-03-12,2017-03-15,2017-03-28
6738591d996d,2017-03-26,2017-03-26,2017-03-28
c90c74733b88,2017-03-11,2017-03-15,2017-03-28
a4593e565114,2017-03-17,2017-03-17,2017-03-28
e4411163cdda,2017-03-23,2017-03-23,2017-03-28
a92a9a8e3c37,2017-03-11,2017-03-15,2017-03-28
da4826b631d9,2017-02-25,2017-03-15,2017-03-27
d0071237797a,2017-03-19,2017-03-19,2017-03-22
6cd6e48d32ed,2017-03-09,2017-03-15,2017-03-28
257c81d99b8e,2017-03-02,2017-03-15,2017-03-28
bd71826df58c,2017-03-11,2017-03-15,2017-03-28
9cf4682edddf,2017-02-20,2017-03-15,2017-03-21
c43da5b6b8a0,2017-02-27,2017-03-15,2017-03-28
fd6b3dd1396d,2017-03-05,2017-03-15,2017-03-28
874fd9cdfc30,2017-03-09,2017-03-15,2017-03-28
c67100d62964,2017-02-21,2017-03-15,2017-03-23
3a22586345d9,2017-03-07,2017-03-15,2017-03-28
46ce3020e3fd,2017-03-09,2017-03-15,2017-03-28
966e8a4ac914,2017-03-25,2017-03-25,2017-03-28
7694b30f707d,2017-03-20,2017-03-20,2017-03-28
6c5b2d599027,2017-03-07,2017-03-15,2017-03-28
301f5d4e02d8,2017-02-15,2017-03-15,2017-03-17
880cd80d8edc,2017-02-27,2017-03-15,2017-03-28
0bb7c8224a8f,2017-02-16,2017-03-15,2017-03-18
d4ef8adb9643,2017-02-14,2017-03-15,2017-03-16
56ae2104991d,2017-03-08,2017-03-15,2017-03-28
752fbbf660f0,2017-02-15,2017-03-15,2017-03-17
65037692c1ae,2017-02-24,2017-03-15,2017-03-26
cb94e880acc4,2017-03-17,2017-03-17,2017-03-28
69ae400b5fc0,2017-03-09,2017-03-15,2017-03-28
fe4ef3b114fa,2017-03-25,2017-03-25,2017-03-28
dc0c24277b92,2017-03-01,2017-03-15,2017-03-28
7770aed225fd,2017-02-23,2017-03-15,2017-03-25
68aca297a5f9,2017-03-04,2017-03-15,2017-03-28
3e6ac4d9329e,2017-03-18,2017-03-18,2017-03-28
ad8e70195d73,2017-03-13,2017-03-15,2017-03-28
40b5e774d8d6,2017-03-13,2017-03-15,2017-03-28
1a485d125ba4,2017-03-01,2017-03-15,2017-03-28
4879df75925b,2017-03-08,2017-03-15,2017-03-28
91b7f9a05c33,2017-03-20,2017-03-20,2017-03-28
641f877221cd,2017-03-12,2017-03-15,2017-03-28
3a4771e10a9e,2017-03-25,2017-03-25,2017-03-28
19525ccdb579,2017-02-27,2017-03-15,2017-03-28
e4000b4f2425,2017-03-17,2017-03-17,2017-03-28
bf5fd4c9782b,2017-03-24,2017-03-24,2017-03-28
782123da7277,2017-02-25,2017-03-15,2017-03-27
414db663315c,2017-03-22,2017-03-22,2017-03-23
f793b2cd7f4e,2017-03-20,2017-03-20,2017-03-28
840a3e59b10e,2017-02-28,2017-03-15,2017-03-28
788572ab02e2,2017-02-13,2017-03-15,2017-03-15
2e5e2c69ddad,2017-02-27,2017-03-15,2017-03-28
ee6b48587309,2017-03-23,2017-03-23,2017-03-28
f1b91b07e3ee,2017-02-28,2017-03-15,2017-03-28
378bdd87db34,2017-03-15,2017-03-15,2017-03-28
9967b375a519,2017-02-19,2017-03-15,2017-03-21
2d5faedaa613,2017-03-21,2017-03-21,2017-03-28
4cf48bc97026,2017-03-13,2017-03-15,2017-03-28
181256cb2c76,2017-03-03,2017-03-15,2017-03-28
82ebe80dd68b,2017-03-12,2017-03-15,2017-03-19
6bbf385efa30,2017-03-11,2017-03-15,2017-03-28
16e9ed2d26fb,2017-03-16,2017-03-16,2017-03-28
a5e816f83276,2017-02-23,2017-03-15,2017-03-25
b3edbefabfa9,2017-03-15,2017-03-15,2017-03-28
9448a516daf0,2017-03-06,2017-03-15,2017-03-28
ab28fea4a377,2017-03-11,2017-03-15,2017-03-28
534660e71e71,2017-03-21,2017-03-21,2017-03-28
fb7081ee1d7e,2017-03-11,2017-03-15,2017-03-28
14257242873e,2017-02-17,2017-03-15,2017-03-19
5d575ce1d429,2017-03-01,2017-03-15,2017-03-28
958b40cdc1e7,2017-02-28,2017-03-15,2017-03-28
a5cce6cf55f1,2017-02-27,2017-03-15,2017-03-28
83d463135b9e,2017-03-24,2017-03-24,2017-03-28
2b52bd1ae718,2017-03-10,2017-03-15,2017-03-28
181509cf010c,2017-02-25,2017-03-15,2017-03-26
2689a98dcccb,2017-03-19,2017-03-19,2017-03-28
3253e1f810a0,2017-03-18,2017-03-18,2017-03-28
f8cc710e0282,2017-03-03,2017-03-15,2017-03-28
b87bfe665793,2017-03-11,2017-03-15,2017-03-28
26b32712ba0a,2017-02-15,2017-03-15,2017-03-17
1ad3380965de,2017-02-16,2017-03-15,2017-03-18
1f9d4a3edf31,2017-02-21,2017-03-15,2017-03-23
836d269183c7,2017-03-02,2017-03-15,2017-03-28
65e03a3f90f4,2017-03-25,2017-03-25,2017-03-28
80d893b0005c,2017-02-27,2017-03-15,2017-03-20
afb364598df4,2017-03-16,2017-03-16,2017-03-28
064b1c423c7d,2017-03-15,2017-03-15,2017-03-28
28ae37b0dcda,2017-03-11,2017-03-15,2017-03-28
d48a6de528b6,2017-02-18,2017-03-15,2017-03-19
594dccc79db3,2017-03-06,2017-03-15,2017-03-28
bcac97bc475b,2017-03-19,2017-03-19,2017-03-28
4503e2d18cab,2017-03-16,2017-03-16,2017-03-28
0c41e70edb12,2017-03-05,2017-03-15,2017-03-28
e83204270aef,2017-03-12,2017-03-15,2017-03-28
3a607519684e,2017-02-13,2017-03-15,2017-03-15
0697930ea797,2017-02-24,2017-03-15,2017-03-26
23bb305291a9,2017-03-14,2017-03-15,2017-03-21
7853e5ce2a07,2017-03-04,2017-03-15,2017-03-28
248f7396b534,2017-03-14,2017-03-15,2017-03-16
31e9f6f0e4a9,2017-02-26,2017-03-15,2017-03-24
cc8cf6623fa9,2017-02-25,2017-03-15,2017-03-27
6f1741e2baff,2017-03-15,2017-03-15,2017-03-28
70a3f601a1b4,2017-02-22,2017-03-15,2017-03-23
e044d9d5d4d4,2017-03-05,2017-03-15,2017-03-28
7826bf655679,2017-03-27,2017-03-27,2017-03-28
8b5f8b318dd9,2017-03-21,2017-03-21,2017-03-28
0c97cfb3a8ba,2017-02-22,2017-03-15,2017-03-24
bd9afa54112a,2017-02-20,2017-03-15,2017-03-21
8d520e839433,2017-02-17,2017-03-15,2017-03-19
e307e9877715,2017-03-25,2017-03-25,2017-03-28
1bed5a305f33,2017-03-19,2017-03-19,2017-03-28
23a885266c60,2017-03-28,2017-03-28,2017-03-28
4f48f34def70,2017-03-02,2017-03-15,2017-03-28
54d8aabdb4c8,2017-03-21,2017-03-21,2017-03-28
118f7438eba0,2017-03-23,2017-03-23,2017-03-28
2d1915f09707,2017-02-17,2017-03-15,2017-03-19
4ef8b4f35212,2017-03-02,2017-03-15,2017-03-28
ca53c9eb5416,2017-03-02,2017-03-15,2017-03-28
aa7cfae11f6e,2017-03-14,2017-03-15,2017-03-28
9dd67ffeb305,2017-03-09,2017-03-15,2017-03-28
3ad4b4f498a3,2017-03-09,2017-03-15,2017-03-28
56a087d13bbe,2017-03-10,2017-03-15,2017-03-28
5529616cdec2,2017-03-12,2017-03-15,2017-03-28
9a8700b9ccab,2017-03-28,2017-03-28,2017-03-28
f18e51150a32,2017-03-13,2017-03-15,2017-03-28
8bfd3977bff0,2017-03-15,2017-03-15,2017-03-28
45dbbae584d5,2017-03-17,2017-03-17,2017-03-28
f6540953c805,2017-03-25,2017-03-25,2017-03-28
76bafe0246c4,2017-03-06,2017-03-15,2017-03-28
40c2c337e476,2017-03-07,2017-03-15,2017-03-28
ecf1982e3bcf,2017-02-20,2017-03-15,2017-03-21
db62b4b9869c,2017-03-10,2017-03-15,2017-03-28
47be5550dbf6,2017-02-16,2017-03-15,2017-03-18
cd9d749403dc,2017-03-12,2017-03-15,2017-03-28
180cf9f1cbb0,2017-02-26,2017-03-15,2017-03-27
439f66f42905,2017-03-13,2017-03-15,2017-03-28
784e6b136ac0,2017-03-17,2017-03-17,2017-03-28
df3f4d3aab9d,2017-03-08,2017-03-15,2017-03-28
fe94f44fbe0d,2017-02-18,2017-03-15,2017-03-19
c31b6a7af280,2017-03-22,2017-03-22,2017-03-28
e20022a32038,2017-03-27,2017-03-27,2017-03-28
1fa7070a4cfb,2017-02-27,2017-03-15,2017-03-28
8739e62b9a32,2017-03-17,2017-03-17,2017-03-28
af5fdd81da0e,2017-03-10,2017-03-15,2017-03-28
01460f7025ed,2017-02-23,2017-03-15,2017-03-25
14b68fa7a5b1,2017-02-20,2017-03-15,2017-03-22
a98a81eb176f,2017-02-14,2017-03-15,2017-03-16
f6419c889acc,2017-02-28,2017-03-15,2017-03-28
915c6d46f66e,2017-02-23,2017-03-15,2017-03-25
09dd0c034de0,2017-03-05,2017-03-15,2017-03-28
5a56b90f69bb,2017-02-15,2017-03-15,2017-03-16
91a2973ac7ae,2017-03-04,2017-03-15,2017-03-28
c166b179855f,2017-02-22,2017-03-15,2017-03-24
cd40b1ec597a,2017-03-19,2017-03-19,2017-03-28
566daa23de05,2017-03-06,2017-03-15,2017-03-28
4f05fc2a5295,2017-02-13,2017-03-15,2017-03-15
ddbac5d8f796,2017-02-18,2017-03-15,2017-03-19
fdfbab51794f,2017-03-25,2017-03-25,2017-03-26
6b0514e33d40,2017-03-27,2017-03-27,2017-03-28
fa0497bd28ae,2017-02-16,2017-03-15,2017-03-18
3a8026ce9aef,2017-03-05,2017-03-15,2017-03-28
3fc86c8e85e4,2017-02-16,2017-03-15,2017-03-18
af0c88f0e5ef,2017-03-04,2017-03-15,2017-03-28
ad5a43206a04,2017-03-12,2017-03-15,2017-03-28
6a13780d7284,2017-03-04,2017-03-15,2017-03-28
88eb8050c6b4,2017-03-15,2017-03-15,2017-03-28
fa7e63e2d2b9,2017-02-23,2017-03-15,2017-03-25
0bbc68670cff,2017-02-17,2017-03-15,2017-03-19
1fc90a3c9e66,2017-03-07,2017-03-15,2017-03-28
ab16ae61a6e3,2017-03-26,2017-03-26,2017-03-28
605b6e99ecfe,2017-03-14,2017-03-15,2017-03-28
8c6a764d781d,2017-02-21,2017-03-15,2017-03-23
767fc3cb3e3e,2017-02-14,2017-03-15,2017-03-15
cb2de773b623,2017-02-20,2017-03-15,2017-03-21
16d8ca061e9e,2017-03-12,2017-03-15,2017-03-28
c1e10af29771,2017-03-14,2017-03-15,2017-03-28
a038f734785a,2017-03-16,2017-03-16,2017-03-28
0a805a71442d,2017-03-12,2017-03-15,2017-03-28
75714a3a3bd8,2017-03-11,2017-03-15,2017-03-28
389b848c7c24,2017-03-05,2017-03-15,2017-03-28
758161a51902,2017-03-24,2017-03-24,2017-03-28
4b4d4b4aa11b,2017-03-06,2017-03-15,2017-03-28
6e55439e741f,2017-03-13,2017-03-15,2017-03-28
e748c3c2f016,2017-03-11,2017-03-15,2017-03-28
f18a5c094636,2017-03-08,2017-03-15,2017-03-28
459638cdb3e2,2017-03-21,2017-03-21,2017-03-28
b91c11e096b1,2017-03-21,2017-03-21,2017-03-28
376a42461f2c,2017-02-21,2017-03-15,2017-03-23
659344dc5f54,2017-03-04,2017-03-15,2017-03-28
114a5602c388,2017-03-09,2017-03-15,2017-03-28
d12eff6afc6d,2017-03-07,2017-03-15,2017-03-28
80f2788392fe,2017-02-23,2017-03-15,2017-03-25
2a8dc012d026,2017-02-25,2017-03-15,2017-03-18
445a54250f57,2017-03-05,2017-03-15,2017-03-28
cdf5ef41b307,2017-02-28,2017-03-15,2017-03-28
7321bae6c0af,2017-03-20,2017-03-20,2017-03-28
cdb058507044,2017-03-01,2017-03-15,2017-03-28
3e04b6366682,2017-03-03,2017-03-15,2017-03-28
e92c0ee67f9f,2017-03-15,2017-03-15,2017-03-28
1d563395ccbd,2017-03-26,2017-03-26,2017-03-28
1c42243da31a,2017-03-20,2017-03-21,2017-03-28
4d7bed851b4d,2017-03-14,2017-03-15,2017-03-28
c76b4f74663e,2017-03-05,2017-03-15,2017-03-28
a94a9d93171d,2017-02-26,2017-03-15,2017-03-28
64a40761f7ae,2017-02-21,2017-03-15,2017-03-23
275263662d2c,2017-02-17,2017-03-15,2017-03-18
878dd7c5c012,2017-03-04,2017-03-15,2017-03-28
06d56afbb080,2017-02-26,2017-03-15,2017-03-17
c29395b81946,2017-02-23,2017-03-15,2017-03-18
bfd7d8949169,2017-03-12,2017-03-15,2017-03-25
a32907668882,2017-03-11,2017-03-15,2017-03-28
beb2d669bd78,2017-02-16,2017-03-15,2017-03-17
c2c41cee580a,2017-02-27,2017-03-15,2017-03-28
7752cdaf63a5,2017-03-14,2017-03-15,2017-03-28
4303e3f2f5c0,2017-03-07,2017-03-15,2017-03-28
9f760b011241,2017-02-19,2017-03-15,2017-03-21
77eaac9633a3,2017-02-14,2017-03-15,2017-03-16
749c5e8e8793,2017-03-06,2017-03-15,2017-03-28
49e4d64cc9a5,2017-02-26,2017-03-15,2017-03-28
cb3995cb575a,2017-03-02,2017-03-15,2017-03-28
01e19e91a6f8,2017-02-24,2017-03-15,2017-03-26
2b3f2c86b2bd,2017-03-27,2017-03-27,2017-03-28
ab5b4ccc1ff0,2017-02-20,2017-03-15,2017-03-21
f5847f000ca8,2017-03-13,2017-03-15,2017-03-28
f1cdcd3c1bbe,2017-03-25,2017-03-25,2017-03-28
ed756b039f04,2017-03-04,2017-03-15,2017-03-28
e995d1f85697,2017-03-18,2017-03-18,2017-03-28
c4bf770697ab,2017-03-19,2017-03-19,2017-03-28
0d8ef8d1c69f,2017-02-24,2017-03-15,2017-03-26
f7da2e785676,2017-02-27,2017-03-15,2017-03-28
315f19d7d906,2017-02-22,2017-03-15,2017-03-24
5f0bfa9308b5,2017-03-15,2017-03-15,2017-03-28
5d6b57c88bea,2017-02-22,2017-03-15,2017-03-24
f5d7edac3271,2017-03-10,2017-03-15,2017-03-28
98032a8e94c4,2017-03-13,2017-03-15,2017-03-28
982dbe5c3080,2017-03-07,2017-03-15,2017-03-28
2106d676b0c7,2017-03-18,2017-03-18,2017-03-28
db651a6e65c4,2017-03-10,2017-03-15,2017-03-28
1f9aa3444273,2017-02-21,2017-03-15,2017-03-22
c3ea6916120c,2017-03-17,2017-03-17,2017-03-28
5f50e84ef841,2017-02-27,2017-03-15,2017-03-28
9d8f8792dd96,2017-02-28,2017-03-15,2017-03-28
dc5f8327edaf,2017-03-12,2017-03-15,2017-03-28
77fce36288cd,2017-03-22,2017-03-22,2017-03-28
185f57ca21f1,2017-03-19,2017-03-19,2017-03-28
065b7df05f31,2017-03-24,2017-03-24,2017-03-28
e0667f83de2a,2017-03-27,2017-03-27,2017-03-28
b4bd857a7b70,2017-02-21,2017-03-15,2017-03-23
1cac7fa9020d,2017-02-27,2017-03-15,2017-03-28
9e0333c1016d,2017-03-04,2017-03-15,2017-03-28
e07e197178de,2017-02-22,2017-03-15,2017-03-24
b080ec906730,2017-03-07,2017-03-15,2017-03-28
c53b42830cd9,2017-03-17,2017-03-17,2017-03-28
13d0aced9e94,2017-02-22,2017-03-15,2017-03-24
a8ccc853d24f,2017-03-12,2017-03-15,2017-03-28
f3393b5dab3f,2017-02-16,2017-03-15,2017-03-18
c5bf89daa0c4,2017-03-01,2017-03-15,2017-03-28
4acf8fd35643,2017-02-25,2017-03-15,2017-03-27
a112d4b0cc23,2017-03-28,2017-03-28,2017-03-28
01da909b7465,2017-02-24,2017-03-15,2017-03-26
ca10b806f4b0,2017-02-15,2017-03-15,2017-03-16
95134bf38c38,2017-03-07,2017-03-15,2017-03-28
adb5df2fce7d,2017-03-25,2017-03-25,2017-03-28
7c5ac23a1a53,2017-02-21,2017-03-15,2017-03-23
a97bf98e7f31,2017-03-06,2017-03-15,2017-03-28
549f056ebed8,2017-03-13,2017-03-15,2017-03-28
2f51ce956eef,2017-02-26,2017-03-15,2017-03-28
a687b0af3ba9,2017-03-01,2017-03-15,2017-03-28
215c96bb382b,2017-02-23,2017-03-15,2017-03-25
c4f7940c7b60,2017-03-08,2017-03-15,2017-03-28
f33e75f3348b,2017-02-21,2017-03-15,2017-03-22
4a90c8709885,2017-03-16,2017-03-16,2017-03-22
30204569d045,2017-03-23,2017-03-23,2017-03-28
bc55682b87b1,2017-03-02,2017-03-15,2017-03-28
9826e9472ec2,2017-02-26,2017-03-15,2017-03-28
c0b51ccb6d8a,2017-03-02,2017-03-15,2017-03-28
21420957ef66,2017-03-13,2017-03-15,2017-03-28
57952e95ddd9,2017-03-12,2017-03-15,2017-03-28
7011f8f9b010,2017-03-23,2017-03-23,2017-03-28
f0af8482f15d,2017-03-26,2017-03-26,2017-03-28
a73a6c42c485,2017-02-17,2017-03-15,2017-03-19
281fae07b0ee,2017-03-25,2017-03-25,2017-03-28
a739477a5693,2017-03-16,2017-03-16,2017-03-19
216b0d973f00,2017-03-19,2017-03-19,2017-03-28
5475e752df37,2017-02-14,2017-03-15,2017-03-15
80b3dfe06bd4,2017-03-03,2017-03-15,2017-03-26
217cebdb474a,2017-03-01,2017-03-15,2017-03-28
d910444c47f4,2017-03-04,2017-03-15,2017-03-28
f135b2141688,2017-02-15,2017-03-15,2017-03-17
b5d7f5cd5752,2017-03-16,2017-03-16,2017-03-28
d1f663f1c532,2017-03-17,2017-03-17,2017-03-28
b4cbcd1f5a4b,2017-03-26,2017-03-26,2017-03-28
86627c0122d7,2017-03-24,2017-03-24,2017-03-28
3002958accd8,2017-02-21,2017-03-15,2017-03-22
48126c95a64a,2017-02-19,2017-03-15,2017-03-21
4c4d5e92c612,2017-02-27,2017-03-15,2017-03-28
4d6863b95475,2017-03-06,2017-03-15,2017-03-28
ec003adc3383,2017-03-05,2017-03-15,2017-03-28
adecf3e4cb1c,2017-02-28,2017-03-15,2017-03-28
e9cf0b282a56,2017-03-16,2017-03-16,2017-03-28
9e275853c222,2017-02-19,2017-03-15,2017-03-21
fdc7bb980f52,2017-03-25,2017-03-25,2017-03-28
9aa42047502c,2017-02-21,2017-03-15,2017-03-23
f4f97673b85c,2017-02-24,2017-03-15,2017-03-26
d7ad1c87f332,2017-02-16,2017-03-15,2017-03-18
108a2ef54a32,2017-03-04,2017-03-15,2017-03-28
bc88bd160904,2017-02-18,2017-03-15,2017-03-20
e80cf779f6ec,2017-02-13,2017-03-15,2017-03-15
d05afd90a177,2017-02-23,2017-03-15,2017-03-25
f91b0794ac5a,2017-03-03,2017-03-15,2017-03-28
ea425a86eae4,2017-03-23,2017-03-23,2017-03-28
7aa9c47926ef,2017-03-16,2017-03-16,2017-03-28
1eb54c7ac67a,2017-02-19,2017-03-15,2017-03-20
c3be8d0be3a9,2017-03-13,2017-03-15,2017-03-28
00bd1a652d35,2017-02-21,2017-03-15,2017-03-23
61751a2b5d5f,2017-03-23,2017-03-23,2017-03-28
072b876ba840,2017-03-20,2017-03-20,2017-03-28
5ff6655f0a78,2017-02-20,2017-03-15,2017-03-22
63affd8dda30,2017-03-02,2017-03-15,2017-03-28
76b16a54d634,2017-02-21,2017-03-15,2017-03-23
6bae555ad77c,2017-03-14,2017-03-15,2017-03-28
9ed9723f754e,2017-02-28,2017-03-15,2017-03-28
9f111449139e,2017-03-15,2017-03-15,2017-03-28
20e4f728d573,2017-03-13,2017-03-15,2017-03-28
6e2f7806d434,2017-02-18,2017-03-15,2017-03-19
854bc3a7389c,2017-03-17,2017-03-17,2017-03-28
f98bace84d52,2017-03-14,2017-03-15,2017-03-28
a8bde1fb4b3c,2017-03-08,2017-03-15,2017-03-28
a9000773d0bf,2017-02-22,2017-03-15,2017-03-24
ff00a62152ed,2017-03-21,2017-03-21,2017-03-28
dcf471d980ea,2017-03-21,2017-03-22,2017-03-28
ea2d029620fa,2017-03-27,2017-03-27,2017-03-28
69fbcf15c213,2017-03-26,2017-03-26,2017-03-28
ce9c006a81e4,2017-03-10,2017-03-15,2017-03-28
8efed0908294,2017-03-20,2017-03-20,2017-03-28
df7682ac042c,2017-03-19,2017-03-19,2017-03-28
84d2a1fc9470,2017-02-18,2017-03-15,2017-03-20
42decda33fb0,2017-03-17,2017-03-17,2017-03-22
69278cb0f86e,2017-02-25,2017-03-15,2017-03-27
36edea250eaf,2017-03-10,2017-03-15,2017-03-28
df17b057537e,2017-03-09,2017-03-15,2017-03-28
f35e8b2ebd83,2017-02-25,2017-03-15,2017-03-27
a107178b1ee2,2017-02-27,2017-03-15,2017-03-28
bacbad44010e,2017-03-02,2017-03-15,2017-03-28
143f087abcb7,2017-02-28,2017-03-15,2017-03-28
2ffa6d15edd6,2017-03-18,2017-03-18,2017-03-28
0192dc3547eb,2017-02-19,2017-03-15,2017-03-20
7b63765e8737,2017-03-08,2017-03-15,2017-03-28
f64ba6fdf4fe,2017-02-26,2017-03-15,2017-03-27
fe5ac1694dcc,2017-03-24,2017-03-24,2017-03-28
147bebb0a4b9,2017-03-01,2017-03-15,2017-03-28
3a061bf4a6bf,2017-03-01,2017-03-15,2017-03-28
81bc148fc5f6,2017-03-04,2017-03-15,2017-03-28
50232c1eb221,2017-02-26,2017-03-15,2017-03-27
8640c12e42f3,2017-03-13,2017-03-15,2017-03-28
e90c23d60fe1,2017-02-22,2017-03-15,2017-03-23
ab8ef554683f,2017-03-23,2017-03-23,2017-03-28
ca7b015f15ac,2017-02-28,2017-03-15,2017-03-28
75b434ac9382,2017-03-23,2017-03-23,2017-03-28
60a0c065041b,2017-03-19,2017-03-19,2017-03-28
a8bfaf35ff7c,2017-03-03,2017-03-15,2017-03-28
b1fc34938570,2017-02-25,2017-03-15,2017-03-26
7eff7ecd3a30,2017-03-13,2017-03-15,2017-03-28
f10a0d736b10,2017-03-15,2017-03-15,2017-03-28
cc7ec9549805,2017-02-28,2017-03-15,2017-03-28
2933035e3c2d,2017-03-26,2017-03-26,2017-03-28
1beb5846ea90,2017-03-12,2017-03-15,2017-03-28
3477ff6ad1d8,2017-02-27,2017-03-15,2017-03-28
6cd419357d0c,2017-03-26,2017-03-26,2017-03-28
16b3d159765b,2017-03-18,2017-03-18,2017-03-28
2b00369d9566,2017-03-05,2017-03-15,2017-03-28
63096ca8a6ae,2017-02-15,2017-03-15,2017-03-17
21c8141769c1,2017-02-15,2017-03-15,2017-03-16
858358679d69,2017-03-01,2017-03-15,2017-03-28
64e790f956a9,2017-03-11,2017-03-15,2017-03-17
cba636fce7bf,2017-03-05,2017-03-15,2017-03-28
fa9b48d73541,2017-03-16,2017-03-16,2017-03-28
a59fb80f6e79,2017-02-28,2017-03-15,2017-03-28
3b8f50ebc96e,2017-02-18,2017-03-15,2017-03-20
809e90855f76,2017-02-26,2017-03-15,2017-03-27
f6b158535116,2017-03-03,2017-03-15,2017-03-28
8c0babae7eea,2017-02-27,2017-03-15,2017-03-28
fc88c04e93a8,2017-03-10,2017-03-15,2017-03-28
e8df0d67ee23,2017-03-27,2017-03-27,2017-03-28
9b1c536bc64e,2017-03-21,2017-03-21,2017-03-28
815a0e260829,2017-03-19,2017-03-19,2017-03-28
932c48e0b3cd,2017-03-24,2017-03-24,2017-03-25
61d1e9d65591,2017-03-10,2017-03-15,2017-03-28
f41c61a4703c,2017-03-05,2017-03-15,2017-03-28
1f7fc6c8e134,2017-03-13,2017-03-15,2017-03-28
6832c6686236,2017-03-11,2017-03-15,2017-03-22
fb054b9123c9,2017-03-24,2017-03-24,2017-03-28
2eae38139612,2017-02-28,2017-03-15,2017-03-28
6ebe6ac71484,2017-02-15,2017-03-15,2017-03-17
99bed4307ec7,2017-02-22,2017-03-15,2017-03-24
1d24b0ac203a,2017-03-25,2017-03-25,2017-03-28
17c961f6c827,2017-03-16,2017-03-16,2017-03-28
ab85bed1cab0,2017-02-17,2017-03-15,2017-03-19
d00d2eeefb09,2017-03-06,2017-03-15,2017-03-28
52ffe4bd74f1,2017-02-24,2017-03-15,2017-03-25
c408f42a15d6,2017-03-16,2017-03-16,2017-03-28
40d2a3e53fd8,2017-03-16,2017-03-16,2017-03-28
5f2d4943fce2,2017-02-22,2017-03-15,2017-03-24
81afc0d177ef,2017-03-05,2017-03-15,2017-03-28
9b37874b10c9,2017-03-03,2017-03-15,2017-03-28
436d91d809a3,2017-02-21,2017-03-15,2017-03-23
d523936f5cba,2017-02-21,2017-03-15,2017-03-23
bcff51248556,2017-03-09,2017-03-15,2017-03-28
9f91fad7ccb8,2017-02-16,2017-03-15,2017-03-17
e617c2f7c526,2017-02-23,2017-03-15,2017-03-24
0daf1846b4ae,2017-03-16,2017-03-16,2017-03-28
066fa777fad8,2017-02-18,2017-03-15,2017-03-20
f94a52271337,2017-02-27,2017-03-15,2017-03-28
ec251e08627a,2017-03-22,2017-03-22,2017-03-28
636ddf660945,2017-02-20,2017-03-15,2017-03-21
354485ebf9f1,2017-03-16,2017-03-16,2017-03-28
f76de831b3b7,2017-03-05,2017-03-15,2017-03-28
52a2ac22c8a5,2017-03-21,2017-03-21,2017-03-28
f1f0fceb4bbc,2017-03-05,2017-03-15,2017-03-28
665952d8d578,2017-03-15,2017-03-15,2017-03-28
136798f3a5f0,2017-02-17,2017-03-15,2017-03-19
3bc84f7c6657,2017-03-04,2017-03-15,2017-03-17
3d66b0be6c78,2017-02-16,2017-03-15,2017-03-18
1c88874cd06d,2017-02-14,2017-03-15,2017-03-15
7b7e4280de47,2017-02-19,2017-03-15,2017-03-20
316a843bc165,2017-02-14,2017-03-15,2017-03-15
e43f4c097cd4,2017-03-06,2017-03-15,2017-03-28
a3499e757945,2017-03-07,2017-03-15,2017-03-28
180cc25cfa78,2017-02-22,2017-03-15,2017-03-24
ffb31df0038a,2017-03-08,2017-03-15,2017-03-16
fca8cca869c4,2017-03-09,2017-03-15,2017-03-28
e58666fa66f0,2017-02-19,2017-03-15,2017-03-21
7cc344324143,2017-03-18,2017-03-18,2017-03-28
61371cce79a5,2017-03-19,2017-03-19,2017-03-28
4536ec96c5ab,2017-03-07,2017-03-15,2017-03-28
e6a25fb6986c,2017-03-02,2017-03-15,2017-03-28
9ae2a779b3fc,2017-03-19,2017-03-19,2017-03-28
ecf99d93f8e3,2017-03-14,2017-03-15,2017-03-28
cbc980fd6653,2017-03-26,2017-03-26,2017-03-28
1e9aeb2e7899,2017-03-27,2017-03-27,2017-03-28
ea7566a0cd53,2017-03-26,2017-03-26,2017-03-28
d73788f130cb,2017-03-05,2017-03-15,2017-03-28
72a9b0a2955e,2017-03-24,2017-03-24,2017-03-28
6e9464abcd2d,2017-02-14,2017-03-15,2017-03-16
5ea4398d032c,2017-03-22,2017-03-22,2017-03-28
53bb8e815820,2017-02-23,2017-03-15,2017-03-25
bc156622de66,2017-02-25,2017-03-15,2017-03-27
229801dd18af,2017-03-24,2017-03-24,2017-03-27
7e200c3eb04e,2017-03-26,2017-03-26,2017-03-28
c591491e8c30,2017-03-18,2017-03-18,2017-03-28
c74b81266974,2017-03-06,2017-03-15,2017-03-28
f870a1da258a,2017-03-06,2017-03-15,2017-03-28
640ac6fef412,2017-02-26,2017-03-15,2017-03-28
0608e157ac86,2017-02-23,2017-03-15,2017-03-25
f104bca99c70,2017-03-05,2017-03-15,2017-03-28
571d467d5bd7,2017-02-15,2017-03-15,2017-03-16
dd128f6fce6b,2017-02-20,2017-03-15,2017-03-16
e99fd693d814,2017-03-05,2017-03-15,2017-03-28
7ffad5a81b8e,2017-03-05,2017-03-15,2017-03-28
2056fa2d634a,2017-03-20,2017-03-20,2017-03-28
0214a6e6737c,2017-02-25,2017-03-15,2017-03-27
7e128739989d,2017-02-19,2017-03-15,2017-03-21
bb0b7a67e485,2017-03-14,2017-03-15,2017-03-28
2aab1285d7b2,2017-03-25,2017-03-25,2017-03-28
5f5d2f16a808,2017-02-27,2017-03-15,2017-03-28
b4b5ceb0eaee,2017-03-06,2017-03-15,2017-03-28
f898b9c4054f,2017-03-13,2017-03-15,2017-03-28
4109e049c360,2017-03-26,2017-03-26,2017-03-28
c15aabdee52a,2017-03-09,2017-03-15,2017-03-28
27aba31cab87,2017-03-18,2017-03-18,2017-03-28
63326c508e48,2017-02-17,2017-03-15,2017-03-19
cdf153900d58,2017-02-21,2017-03-15,2017-03-23
6f75165e6152,2017-03-15,2017-03-15,2017-03-21
c8c2eee715d5,2017-03-04,2017-03-15,2017-03-28
f2837a0cfd14,2017-03-24,2017-03-24,2017-03-28
e4bd9adf0a98,2017-03-05,2017-03-15,2017-03-28
9cc9d13e9ce9,2017-03-20,2017-03-20,2017-03-28
45fe01608d5f,2017-02-27,2017-03-15,2017-03-28
65b244fba5ba,2017-03-04,2017-03-15,2017-03-28
46beef5e9d33,2017-03-05,2017-03-15,2017-03-28
da22eb0b5e60,2017-02-24,2017-03-15,2017-03-26
3b7ed7a8b9e4,2017-03-22,2017-03-22,2017-03-28
2dfa71598a2f,2017-02-22,2017-03-15,2017-03-24
ebd7a2c961bb,2017-03-14,2017-03-15,2017-03-20
e31aa7557623,2017-03-25,2017-03-25,2017-03-28
db80bc319bc9,2017-03-07,2017-03-15,2017-03-28
b8b73ec38b03,2017-03-20,2017-03-20,2017-03-28
38da731ad557,2017-03-05,2017-03-15,2017-03-28
43aaccef8be7,2017-02-22,2017-03-15,2017-03-24
74cc9e737927,2017-02-22,2017-03-15,2017-03-24
3175850a4542,2017-02-19,2017-03-15,2017-03-20
3a17e39a3820,2017-03-14,2017-03-15,2017-03-28
c070e9e1ae90,2017-03-20,2017-03-20,2017-03-28
57746c67343d,2017-03-25,2017-03-25,2017-03-26
c42c287fa49a,2017-02-18,2017-03-15,2017-03-20
f9d897f3766b,2017-02-24,2017-03-15,2017-03-26
a734e3055b69,2017-03-09,2017-03-15,2017-03-28
9c766e4a71d8,2017-03-02,2017-03-15,2017-03-28
a9f42ab7867a,2017-02-23,2017-03-15,2017-03-25
1eb18d3879f2,2017-03-09,2017-03-15,2017-03-28
e2e2be1f1b66,2017-02-18,2017-03-15,2017-03-20
3ac825c2a148,2017-03-05,2017-03-15,2017-03-28
e99e9f2afa00,2017-02-17,2017-03-15,2017-03-16
c819da2e5e0d,2017-03-20,2017-03-20,2017-03-28
e65ccbb9f4fa,2017-03-03,2017-03-15,2017-03-28
9ea3cfb795c1,2017-03-25,2017-03-25,2017-03-28
9ad3d52edf76,2017-03-01,2017-03-15,2017-03-28
7f74d4a827ea,2017-03-01,2017-03-15,2017-03-28
c723623f3431,2017-03-21,2017-03-21,2017-03-28
89a1e4dca226,2017-02-16,2017-03-15,2017-03-18
222d03429168,2017-02-14,2017-03-15,2017-03-16
f968e26fb26e,2017-03-01,2017-03-15,2017-03-28
1ec4ac7f20a5,2017-03-24,2017-03-24,2017-03-28
115677570f7e,2017-03-15,2017-03-15,2017-03-28
97dc54def9c6,2017-03-20,2017-03-20,2017-03-28
fbd25e591e2e,2017-02-25,2017-03-15,2017-03-27
a2ed95d2b506,2017-03-13,2017-03-15,2017-03-28
29615c058c73,2017-03-22,2017-03-22,2017-03-28
91a96c391434,2017-03-12,2017-03-15,2017-03-28
a808305be730,2017-02-22,2017-03-15,2017-03-24
ea51b106daa2,2017-03-22,2017-03-22,2017-03-28
561ac915b94c,2017-03-05,2017-03-15,2017-03-28
5b75b49d70c0,2017-03-23,2017-03-23,2017-03-28
f220e9ff98ff,2017-02-19,2017-03-15,2017-03-21
a00b324f4a75,2017-02-18,2017-03-15,2017-03-19
567a0888afa4,2017-03-28,2017-03-28,2017-03-28
fc7e4de78cc7,2017-02-23,2017-03-15,2017-03-24
98bd0efef85b,2017-03-08,2017-03-15,2017-03-28
16be81e7b1e2,2017-03-03,2017-03-15,2017-03-28
e072df59b525,2017-03-02,2017-03-15,2017-03-28
10e5de140c3e,2017-03-12,2017-03-15,2017-03-28
9d1709f617a5,2017-03-03,2017-03-15,2017-03-28
8c3433bee14c,2017-03-21,2017-03-21,2017-03-28
872fbce5ddc6,2017-02-19,2017-03-15,2017-03-20
cccde5dffadf,2017-03-01,2017-03-15,2017-03-28
5b7a8507e9a1,2017-03-13,2017-03-15,2017-03-28
1be727bcb32e,2017-03-11,2017-03-15,2017-03-28
fd78dee8a8b1,2017-02-28,2017-03-15,2017-03-28
8a1e9562d0d7,2017-02-24,2017-03-15,2017-03-26
61927b2aa89f,2017-03-01,2017-03-15,2017-03-28
12949dbc94a1,2017-02-19,2017-03-15,2017-03-21
7a25765e8502,2017-02-23,2017-03-15,2017-03-25
0e8377eb0911,2017-02-27,2017-03-15,2017-03-28
b04390da8899,2017-03-03,2017-03-15,2017-03-28
65b31379dfc8,2017-03-13,2017-03-15,2017-03-28
9a5b4a9601f1,2017-02-26,2017-03-15,2017-03-28
4ef97335c8cd,2017-03-14,2017-03-15,2017-03-28
4c06bb8b7120,2017-03-17,2017-03-18,2017-03-28
2a136b987976,2017-03-13,2017-03-15,2017-03-28
ff0ddc95b724,2017-02-20,2017-03-15,2017-03-22
533d77fde8d8,2017-02-21,2017-03-15,2017-03-23
f39e4233a809,2017-02-22,2017-03-15,2017-03-24
4e696c7e1f6f,2017-02-27,2017-03-15,2017-03-28
4f01ba961ea6,2017-03-24,2017-03-24,2017-03-28
34a4b0abfabb,2017-02-23,2017-03-15,2017-03-24
6e09f1f16694,2017-02-27,2017-03-15,2017-03-28
72667070bc83,2017-03-12,2017-03-15,2017-03-28
ebb42998acdb,2017-03-28,2017-03-28,2017-03-28
6f4e7fb91c24,2017-03-05,2017-03-15,2017-03-28
e076af1ba11e,2017-02-17,2017-03-15,2017-03-18
02cd03d68245,2017-03-11,2017-03-15,2017-03-28
4570b781520d,2017-03-15,2017-03-15,2017-03-28
14b9710a9fe6,2017-02-27,2017-03-15,2017-03-28
273bfdd4a4d3,2017-02-27,2017-03-15,2017-03-28
dcfb02761317,2017-03-11,2017-03-15,2017-03-28
5f26c28ec907,2017-03-13,2017-03-15,2017-03-28
7d00d1336338,2017-02-19,2017-03-15,2017-03-21
9fd6fbf51434,2017-03-13,2017-03-15,2017-03-19
d1cd47c90f34,2017-03-22,2017-03-22,2017-03-28
fe5914359c90,2017-02-25,2017-03-15,2017-03-27
63826ff501c6,2017-03-06,2017-03-15,2017-03-28
364f95c908f5,2017-02-28,2017-03-15,2017-03-28
a822d07490ca,2017-03-11,2017-03-15,2017-03-28
129b7cf521ed,2017-03-22,2017-03-22,2017-03-28
0781f26e289b,2017-02-26,2017-03-15,2017-03-28
3283ebcfeaf5,2017-03-01,2017-03-15,2017-03-28
08380da01bf0,2017-03-08,2017-03-15,2017-03-28
12ffff8168f5,2017-02-23,2017-03-15,2017-03-25
9f7017e5839a,2017-03-09,2017-03-15,2017-03-28
0ca1988a2a4f,2017-02-17,2017-03-15,2017-03-19
6b4b742b18b3,2017-03-10,2017-03-15,2017-03-28
769a8698b8ea,2017-03-07,2017-03-15,2017-03-28
c7982388eece,2017-03-09,2017-03-15,2017-03-28
f6bd7340c320,2017-03-18,2017-03-18,2017-03-28
461ccf7d7c42,2017-03-01,2017-03-15,2017-03-28
b1729fc07e0f,2017-02-15,2017-03-15,2017-03-17
02fbd82b1e90,2017-03-18,2017-03-18,2017-03-28
3fcd1bf726c9,2017-02-16,2017-03-15,2017-03-18
7e3714d91c48,2017-02-15,2017-03-15,2017-03-16
424bded34095,2017-03-20,2017-03-20,2017-03-28
1d28a1d2da91,2017-03-14,2017-03-15,2017-03-28
71cd7adbf470,2017-02-27,2017-03-15,2017-03-28
d6685021fc39,2017-03-26,2017-03-26,2017-03-28
5ef85d53da2e,2017-03-15,2017-03-15,2017-03-28
4dc739bd4d8d,2017-03-13,2017-03-15,2017-03-28
30f141f7c919,2017-02-15,2017-03-15,2017-03-17
ae86bd66d9de,2017-02-25,2017-03-15,2017-03-26
dbfbbabd83a4,2017-02-23,2017-03-15,2017-03-25
24f94ee43014,2017-02-19,2017-03-15,2017-03-21
54b1532a7219,2017-03-07,2017-03-15,2017-03-28
8673160d3729,2017-03-18,2017-03-18,2017-03-28
0326f8153ddb,2017-03-24,2017-03-24,2017-03-28
8ac83dc0aa65,2017-02-13,2017-03-15,2017-03-15
d8779d013546,2017-03-27,2017-03-27,2017-03-28
319127b556cc,2017-02-27,2017-03-15,2017-03-28
185bbe48819f,2017-03-17,2017-03-17,2017-03-28
a9bb0d7b4b96,2017-03-12,2017-03-15,2017-03-28
7a444e9b1cab,2017-02-27,2017-03-15,2017-03-28
ae17de66c428,2017-03-17,2017-03-17,2017-03-28
df04408fe3ea,2017-02-24,2017-03-15,2017-03-25
b0e79ee905d3,2017-03-18,2017-03-18,2017-03-28
d330dfd16562,2017-02-16,2017-03-15,2017-03-17
be1cfe431616,2017-03-25,2017-03-25,2017-03-28
53bd28583b56,2017-03-25,2017-03-25,2017-03-28
cb4ef31b2975,2017-02-13,2017-03-15,2017-03-15
d966d3c20fdc,2017-03-27,2017-03-27,2017-03-28
ec8e9811f62b,2017-03-19,2017-03-19,2017-03-28
7841d5d586e4,2017-02-25,2017-03-15,2017-03-19
01f9e734e24f,2017-03-24,2017-03-24,2017-03-28
c7d414dbd9a9,2017-03-27,2017-03-27,2017-03-28
bae5fe96fccb,2017-02-16,2017-03-15,2017-03-18
b852f212fdb6,2017-03-09,2017-03-15,2017-03-28
a75aa521be1a,2017-03-17,2017-03-17,2017-03-28
f1c2e00698c6,2017-02-25,2017-03-15,2017-03-27
5daabc563baa,2017-02-18,2017-03-15,2017-03-20
9bde991949b2,2017-02-18,2017-03-15,2017-03-20
21f0e6fbc066,2017-03-13,2017-03-15,2017-03-28
fbdea4a6b27d,2017-03-03,2017-03-15,2017-03-28
09613d065ceb,2017-03-02,2017-03-15,2017-03-28
42fd6b475a28,2017-02-19,2017-03-15,2017-03-20
b6e77b0c1e51,2017-02-22,2017-03-15,2017-03-24
ece75696442b,2017-03-20,2017-03-20,2017-03-28
4cc4a558ad28,2017-02-27,2017-03-15,2017-03-28
e5786aa57e3e,2017-02-15,2017-03-15,2017-03-17
afe7917dc86a,2017-03-05,2017-03-15,2017-03-25
eeba7a2ecbf1,2017-02-28,2017-03-15,2017-03-28
e7522b3449ef,2017-02-28,2017-03-15,2017-03-28
6834ed60a3ef,2017-03-10,2017-03-15,2017-03-28
5cfededcc9d4,2017-03-12,2017-03-15,2017-03-28
375c360092a7,2017-02-24,2017-03-15,2017-03-26
773544de152b,2017-03-06,2017-03-15,2017-03-28
3717f9237076,2017-03-07,2017-03-15,2017-03-28
c36e0a74b014,2017-03-17,2017-03-17,2017-03-28
0357a22bdaaa,2017-03-12,2017-03-15,2017-03-28
3ae8ed7bb43b,2017-03-23,2017-03-23,2017-03-28
84cf56042460,2017-03-01,2017-03-15,2017-03-28
e79e7cc89842,2017-03-19,2017-03-19,2017-03-28
4b61b3114527,2017-02-26,2017-03-15,2017-03-28
678661bf4dfa,2017-03-02,2017-03-15,2017-03-28
1e79a2802805,2017-03-07,2017-03-15,2017-03-28
0ac917936a4d,2017-02-17,2017-03-15,2017-03-19
c9933b2e090b,2017-03-20,2017-03-20,2017-03-28
85c3c9ba72a2,2017-02-27,2017-03-15,2017-03-28
fda7055512aa,2017-03-20,2017-03-20,2017-03-28
2a1dfc902449,2017-03-08,2017-03-15,2017-03-28
ff2c506cdd68,2017-03-01,2017-03-15,2017-03-28
e5cf503e3f0a,2017-03-01,2017-03-15,2017-03-28
1cb3addb4cba,2017-02-25,2017-03-15,2017-03-27
3551e947c63c,2017-03-24,2017-03-24,2017-03-28
7fe48ed76fdd,2017-03-26,2017-03-26,2017-03-28
94882ecc6b77,2017-03-13,2017-03-15,2017-03-28
e799c72f9113,2017-03-19,2017-03-19,2017-03-28
dc6ccc6baf2a,2017-03-07,2017-03-15,2017-03-28
b46675f89ab2,2017-03-27,2017-03-27,2017-03-28
6c9ea7f2e9c9,2017-03-23,2017-03-23,2017-03-28
1a9c017ec7b9,2017-03-20,2017-03-20,2017-03-28
cfa2a5ac2ad8,2017-03-26,2017-03-26,2017-03-28
ba53453c3964,2017-03-05,2017-03-15,2017-03-17
f11c0a03c646,2017-02-15,2017-03-15,2017-03-17
20426beb08a9,2017-03-04,2017-03-15,2017-03-28
02f320ec8bde,2017-02-26,2017-03-15,2017-03-28
8419ee1fab79,2017-02-15,2017-03-15,2017-03-17
3a043507b24d,2017-03-21,2017-03-21,2017-03-28
94c2f4a8c263,2017-03-08,2017-03-15,2017-03-28
e898cc2625b2,2017-03-09,2017-03-15,2017-03-28
4f9ba5b5a14a,2017-02-13,2017-03-15,2017-03-15
70005c8d1b3c,2017-03-04,2017-03-15,2017-03-28
b8f4be1b5983,2017-03-22,2017-03-22,2017-03-28
f3fabd8a8598,2017-03-13,2017-03-15,2017-03-24
6158fb262f6f,2017-03-01,2017-03-15,2017-03-28
7d5596a6f89f,2017-02-19,2017-03-15,2017-03-20
8b5618d9a99b,2017-03-05,2017-03-15,2017-03-28
abdf19921fc8,2017-03-10,2017-03-15,2017-03-28
dc20653b5695,2017-03-12,2017-03-15,2017-03-28
75f6712c4697,2017-02-28,2017-03-15,2017-03-28
4f12691bd117,2017-03-10,2017-03-15,2017-03-24
25106c910704,2017-02-17,2017-03-15,2017-03-19
d08a678e7d3f,2017-03-13,2017-03-15,2017-03-28
19d5b70bd127,2017-03-21,2017-03-21,2017-03-28
416d5c10e3a9,2017-03-15,2017-03-15,2017-03-28
62e16acb801a,2017-03-13,2017-03-15,2017-03-28
db3ebf024a8b,2017-03-15,2017-03-15,2017-03-28
bf9ebc1a6775,2017-03-13,2017-03-15,2017-03-28
dae19eccd6bc,2017-03-05,2017-03-15,2017-03-28
9d6af3e2e0d7,2017-03-12,2017-03-15,2017-03-28
0a38fbe9c1c5,2017-03-26,2017-03-26,2017-03-28
815a018ce8ca,2017-03-11,2017-03-15,2017-03-21
72231f5953ce,2017-02-13,2017-03-15,2017-03-15
2476e0c1540c,2017-03-27,2017-03-27,2017-03-28
54a889d53e3e,2017-02-25,2017-03-15,2017-03-27
11b794289478,2017-03-14,2017-03-15,2017-03-28
823e1fe6a42d,2017-03-25,2017-03-25,2017-03-28
4f4a1939d250,2017-02-20,2017-03-15,2017-03-22
cbbfbb3957de,2017-03-06,2017-03-15,2017-03-28
a37f9c04661d,2017-03-07,2017-03-15,2017-03-28
4c904ca38602,2017-02-16,2017-03-15,2017-03-18
00a07a9a961a,2017-02-27,2017-03-15,2017-03-28
d53cda4809a8,2017-03-28,2017-03-28,2017-03-28
d143c0baec48,2017-02-17,2017-03-15,2017-03-19
39ede5a91ea0,2017-03-14,2017-03-15,2017-03-21
f5841dcaa6f0,2017-03-08,2017-03-15,2017-03-28
c2002d36ae0b,2017-02-19,2017-03-15,2017-03-21
830a88a5e50c,2017-03-12,2017-03-15,2017-03-28
da72a5ba70ba,2017-03-23,2017-03-23,2017-03-28
2b95f8260286,2017-03-10,2017-03-15,2017-03-28
09f925319f5c,2017-02-16,2017-03-15,2017-03-18
dc271c4dae59,2017-03-09,2017-03-15,2017-03-28
4216c3dd4009,2017-03-07,2017-03-15,2017-03-28
e965edc176fa,2017-02-18,2017-03-15,2017-03-20
b65e891eee85,2017-03-13,2017-03-15,2017-03-28
0fbd3a90118b,2017-03-13,2017-03-15,2017-03-28
d9455b1841a2,2017-03-21,2017-03-21,2017-03-28
0e73bcce4d4d,2017-03-20,2017-03-20,2017-03-28
7ad6b2addba8,2017-03-20,2017-03-20,2017-03-28
980a8d0599ec,2017-03-16,2017-03-16,2017-03-28
fc6d5b3d62e5,2017-03-05,2017-03-15,2017-03-28
7b17be045b9b,2017-03-04,2017-03-15,2017-03-28
b08d61ca469d,2017-03-27,2017-03-27,2017-03-28
5b3769d78814,2017-03-24,2017-03-24,2017-03-28
e65b9b9872a8,2017-03-09,2017-03-15,2017-03-28
0fd1c93daccf,2017-03-05,2017-03-15,2017-03-28
645b22dd8088,2017-02-25,2017-03-15,2017-03-27
ec8a8ae511d1,2017-03-19,2017-03-19,2017-03-28
c814454c5153,2017-03-17,2017-03-17,2017-03-28
dad02840a095,2017-03-19,2017-03-19,2017-03-28
1eee0cbd58e3,2017-03-12,2017-03-15,2017-03-28
b6feeaa5cd1d,2017-02-15,2017-03-15,2017-03-17
878861dfdc8c,2017-03-22,2017-03-22,2017-03-28
7a9c7974e22d,2017-02-25,2017-03-15,2017-03-25
ed1beecfd02d,2017-03-10,2017-03-15,2017-03-28
132dd64983bd,2017-02-27,2017-03-15,2017-03-28
62480df1998e,2017-03-22,2017-03-22,2017-03-28
08a8fcfc2614,2017-03-11,2017-03-15,2017-03-28
840f1e3ce800,2017-02-24,2017-03-15,2017-03-26
a154ec3f2b1c,2017-02-17,2017-03-15,2017-03-19
ac2afcc3b72c,2017-02-28,2017-03-15,2017-03-28
782a73ddd61c,2017-03-01,2017-03-15,2017-03-28
4cb2673ba999,2017-03-26,2017-03-26,2017-03-28
31eda5ebfac6,2017-03-02,2017-03-15,2017-03-28
3c0107c05cc6,2017-03-07,2017-03-15,2017-03-28
bb78c189651a,2017-03-14,2017-03-15,2017-03-28
a64670d9b4e9,2017-03-28,2017-03-28,2017-03-28
1d13dac10df7,2017-02-21,2017-03-15,2017-03-23
bc1f4f744da8,2017-02-18,2017-03-15,2017-03-20
77ab5fbc7c3d,2017-02-21,2017-03-15,2017-03-23
ce35e8492690,2017-03-06,2017-03-15,2017-03-18
ce00d4391338,2017-03-17,2017-03-17,2017-03-28
3df0e30c22b7,2017-03-10,2017-03-15,2017-03-28
1a38a3801337,2017-03-12,2017-03-15,2017-03-28
78abab0a6af8,2017-02-14,2017-03-15,2017-03-16
107dd0a4a7b4,2017-03-04,2017-03-15,2017-03-28
285a5ead73bb,2017-02-23,2017-03-15,2017-03-24
9585885599b0,2017-03-07,2017-03-15,2017-03-28
a76d11d8287b,2017-02-17,2017-03-15,2017-03-19
34525ad8bbe8,2017-03-03,2017-03-15,2017-03-28
1c692856a655,2017-02-13,2017-03-15,2017-03-15
2d3d1db6e15c,2017-02-16,2017-03-15,2017-03-18
7ca7180a3cf3,2017-03-04,2017-03-15,2017-03-28
c2da84c0dce2,2017-03-01,2017-03-15,2017-03-28
6c5fec12b89c,2017-03-27,2017-03-27,2017-03-28
c2608ffb7165,2017-03-20,2017-03-20,2017-03-28
410decee43b2,2017-02-20,2017-03-15,2017-03-21
af6cba1fadd8,2017-02-28,2017-03-15,2017-03-28
5ff8baa538f9,2017-03-07,2017-03-15,2017-03-28
02e731c32d14,2017-03-20,2017-03-20,2017-03-24
bf69be694f49,2017-02-18,2017-03-15,2017-03-20
332ac00fc975,2017-03-22,2017-03-22,2017-03-28
4b3e377f4ccb,2017-02-22,2017-03-15,2017-03-24
4f54f924ae3d,2017-02-26,2017-03-15,2017-03-28
1dbdc48fc0cf,2017-03-14,2017-03-15,2017-03-28
99f17885556a,2017-02-20,2017-03-15,2017-03-22
c413c19c6c31,2017-03-24,2017-03-24,2017-03-28
e5fa68c7f9fb,2017-02-16,2017-03-15,2017-03-18
909b728232d9,2017-03-12,2017-03-15,2017-03-28
4f6a3ef08c53,2017-02-21,2017-03-15,2017-03-22
8db797fc983d,2017-03-06,2017-03-15,2017-03-28
a613700aefcc,2017-03-18,2017-03-18,2017-03-28
6d84af380599,2017-02-25,2017-03-15,2017-03-27
6945be5bce42,2017-02-27,2017-03-15,2017-03-28
66b5598f1fe4,2017-02-20,2017-03-15,2017-03-21
ea3c426b757a,2017-02-18,2017-03-15,2017-03-20
d6f58b23b48b,2017-02-19,2017-03-15,2017-03-21
5c7a4a99691c,2017-03-21,2017-03-21,2017-03-28
1461759f57b2,2017-03-04,2017-03-15,2017-03-28
bf732b406d8b,2017-03-15,2017-03-15,2017-03-28
34e01c48cb1a,2017-02-18,2017-03-15,2017-03-20
cf9adfd56402,2017-03-10,2017-03-15,2017-03-28
1dfd0de714aa,2017-03-08,2017-03-15,2017-03-28
201aff96da70,2017-02-20,2017-03-15,2017-03-22
cf53f3d171c0,2017-02-14,2017-03-15,2017-03-16
b141e85cc4a3,2017-02-27,2017-03-15,2017-03-28
3e29abf40df0,2017-03-18,2017-03-18,2017-03-28
b2dc2acae2bb,2017-03-25,2017-03-25,2017-03-28
44d755a76654,2017-03-02,2017-03-15,2017-03-19
aa2b7a25a000,2017-02-22,2017-03-15,2017-03-24
b92018914219,2017-02-24,2017-03-15,2017-03-26
ff7083d3bec8,2017-02-16,2017-03-15,2017-03-18
4ed39974181e,2017-03-04,2017-03-15,2017-03-28
5584042978e9,2017-02-26,2017-03-15,2017-03-28
4f034bf417fc,2017-02-24,2017-03-15,2017-03-26
ef3bc50b9747,2017-02-26,2017-03-15,2017-03-28
109b7c97b3f0,2017-03-11,2017-03-15,2017-03-28
d994f1f41ac3,2017-03-01,2017-03-15,2017-03-28
6053f613f2aa,2017-03-13,2017-03-15,2017-03-28
a33484c11ab1,2017-02-22,2017-03-15,2017-03-24
5afc6a2e9643,2017-02-27,2017-03-15,2017-03-28
0687608b41e5,2017-02-18,2017-03-15,2017-03-20
1028aee6233c,2017-03-22,2017-03-22,2017-03-28
5c3bacc6aaf9,2017-03-07,2017-03-15,2017-03-28
ef39626a561e,2017-03-25,2017-03-26,2017-03-28
edcb458b8799,2017-02-14,2017-03-15,2017-03-16
428005d40f54,2017-02-26,2017-03-15,2017-03-24
8a11fcbf2aec,2017-03-14,2017-03-15,2017-03-28
3c760e76b37f,2017-02-20,2017-03-15,2017-03-22
afc95577eea5,2017-02-23,2017-03-15,2017-03-25
beecb6ac640c,2017-03-08,2017-03-15,2017-03-28
257481caea07,2017-03-22,2017-03-22,2017-03-28
3456f7d40123,2017-02-22,2017-03-15,2017-03-24
509a4b94256d,2017-02-25,2017-03-15,2017-03-27
d701ee2743ef,2017-02-19,2017-03-15,2017-03-21
8e2403efc7fc,2017-03-17,2017-03-17,2017-03-28
1c0acd816e94,2017-03-28,2017-03-28,2017-03-28
3bc387e4961e,2017-03-13,2017-03-15,2017-03-28
e345bbdb1f02,2017-03-01,2017-03-15,2017-03-28
f0e96c4987f2,2017-02-19,2017-03-15,2017-03-21
0161cbfa5de4,2017-03-14,2017-03-15,2017-03-28
434181a1dd86,2017-03-02,2017-03-15,2017-03-28
658b2135a2ab,2017-03-12,2017-03-15,2017-03-25
d24e457991f0,2017-02-16,2017-03-15,2017-03-18
ebb210b17520,2017-03-15,2017-03-15,2017-03-28
c0a25dc7ad03,2017-02-21,2017-03-18,2017-03-23
e7ce5baa1687,2017-02-16,2017-03-15,2017-03-18
7842724f070e,2017-02-19,2017-03-15,2017-03-20
586980a87bd9,2017-02-19,2017-03-15,2017-03-21
acfb1ba665b5,2017-03-27,2017-03-27,2017-03-28
791a191f0b97,2017-03-06,2017-03-15,2017-03-28
a2c54bf0d012,2017-02-22,2017-03-15,2017-03-24
aa5f5ebbbd76,2017-03-24,2017-03-24,2017-03-28
a30d81dc957d,2017-02-17,2017-03-15,2017-03-18
10c2e140ec0b,2017-03-28,2017-03-28,2017-03-28
9c4ffa25a311,2017-03-09,2017-03-15,2017-03-28
fb23d6b61ccd,2017-02-17,2017-03-15,2017-03-19
8be053669fbb,2017-03-05,2017-03-15,2017-03-28
4f47ef5bbbe5,2017-03-24,2017-03-24,2017-03-28
b4992514c8f7,2017-03-05,2017-03-15,2017-03-28
25a9f0728a7e,2017-03-20,2017-03-20,2017-03-28
6b5164feb6b6,2017-02-24,2017-03-15,2017-03-26
ce7996099889,2017-03-20,2017-03-20,2017-03-28
a0b6fc4e526d,2017-02-24,2017-03-15,2017-03-26
2ca80abaf8b5,2017-03-11,2017-03-15,2017-03-28
d1ae635a4941,2017-03-26,2017-03-26,2017-03-28
e7511865152b,2017-02-17,2017-03-15,2017-03-18
8027ce213af1,2017-03-22,2017-03-22,2017-03-27
776e838d0654,2017-03-04,2017-03-15,2017-03-28
6d5f79d9974b,2017-02-21,2017-03-15,2017-03-23
2427ea67d8cb,2017-02-15,2017-03-15,2017-03-28
34ce5d25e578,2017-03-05,2017-03-15,2017-03-28
5867adaeafec,2017-02-16,2017-03-15,2017-03-18
07474b16a1e4,2017-03-23,2017-03-23,2017-03-28
9422e10ac702,2017-03-22,2017-03-22,2017-03-28
f7975351d453,2017-03-27,2017-03-27,2017-03-28
5219da28ef10,2017-03-12,2017-03-15,2017-03-28
1d5e856419ff,2017-02-25,2017-03-15,2017-03-27
c5e0038d1b67,2017-02-18,2017-03-15,2017-03-20
fb02bbc6dd94,2017-03-18,2017-03-18,2017-03-28
81a67bda321c,2017-03-25,2017-03-25,2017-03-28
014448703e71,2017-03-05,2017-03-15,2017-03-28
bcdd05e14b5e,2017-03-10,2017-03-15,2017-03-28
57c5bf7ba0cd,2017-03-17,2017-03-17,2017-03-28
b243ddcaa322,2017-02-24,2017-03-15,2017-03-25
45f1e26dab13,2017-02-13,2017-03-15,2017-03-15
adcb586fe3b9,2017-03-06,2017-03-15,2017-03-28
99267afd8c50,2017-03-20,2017-03-20,2017-03-28
aeb2aaa72c24,2017-02-26,2017-03-15,2017-03-28
c34ae28481d7,2017-03-23,2017-03-23,2017-03-28
bfc98979c539,2017-03-22,2017-03-22,2017-03-28
85dd1755e7f1,2017-03-28,2017-03-28,2017-03-28
2c77d7f19d0c,2017-03-21,2017-03-21,2017-03-28
bfc489a3d4cf,2017-03-13,2017-03-15,2017-03-28
517c9d25dfc1,2017-03-16,2017-03-16,2017-03-28
d5fc960a3a40,2017-03-15,2017-03-15,2017-03-28
0207235d4e06,2017-02-15,2017-03-15,2017-03-17
46652823a05d,2017-03-27,2017-03-27,2017-03-28
6b5f850e4068,2017-02-24,2017-03-15,2017-03-26
c36a15fa9183,2017-03-20,2017-03-20,2017-03-28
f0e4227a3d5e,2017-02-27,2017-03-15,2017-03-28
a0936c918ce5,2017-03-27,2017-03-27,2017-03-28
e7e9759b24fd,2017-03-08,2017-03-15,2017-03-28
9bd5da42518d,2017-02-24,2017-03-15,2017-03-26
7a477d955438,2017-02-28,2017-03-15,2017-03-28
3c73e10e770f,2017-02-28,2017-03-15,2017-03-28
71dd341721b6,2017-03-11,2017-03-15,2017-03-28
345fa32c5f58,2017-02-28,2017-03-15,2017-03-28
3142367890e4,2017-03-26,2017-03-26,2017-03-28
590aede0d038,2017-03-26,2017-03-26,2017-03-28
4a83cbfe0df0,2017-03-20,2017-03-20,2017-03-28
947be169240c,2017-03-18,2017-03-18,2017-03-28
e8560de8bf93,2017-03-13,2017-03-15,2017-03-28
c4a0ee6d6806,2017-02-14,2017-03-15,2017-03-16
d5873c4071ba,2017-03-24,2017-03-24,2017-03-28
12766372ddd5,2017-03-06,2017-03-15,2017-03-28
9d353776c1ad,2017-02-28,2017-03-15,2017-03-28
38b70c8c4dd2,2017-03-21,2017-03-21,2017-03-28
ef13128d6374,2017-02-25,2017-03-15,2017-03-27
006ece20420b,2017-03-24,2017-03-24,2017-03-28
7b9dc83e36a1,2017-03-15,2017-03-15,2017-03-22
ff9748f665c6,2017-02-27,2017-03-15,2017-03-28
e412c9253ced,2017-03-24,2017-03-24,2017-03-28
d7d18da498a9,2017-03-15,2017-03-15,2017-03-28
a0ee29b4c9ee,2017-03-24,2017-03-24,2017-03-28
bbeb47e9625b,2017-02-23,2017-03-15,2017-03-25
ea59acf53d6a,2017-03-22,2017-03-22,2017-03-28
16202f06da49,2017-02-28,2017-03-15,2017-03-28
5cf2c64901e8,2017-03-18,2017-03-18,2017-03-28
379c784a9e1e,2017-03-16,2017-03-16,2017-03-28
cb8fc519a307,2017-03-10,2017-03-15,2017-03-28
3ca72519f18c,2017-03-21,2017-03-21,2017-03-28
75a5e60cfdb5,2017-03-06,2017-03-15,2017-03-24
d27f0c680cf0,2017-03-05,2017-03-15,2017-03-28
75561c30a75b,2017-03-07,2017-03-15,2017-03-28
c2e97c3c4ed6,2017-03-09,2017-03-15,2017-03-28
d07437d04455,2017-03-20,2017-03-20,2017-03-28
a691012066a0,2017-03-13,2017-03-15,2017-03-28
e78533c69824,2017-03-19,2017-03-19,2017-03-28
4eedfafef04f,2017-02-19,2017-03-15,2017-03-21
1ea8b9388b8d,2017-03-10,2017-03-15,2017-03-28
e48c955a745d,2017-03-24,2017-03-24,2017-03-28
86a3a4c9dc3d,2017-02-16,2017-03-15,2017-03-18
043f914739cc,2017-03-09,2017-03-15,2017-03-28
e458b4056193,2017-03-10,2017-03-15,2017-03-28
28585d23447c,2017-03-24,2017-03-24,2017-03-28
205f1b9edd5f,2017-03-16,2017-03-16,2017-03-28
7b1770a66503,2017-03-04,2017-03-15,2017-03-28
e5534057e0e7,2017-02-26,2017-03-15,2017-03-20
b1a62fdcd754,2017-03-18,2017-03-18,2017-03-28
f5ee48596045,2017-03-16,2017-03-16,2017-03-28
4864a63acb96,2017-02-22,2017-03-15,2017-03-24
f3946bdb71f4,2017-02-14,2017-03-15,2017-03-16
c78f481fa8b0,2017-02-14,2017-03-15,2017-03-16
6d7416de185f,2017-03-26,2017-03-26,2017-03-28
b2f97a53b5a6,2017-03-03,2017-03-15,2017-03-28
9f6d7dbb368f,2017-03-01,2017-03-15,2017-03-28
9eeb304cbd48,2017-02-19,2017-03-15,2017-03-21
cb83f5358a25,2017-02-23,2017-03-15,2017-03-25
065334477850,2017-03-23,2017-03-23,2017-03-28
30e2b84953d5,2017-03-19,2017-03-19,2017-03-28
107f1d9dd2bb,2017-03-27,2017-03-27,2017-03-28
91654de19afa,2017-03-18,2017-03-18,2017-03-28
c35db6cf0294,2017-02-26,2017-03-15,2017-03-28
90036f6dbf30,2017-02-25,2017-03-15,2017-03-27
4771c72b7c0a,2017-03-08,2017-03-15,2017-03-22
7339ccd4b291,2017-03-10,2017-03-15,2017-03-28
8574118cceb5,2017-02-13,2017-03-15,2017-03-15
a500bab6e249,2017-03-26,2017-03-26,2017-03-28
c8b951898782,2017-03-27,2017-03-27,2017-03-28
c1d4bc24b24f,2017-02-17,2017-03-15,2017-03-18
0388320ab23a,2017-03-26,2017-03-26,2017-03-28
c7279a17ca11,2017-02-28,2017-03-15,2017-03-28
0f217a4fbf93,2017-02-26,2017-03-15,2017-03-27
8763c3e0bebb,2017-03-03,2017-03-15,2017-03-17
8552a4603b5f,2017-03-19,2017-03-19,2017-03-28
f584ccf4f091,2017-02-26,2017-03-15,2017-03-27
e7326fd5fd00,2017-02-18,2017-03-15,2017-03-20
1498a6dbd809,2017-02-15,2017-03-15,2017-03-17
51b551cb3de2,2017-02-26,2017-03-15,2017-03-27
bb2610d4e4cd,2017-03-07,2017-03-15,2017-03-28
0484478a7d71,2017-03-15,2017-03-15,2017-03-28
9056fe0a2390,2017-03-06,2017-03-15,2017-03-23
205a83aa1312,2017-03-04,2017-03-15,2017-03-28
dc426a04441e,2017-02-15,2017-03-15,2017-03-16
ff160462bad6,2017-03-27,2017-03-27,2017-03-28
152c0bf29ca3,2017-03-23,2017-03-23,2017-03-28
c3a87d4968ac,2017-03-21,2017-03-21,2017-03-28
43e3244b3271,2017-03-27,2017-03-27,2017-03-28
db71bdc07e8f,2017-03-14,2017-03-15,2017-03-28
6931ea260272,2017-03-22,2017-03-22,2017-03-28
924c7d47e4e9,2017-03-26,2017-03-26,2017-03-28
4d0cba7e74c0,2017-02-24,2017-03-15,2017-03-25
2feb92cb4033,2017-03-11,2017-03-15,2017-03-28
158a20fbec12,2017-03-24,2017-03-24,2017-03-28
7fa383b48140,2017-03-14,2017-03-15,2017-03-28
d813dfc1d90c,2017-03-22,2017-03-22,2017-03-22
946f15162a40,2017-03-05,2017-03-15,2017-03-28
c9903978d6ae,2017-03-24,2017-03-24,2017-03-28
36c0bdaa3116,2017-02-28,2017-03-15,2017-03-24
d4a4e7ebcf64,2017-02-18,2017-03-15,2017-03-19
5cd34d135536,2017-02-28,2017-03-15,2017-03-28
c5878293af0a,2017-03-08,2017-03-15,2017-03-28
bcfbacc8b83f,2017-03-19,2017-03-19,2017-03-28
4799ef0220b2,2017-03-23,2017-03-23,2017-03-28
e78df4cbcedf,2017-03-01,2017-03-15,2017-03-28
60ea5b141282,2017-03-26,2017-03-26,2017-03-28
b29da48ae6f0,2017-03-10,2017-03-15,2017-03-28
276c42e78a76,2017-03-09,2017-03-15,2017-03-28
3637f51108f9,2017-02-25,2017-03-15,2017-03-26
4a2de038cb75,2017-03-12,2017-03-15,2017-03-28
9028585904e4,2017-03-27,2017-03-27,2017-03-28
b3f0be7dd881,2017-02-16,2017-03-15,2017-03-18
062347355f7c,2017-03-15,2017-03-15,2017-03-28
3f46482be482,2017-02-15,2017-03-15,2017-03-16
3c1905a0f8c9,2017-02-27,2017-03-15,2017-03-28
c58413d49dcb,2017-03-15,2017-03-15,2017-03-28
299576c95b33,2017-02-19,2017-03-15,2017-03-21
8eeef0cd3e26,2017-03-28,2017-03-28,2017-03-28
93f65f5bfd96,2017-02-26,2017-03-15,2017-03-28
bc64f261febb,2017-03-09,2017-03-15,2017-03-28
c20e05b77c3f,2017-03-14,2017-03-15,2017-03-28
759b6500c1e6,2017-02-19,2017-03-15,2017-03-21
7464718ad97a,2017-02-18,2017-03-15,2017-03-19
9459b4a09495,2017-03-12,2017-03-15,2017-03-28
a8c2ea5f6ded,2017-02-23,2017-03-15,2017-03-25
311c63bf79d5,2017-03-22,2017-03-22,2017-03-28
93152731bb7d,2017-03-25,2017-03-25,2017-03-28
b680684aba60,2017-03-08,2017-03-15,2017-03-26
01c0284f9976,2017-03-18,2017-03-18,2017-03-28
cad0c9a6538a,2017-03-24,2017-03-24,2017-03-28
e9d45b13ee84,2017-03-20,2017-03-20,2017-03-28
900131db3280,2017-02-28,2017-03-15,2017-03-28
55827d263730,2017-03-04,2017-03-15,2017-03-28
1adbbce5a4ee,2017-02-15,2017-03-15,2017-03-17
da0fcd533afd,2017-02-17,2017-03-15,2017-03-19
aecd06a6767b,2017-03-20,2017-03-20,2017-03-28
5a60c6eda562,2017-03-16,2017-03-16,2017-03-28
0cc731ce3e8b,2017-03-18,2017-03-18,2017-03-28
2779b8f8fb49,2017-03-08,2017-03-15,2017-03-28
3ab17600ed60,2017-03-05,2017-03-15,2017-03-28
e85e7d9c3be4,2017-03-20,2017-03-20,2017-03-20
f59f03574d04,2017-03-12,2017-03-15,2017-03-28
6b0a867cf3b3,2017-03-13,2017-03-15,2017-03-28
43d8ad7fbef0,2017-02-21,2017-03-15,2017-03-22
149e4b168bb9,2017-03-11,2017-03-15,2017-03-28
a3e229542b17,2017-03-03,2017-03-15,2017-03-19
3bca3d81bd85,2017-02-25,2017-03-15,2017-03-27
281064f52942,2017-03-02,2017-03-15,2017-03-19
4e41dad03136,2017-03-28,2017-03-28,2017-03-28
6ff3dca39ebc,2017-03-03,2017-03-15,2017-03-20
7479266e37f9,2017-03-21,2017-03-21,2017-03-28
80b3616c7a95,2017-03-07,2017-03-15,2017-03-17
f955765bcf85,2017-03-08,2017-03-15,2017-03-28
749fb91fbe98,2017-03-12,2017-03-15,2017-03-28
5b57fd695b66,2017-03-05,2017-03-15,2017-03-28
f1fa800cd67a,2017-03-01,2017-03-15,2017-03-28
d33da919cae7,2017-03-13,2017-03-15,2017-03-28
aa6bd49b7bdf,2017-03-09,2017-03-15,2017-03-28
309822754987,2017-02-23,2017-03-15,2017-03-25
0c259bd0934c,2017-03-05,2017-03-15,2017-03-28
929054099abb,2017-02-14,2017-03-15,2017-03-16
88f4f9412be8,2017-03-05,2017-03-15,2017-03-28
3a958e1bfa1b,2017-03-02,2017-03-15,2017-03-28
8f469f7c1160,2017-03-09,2017-03-15,2017-03-28
680556e215d1,2017-03-10,2017-03-15,2017-03-22
8d3fef7fba0c,2017-03-10,2017-03-15,2017-03-28
5b8f0a3b50e0,2017-02-14,2017-03-15,2017-03-16
92fa8f3cb182,2017-03-07,2017-03-15,2017-03-28
523e5a2679c0,2017-03-21,2017-03-21,2017-03-28
4a800c0473b7,2017-02-13,2017-03-15,2017-03-15
a43a42f7eac8,2017-03-08,2017-03-15,2017-03-28
8b385db9733f,2017-03-04,2017-03-15,2017-03-28
2810989d2ce8,2017-02-28,2017-03-15,2017-03-28
c86ff9248ca3,2017-03-28,2017-03-28,2017-03-28
154cf9ff7345,2017-02-28,2017-03-15,2017-03-28
0563960eb9bd,2017-03-19,2017-03-19,2017-03-28
45f0e7404a1f,2017-02-15,2017-03-15,2017-03-17
41a232fea572,2017-02-21,2017-03-15,2017-03-23
d631ba54fc22,2017-02-14,2017-03-15,2017-03-16
50535497b343,2017-03-13,2017-03-15,2017-03-28
c055857f7ae1,2017-03-24,2017-03-24,2017-03-28
0822bb745425,2017-02-14,2017-03-15,2017-03-15
2ae3c9d2ac1d,2017-03-12,2017-03-15,2017-03-28
d9c53958c742,2017-03-13,2017-03-15,2017-03-28
96a3703bc7b0,2017-03-05,2017-03-15,2017-03-28
9023a03b7b0b,2017-03-07,2017-03-15,2017-03-28
e6ad57cfc3c0,2017-03-28,2017-03-28,2017-03-28
f110fec5c174,2017-03-16,2017-03-16,2017-03-28
2fb13b9153de,2017-03-08,2017-03-15,2017-03-28
671125761f98,2017-02-27,2017-03-15,2017-03-28
7895c5eeaaea,2017-03-24,2017-03-24,2017-03-28
e4aa5891d209,2017-03-27,2017-03-27,2017-03-28
9343bcfeda09,2017-02-19,2017-03-15,2017-03-21
17e27cc2db48,2017-02-22,2017-03-15,2017-03-24
537f87514d63,2017-02-18,2017-03-15,2017-03-20
2cd15dc285d6,2017-03-14,2017-03-15,2017-03-28
31c8c368ddf8,2017-03-08,2017-03-15,2017-03-28
2a258004aa1a,2017-03-19,2017-03-19,2017-03-21
30c403cc3522,2017-03-13,2017-03-15,2017-03-28
e57fa61f9781,2017-03-19,2017-03-19,2017-03-28
d4fc7d5455b3,2017-02-25,2017-03-15,2017-03-26
75d636fe8d17,2017-03-24,2017-03-24,2017-03-28
fc0470465bc8,2017-03-26,2017-03-26,2017-03-28
390821ff52b1,2017-02-21,2017-03-15,2017-03-23
6955d2b4b170,2017-02-20,2017-03-15,2017-03-22
cdecd8af7e46,2017-03-20,2017-03-20,2017-03-28
fef2a06ae28f,2017-03-15,2017-03-15,2017-03-28
f4f78fba3882,2017-03-28,2017-03-28,2017-03-28
495e389bc215,2017-02-27,2017-03-15,2017-03-28
577f783faab3,2017-03-13,2017-03-15,2017-03-28
ed3818068773,2017-03-10,2017-03-15,2017-03-28
2fb7c6398f90,2017-03-26,2017-03-26,2017-03-28
046672684ef2,2017-03-18,2017-03-18,2017-03-28
21e031fabc4f,2017-02-22,2017-03-15,2017-03-18
8ebac96cb2d8,2017-02-19,2017-03-15,2017-03-20
7b9531031e4a,2017-02-17,2017-03-15,2017-03-18
1485634c06a4,2017-02-14,2017-03-15,2017-03-15
a1dd8b7ec1c1,2017-03-19,2017-03-19,2017-03-28
7b78dc5084d1,2017-03-01,2017-03-15,2017-03-28
eb95c2c89de7,2017-03-02,2017-03-15,2017-03-28
897bef2aabe7,2017-02-16,2017-03-15,2017-03-18
aeffc0ab797a,2017-03-25,2017-03-25,2017-03-28
b45ec1c8bffe,2017-03-05,2017-03-15,2017-03-17
3677cdfa7473,2017-03-23,2017-03-23,2017-03-28
b82a4413ce8a,2017-02-27,2017-03-15,2017-03-28
1438477cdbaf,2017-03-05,2017-03-15,2017-03-28
f7f090c989c7,2017-03-06,2017-03-15,2017-03-28
763ed8dc41b9,2017-02-26,2017-03-15,2017-03-28
34a6ee5c9c23,2017-03-11,2017-03-15,2017-03-28
c6818fb4d9ba,2017-02-21,2017-03-15,2017-03-23
a316179dd5a9,2017-03-06,2017-03-15,2017-03-28
df6d31a1661f,2017-02-15,2017-03-15,2017-03-17
592229a1f8fc,2017-02-20,2017-03-15,2017-03-22
649510e3b533,2017-03-24,2017-03-24,2017-03-28
bb6badf2dc93,2017-03-01,2017-03-15,2017-03-28
be810468c165,2017-03-07,2017-03-15,2017-03-28
fc4e2cd52e52,2017-03-09,2017-03-15,2017-03-28
6c949b03f58c,2017-03-06,2017-03-15,2017-03-28
ce7351d91265,2017-02-28,2017-03-15,2017-03-28
b6e691eb61f3,2017-03-07,2017-03-15,2017-03-28
65887b872c14,2017-02-26,2017-03-15,2017-03-27
d5d11316e897,2017-03-03,2017-03-15,2017-03-28
73e8d2cc654e,2017-02-19,2017-03-15,2017-03-21
54065b38827c,2017-03-24,2017-03-24,2017-03-28
f45b67c686c6,2017-03-13,2017-03-15,2017-03-26
24f8623f0b67,2017-03-13,2017-03-15,2017-03-28
c530d848336a,2017-03-27,2017-03-27,2017-03-28
8a309eff8bd7,2017-02-24,2017-03-15,2017-03-26
5b8d9a979702,2017-03-18,2017-03-18,2017-03-28
ac39a1e520be,2017-02-27,2017-03-15,2017-03-28
9d7ef75a2117,2017-03-14,2017-03-15,2017-03-28
4092357a08ec,2017-02-17,2017-03-15,2017-03-19
068e90508af1,2017-03-01,2017-03-15,2017-03-28
5ff5707a712b,2017-03-22,2017-03-22,2017-03-28
8b0826fd4fdf,2017-03-22,2017-03-22,2017-03-28
8ac3e736ef10,2017-03-28,2017-03-28,2017-03-28
48d3e7b88aee,2017-03-02,2017-03-15,2017-03-28
cb1065b189fe,2017-02-23,2017-03-15,2017-03-24
a004ea2b9ee1,2017-03-18,2017-03-18,2017-03-28
30b14afd685f,2017-02-23,2017-03-15,2017-03-25
176cffe58983,2017-02-17,2017-03-15,2017-03-19
4cd1844f7116,2017-03-17,2017-03-17,2017-03-28
2796bf1ef54a,2017-03-04,2017-03-15,2017-03-28
a35c9d54ff6b,2017-03-21,2017-03-21,2017-03-28
f079379b8c10,2017-02-27,2017-03-15,2017-03-28
08ffdd4aa2af,2017-02-28,2017-03-15,2017-03-28
f68961b0bbc6,2017-02-23,2017-03-15,2017-03-24
6668c25a1ffc,2017-03-26,2017-03-26,2017-03-28
2b145e412b2e,2017-03-12,2017-03-15,2017-03-16
970bd0d5a9c9,2017-02-27,2017-03-15,2017-03-28
78309cf0871b,2017-02-15,2017-03-15,2017-03-16
427bc6b471c6,2017-03-06,2017-03-15,2017-03-28
a7a7098fea7c,2017-03-21,2017-03-21,2017-03-28
8a973c7e5f98,2017-02-17,2017-03-15,2017-03-18
393f27320589,2017-03-05,2017-03-15,2017-03-28
f70b24ddac78,2017-03-20,2017-03-20,2017-03-28
1691277b3620,2017-03-22,2017-03-22,2017-03-28
c4d492ae6f81,2017-03-09,2017-03-15,2017-03-28
1a93c2690c6a,2017-03-04,2017-03-15,2017-03-28
fb44194079e5,2017-03-28,2017-03-28,2017-03-28
3389871de0f1,2017-02-24,2017-03-15,2017-03-25
b930d12b080f,2017-03-13,2017-03-15,2017-03-28
48463388e7bb,2017-03-22,2017-03-22,2017-03-28
5c3495743fb9,2017-03-16,2017-03-16,2017-03-28
38e22dd7feba,2017-03-09,2017-03-15,2017-03-28
d87c10059081,2017-03-06,2017-03-15,2017-03-28
b12d89935f3e,2017-03-21,2017-03-21,2017-03-28
e30423ad5f94,2017-03-07,2017-03-15,2017-03-28
bd12cf5575c5,2017-02-16,2017-03-15,2017-03-16
e1d1429b46d3,2017-02-18,2017-03-15,2017-03-20
87c439a7f3f9,2017-03-11,2017-03-15,2017-03-28
34c73c60f5dd,2017-03-01,2017-03-15,2017-03-27
5d300aa58080,2017-02-28,2017-03-15,2017-03-28
fd13701c20e2,2017-03-21,2017-03-21,2017-03-28
f245218af45c,2017-03-04,2017-03-15,2017-03-28
1aa0905657c2,2017-03-16,2017-03-16,2017-03-28
9abb6506d9bd,2017-03-02,2017-03-15,2017-03-28
e02df8a5c351,2017-03-08,2017-03-15,2017-03-28
d597d3fc43d1,2017-03-09,2017-03-15,2017-03-28
b22f72391c2b,2017-02-28,2017-03-15,2017-03-28
9d26d97d0849,2017-03-23,2017-03-23,2017-03-27
6f2b8b90032d,2017-03-05,2017-03-15,2017-03-28
3e7371dc7cb8,2017-03-03,2017-03-15,2017-03-28
1d1e168ef9aa,2017-03-24,2017-03-24,2017-03-28
7a53e1209743,2017-03-17,2017-03-17,2017-03-28
f15edb56d43e,2017-02-28,2017-03-15,2017-03-28
ec1ee2ca48af,2017-03-13,2017-03-15,2017-03-28
4dd75eca829d,2017-03-13,2017-03-15,2017-03-28
2e4a64fc2a0d,2017-03-20,2017-03-20,2017-03-28
80ee60122e67,2017-03-01,2017-03-15,2017-03-28
796d73943248,2017-03-08,2017-03-15,2017-03-28
669a2ef53355,2017-02-18,2017-03-15,2017-03-20
72c3f6c5cc4a,2017-02-15,2017-03-15,2017-03-16
546252f2e227,2017-03-26,2017-03-26,2017-03-28
5df16f529da1,2017-03-18,2017-03-18,2017-03-28
59b59dd565af,2017-03-12,2017-03-15,2017-03-28
f7474539c687,2017-03-23,2017-03-23,2017-03-28
fe3c6a722615,2017-03-19,2017-03-19,2017-03-28
991dd6c8d07e,2017-03-12,2017-03-15,2017-03-28
a996f51104fd,2017-03-02,2017-03-15,2017-03-28
02751c139300,2017-03-13,2017-03-15,2017-03-28
e7a2b6efa4f2,2017-03-09,2017-03-15,2017-03-28
e05e62032d3b,2017-03-15,2017-03-15,2017-03-16
e18c82d35cef,2017-03-07,2017-03-15,2017-03-28
101c301479a4,2017-03-06,2017-03-15,2017-03-28
a7eed101da76,2017-02-16,2017-03-15,2017-03-18
d68a268a6317,2017-02-23,2017-03-15,2017-03-25
fa31962ae8e8,2017-03-09,2017-03-15,2017-03-28
4d1a3bea1279,2017-03-13,2017-03-15,2017-03-28
4ee9b5a3d293,2017-03-27,2017-03-27,2017-03-28
6a63eb633fbe,2017-03-03,2017-03-15,2017-03-28
25e8c91e636c,2017-02-26,2017-03-15,2017-03-28
fa94bd572c23,2017-03-04,2017-03-15,2017-03-28
f051430c8820,2017-03-27,2017-03-27,2017-03-28
5cba7aa79b0a,2017-03-07,2017-03-15,2017-03-28
acfec1da9847,2017-03-20,2017-03-20,2017-03-28
b74b1806afe5,2017-03-27,2017-03-27,2017-03-28
db9e90fd9c12,2017-02-27,2017-03-15,2017-03-28
d8c1aa9e7b1f,2017-02-19,2017-03-15,2017-03-20
abb3b2f7c278,2017-02-14,2017-03-15,2017-03-15
e5dfd62b5705,2017-02-20,2017-03-15,2017-03-22
8784245bc0eb,2017-03-09,2017-03-15,2017-03-28
6bc0a097e912,2017-03-21,2017-03-21,2017-03-24
8a1b2f16861e,2017-02-20,2017-03-15,2017-03-22
ece28ea9b98c,2017-02-25,2017-03-15,2017-03-27
45248f5fec4e,2017-03-11,2017-03-15,2017-03-28
43411ecb1022,2017-03-21,2017-03-21,2017-03-28
376686ffe75b,2017-02-13,2017-03-15,2017-03-15
e489229c22b1,2017-03-08,2017-03-15,2017-03-28
37c6350387d1,2017-03-19,2017-03-19,2017-03-28
957b81a5c8c9,2017-03-14,2017-03-15,2017-03-28
90593d71a984,2017-03-15,2017-03-15,2017-03-28
d92560899a29,2017-03-13,2017-03-15,2017-03-28
536f0e6d0bb4,2017-03-19,2017-03-19,2017-03-28
3fa232267adc,2017-02-22,2017-03-15,2017-03-24
7e35cfb40adb,2017-03-14,2017-03-15,2017-03-28
7f7ea5860c30,2017-03-03,2017-03-15,2017-03-28
e471d5a9e0ee,2017-03-15,2017-03-15,2017-03-28
fb010372d356,2017-03-11,2017-03-15,2017-03-28
da8cc1efe94b,2017-03-11,2017-03-15,2017-03-28
78284bd45e5c,2017-03-27,2017-03-27,2017-03-28
a1d6849e1e8b,2017-03-12,2017-03-15,2017-03-28
e6a4431673fc,2017-02-18,2017-03-15,2017-03-20
2fb5b5e6c808,2017-03-13,2017-03-15,2017-03-28
98b703a31d59,2017-02-28,2017-03-15,2017-03-28
04ec9961f7f5,2017-03-25,2017-03-25,2017-03-28
812559945ca4,2017-02-25,2017-03-15,2017-03-27
ed5ae664cf04,2017-03-13,2017-03-15,2017-03-28
3d083d44bf7b,2017-02-16,2017-03-15,2017-03-18
a5a5b6ec607f,2017-03-25,2017-03-25,2017-03-28
b93c0e6f94da,2017-03-22,2017-03-22,2017-03-28
4574781880d0,2017-03-23,2017-03-23,2017-03-28
ec33a8943e5c,2017-02-26,2017-03-15,2017-03-24
3dd2765babe5,2017-03-12,2017-03-15,2017-03-28
e06cecefc5e0,2017-03-22,2017-03-22,2017-03-28
db68853578ec,2017-03-14,2017-03-15,2017-03-28
6df183716584,2017-02-20,2017-03-15,2017-03-17
2fdd9c98bbdb,2017-03-06,2017-03-15,2017-03-16
53b25a85767c,2017-02-25,2017-03-15,2017-03-26
468e8d5b62f3,2017-03-11,2017-03-15,2017-03-25
ab9df4e82535,2017-03-22,2017-03-22,2017-03-28
85ea7a6cad94,2017-03-04,2017-03-15,2017-03-28
493007cef7ba,2017-03-13,2017-03-15,2017-03-28
6da8f4645bae,2017-03-27,2017-03-27,2017-03-28
f674b65ccb0d,2017-03-28,2017-03-28,2017-03-28
cc09f4cbf9b4,2017-02-18,2017-03-15,2017-03-20
d3413419dbad,2017-03-21,2017-03-21,2017-03-28
69a40082f8b1,2017-02-16,2017-03-15,2017-03-18
62f90fa348bf,2017-02-16,2017-03-15,2017-03-18
521544e9a7d9,2017-03-04,2017-03-15,2017-03-28
3c5c082d4229,2017-02-27,2017-03-15,2017-03-28
97af3b88830a,2017-02-17,2017-03-15,2017-03-18
c4957edb682f,2017-03-15,2017-03-15,2017-03-28
dbb6f899f91e,2017-03-28,2017-03-28,2017-03-28
a7151107a511,2017-02-15,2017-03-15,2017-03-17
7f84fed4fcaa,2017-02-15,2017-03-15,2017-03-17
2aae79ac848d,2017-03-11,2017-03-15,2017-03-28
0d8f3b3f3857,2017-02-20,2017-03-15,2017-03-21
bc960b5746e5,2017-02-25,2017-03-15,2017-03-27
bd34c64048a2,2017-03-10,2017-03-15,2017-03-28
90f1f48faa4c,2017-02-05,2017-03-15,2017-03-17
1eeed2798f4e,2017-03-12,2017-03-15,2017-03-28
11851648fb24,2017-02-13,2017-03-15,2017-03-15
4671be3fc966,2017-02-26,2017-03-15,2017-03-28
860584dc3793,2017-03-12,2017-03-15,2017-03-28
240371dbdf87,2017-02-27,2017-03-15,2017-03-28
211190163fb8,2017-03-04,2017-03-15,2017-03-28
6d4b05c77fc8,2017-02-22,2017-03-15,2017-03-24
6f35b7ba60a3,2017-03-02,2017-03-15,2017-03-28
e1de14ea103e,2017-02-16,2017-03-15,2017-03-18
f82527bc07e8,2017-03-14,2017-03-15,2017-03-28
c32cda52636b,2017-02-18,2017-03-15,2017-03-19
04018d0cb07e,2017-03-22,2017-03-22,2017-03-28
3d1e6edfff13,2017-03-07,2017-03-15,2017-03-28
a16d6e968fca,2017-02-13,2017-03-15,2017-03-15
e29d58cc3dd3,2017-03-02,2017-03-15,2017-03-28
bef35a7e14a7,2017-03-12,2017-03-15,2017-03-28
7224b907e83a,2017-02-20,2017-03-15,2017-03-22
694381b45da9,2017-03-10,2017-03-15,2017-03-28
f29355248b51,2017-03-23,2017-03-23,2017-03-28
6c5a88c4dd36,2017-03-07,2017-03-15,2017-03-28
02a07a7f3f90,2017-03-02,2017-03-15,2017-03-28
160b2aa807b3,2017-02-27,2017-03-15,2017-03-28
ae42325eb867,2017-03-14,2017-03-15,2017-03-28
1a43ed3c153a,2017-02-17,2017-03-15,2017-03-19
c8308848628a,2017-03-23,2017-03-23,2017-03-28
e5698f1e26db,2017-03-19,2017-03-19,2017-03-28
64b7860cfdb9,2017-03-05,2017-03-15,2017-03-28
351161701517,2017-02-25,2017-03-15,2017-03-27
e3cc9af18ef7,2017-03-15,2017-03-15,2017-03-28
992b551a399b,2017-03-07,2017-03-15,2017-03-28
62adf2996215,2017-03-17,2017-03-17,2017-03-28
5068317cd5df,2017-03-14,2017-03-15,2017-03-28
160e3a860e76,2017-02-20,2017-03-15,2017-03-22
29f24286f075,2017-02-14,2017-03-15,2017-03-16
618bc0739dda,2017-03-15,2017-03-15,2017-03-28
7de04e86bbe3,2017-03-25,2017-03-25,2017-03-28
14db8bfcedbf,2017-02-27,2017-03-15,2017-03-28
4aac781416cc,2017-03-05,2017-03-15,2017-03-28
87564c5060f5,2017-02-21,2017-03-15,2017-03-23
868b46ff5a5e,2017-03-22,2017-03-22,2017-03-28
c5b6cd2031c9,2017-03-07,2017-03-15,2017-03-28
2b9a4c274c78,2017-02-25,2017-03-15,2017-03-27
bfbc012e9cc9,2017-03-17,2017-03-17,2017-03-28
e449ec890e74,2017-02-21,2017-03-15,2017-03-22
3e51c811a816,2017-03-02,2017-03-15,2017-03-28
37e2caede140,2017-03-04,2017-03-15,2017-03-28
78d28bbcb575,2017-02-15,2017-03-15,2017-03-17
a001b0d1faf2,2017-02-24,2017-03-15,2017-03-26
6052db4ea726,2017-03-01,2017-03-15,2017-03-28
4dfe7944683f,2017-03-14,2017-03-15,2017-03-28
ec44fd884611,2017-02-25,2017-03-15,2017-03-27
4caf52d238f6,2017-03-05,2017-03-15,2017-03-28
980e520108b3,2017-02-23,2017-03-15,2017-03-25
1ec0ea38aa26,2017-03-07,2017-03-15,2017-03-17
4dbb7f6e569c,2017-03-17,2017-03-17,2017-03-28
440a038f35f3,2017-02-17,2017-03-15,2017-03-18
b4a767f2d4d1,2017-02-26,2017-03-15,2017-03-28
ce45e3769cbd,2017-02-24,2017-03-15,2017-03-25
4332df13e547,2017-03-03,2017-03-15,2017-03-28
2282be2cd194,2017-03-09,2017-03-15,2017-03-28
f0dda4608112,2017-03-15,2017-03-15,2017-03-28
3605c3adfbfb,2017-02-15,2017-03-15,2017-03-17
4fa899490ca5,2017-03-02,2017-03-15,2017-03-28
3f9fe24e685f,2017-02-15,2017-03-15,2017-03-17
9452aff24722,2017-02-25,2017-03-15,2017-03-27
d880b650546e,2017-02-18,2017-03-15,2017-03-20
bbaeb1958cb8,2017-02-27,2017-03-15,2017-03-28
1b34f426c8ca,2017-02-20,2017-03-15,2017-03-21
eeea20376b43,2017-03-22,2017-03-22,2017-03-28
730e710db546,2017-02-17,2017-03-15,2017-03-19
05241c288811,2017-03-14,2017-03-15,2017-03-28
e2fa883d55e3,2017-02-16,2017-03-15,2017-03-18
7268ac4a70ce,2017-03-01,2017-03-15,2017-03-28
827298a25866,2017-02-21,2017-03-15,2017-03-23
100460e44b52,2017-03-20,2017-03-20,2017-03-28
fde88d99ec07,2017-03-21,2017-03-21,2017-03-28
eb92b5517eaa,2017-02-16,2017-03-15,2017-03-18
dd64011b72f4,2017-03-21,2017-03-22,2017-03-26
c882edc13005,2017-03-07,2017-03-15,2017-03-28
7dd7bf9cc615,2017-02-27,2017-03-15,2017-03-28
3279fe3499e1,2017-02-22,2017-03-15,2017-03-24
62efca43aca6,2017-03-11,2017-03-15,2017-03-28
02a464657ce1,2017-02-24,2017-03-15,2017-03-25
8cdadc6d6c1a,2017-02-26,2017-03-15,2017-03-27
7394a85011c3,2017-03-14,2017-03-15,2017-03-28
df5e31fb602f,2017-03-01,2017-03-15,2017-03-28
ef34fd524ba5,2017-03-08,2017-03-15,2017-03-28
77d8308c8511,2017-02-22,2017-03-15,2017-03-23
668362876160,2017-03-10,2017-03-15,2017-03-28
f51ba0948acc,2017-03-23,2017-03-23,2017-03-28
88c627a20884,2017-03-02,2017-03-15,2017-03-28
cfbcbfe8b03b,2017-02-14,2017-03-15,2017-03-16
be2df2611cf3,2017-03-16,2017-03-16,2017-03-28
3ffa470bfa86,2017-03-23,2017-03-23,2017-03-28
09a7d607742f,2017-03-19,2017-03-19,2017-03-20
09008e3552fc,2017-02-21,2017-03-15,2017-03-22
86eae6652e70,2017-03-06,2017-03-15,2017-03-28
67dffec2ca2c,2017-03-01,2017-03-15,2017-03-21
bf33bec909d8,2017-03-07,2017-03-15,2017-03-27
5289d57e2f92,2017-03-20,2017-03-20,2017-03-28
5dc68b6a2c49,2017-03-16,2017-03-16,2017-03-28
23ea8b2091d6,2017-03-01,2017-03-15,2017-03-28
8e8ca07abaf5,2017-03-15,2017-03-15,2017-03-28
774a462779d9,2017-02-19,2017-03-15,2017-03-21
781d84809fd9,2017-02-20,2017-03-15,2017-03-22
0c30025cdbd4,2017-03-15,2017-03-15,2017-03-28
62bbf624d587,2017-02-24,2017-03-15,2017-03-25
9ecfb0186af3,2017-03-10,2017-03-15,2017-03-28
15a6f5a4e389,2017-03-15,2017-03-15,2017-03-28
baef3c6a45c8,2017-02-26,2017-03-15,2017-03-28
be866aae0ecd,2017-03-21,2017-03-21,2017-03-28
b607243c199b,2017-03-12,2017-03-15,2017-03-16
d03681efe82e,2017-03-10,2017-03-15,2017-03-28
40bb8827923c,2017-03-02,2017-03-15,2017-03-28
b9908119e258,2017-02-13,2017-03-15,2017-03-15
248a0b3e53ed,2017-03-10,2017-03-15,2017-03-28
babbd83e07f6,2017-03-05,2017-03-15,2017-03-28
05bd5a224254,2017-02-22,2017-03-15,2017-03-23
9b7b7b11ae21,2017-03-10,2017-03-15,2017-03-28
9afde3c37773,2017-03-27,2017-03-27,2017-03-28
d42fed93d0e9,2017-03-18,2017-03-18,2017-03-28
84449f009f43,2017-03-28,2017-03-28,2017-03-28
b6ca4a54e5d8,2017-02-20,2017-03-15,2017-03-21
8bb826a6bd65,2017-03-13,2017-03-15,2017-03-28
eeeeba77b2e3,2017-02-27,2017-03-15,2017-03-28
20c468d820c7,2017-03-14,2017-03-15,2017-03-28
fba512ffd7d2,2017-03-27,2017-03-27,2017-03-28
d517d15d621c,2017-02-16,2017-03-15,2017-03-18
3a5c109978c1,2017-02-19,2017-03-15,2017-03-21
5205f2216806,2017-03-06,2017-03-15,2017-03-28
23f97a678e58,2017-03-05,2017-03-15,2017-03-28
8df4ee03d495,2017-03-11,2017-03-15,2017-03-28
6eb4c608db11,2017-02-23,2017-03-15,2017-03-25
db6c0354dcba,2017-02-25,2017-03-15,2017-03-27
0976b33c1f35,2017-03-17,2017-03-17,2017-03-28
326379670f83,2017-03-08,2017-03-15,2017-03-16
ff7e4d98a8bd,2017-03-12,2017-03-15,2017-03-28
f6055a487e4d,2017-03-03,2017-03-15,2017-03-28
6724c28665e0,2017-03-20,2017-03-20,2017-03-28
3c9ed97ff0a3,2017-03-13,2017-03-15,2017-03-28
34ad4f4f3b46,2017-02-19,2017-03-15,2017-03-21
6f312888f834,2017-03-12,2017-03-15,2017-03-28
abdf914a1393,2017-03-14,2017-03-15,2017-03-28
33b33d4c8a85,2017-03-23,2017-03-23,2017-03-23
e3ad7a2183e8,2017-03-11,2017-03-15,2017-03-28
6a0b2a7688b5,2017-02-15,2017-03-15,2017-03-16
2d33721954ad,2017-03-17,2017-03-17,2017-03-28
3a49f93e3d2b,2017-03-13,2017-03-15,2017-03-28
999fbe23fe07,2017-02-26,2017-03-15,2017-03-28
1efdceb047bf,2017-03-06,2017-03-15,2017-03-20
07bd3c457c03,2017-02-18,2017-03-15,2017-03-20
0003f4cf3ebc,2017-03-16,2017-03-16,2017-03-28
1a45ff8153b7,2017-03-11,2017-03-15,2017-03-28
49f870f5cf3b,2017-03-10,2017-03-15,2017-03-28
d3773c3cd71b,2017-02-24,2017-03-15,2017-03-26
bbae4a4befc5,2017-03-11,2017-03-15,2017-03-28
b3ca0aa6b660,2017-03-11,2017-03-15,2017-03-28
7081254bcf06,2017-02-25,2017-03-15,2017-03-27
384a88f741b1,2017-02-17,2017-03-15,2017-03-19
ea083a7303a1,2017-03-21,2017-03-21,2017-03-28
7aca3bc21ae0,2017-03-28,2017-03-28,2017-03-28
83b78ac27235,2017-02-25,2017-03-15,2017-03-26
dd2651224d80,2017-02-18,2017-03-15,2017-03-20
b9c7a4927877,2017-03-19,2017-03-19,2017-03-28
387d7a9f9d78,2017-03-21,2017-03-21,2017-03-28
c0b35ca0cce4,2017-03-13,2017-03-15,2017-03-28
2e9bd89b35a1,2017-03-03,2017-03-15,2017-03-28
31ba2fc884fe,2017-03-03,2017-03-15,2017-03-28
0924a7b2c341,2017-02-22,2017-03-15,2017-03-24
aa829fa786bd,2017-02-19,2017-03-15,2017-03-21
1c5cd6742afa,2017-03-16,2017-03-16,2017-03-28
c48ad6f311e9,2017-02-24,2017-03-15,2017-03-26
5103d1107668,2017-03-18,2017-03-18,2017-03-28
be8fd77d435b,2017-02-21,2017-03-15,2017-03-22
dccce4143be2,2017-03-12,2017-03-15,2017-03-28
0eaca2e4ac2b,2017-03-17,2017-03-17,2017-03-28
88c545c60563,2017-02-14,2017-03-15,2017-03-16
955545a12c00,2017-03-06,2017-03-15,2017-03-28
aa4cb802e43f,2017-03-07,2017-03-15,2017-03-28
3ec63f56bebf,2017-02-17,2017-03-15,2017-03-19
f025268e2f23,2017-03-26,2017-03-26,2017-03-28
8cff99999e58,2017-03-01,2017-03-15,2017-03-28
d9328b2422e9,2017-03-17,2017-03-17,2017-03-28
5da16deb6c2c,2017-03-16,2017-03-16,2017-03-21
737215130802,2017-03-20,2017-03-20,2017-03-28
965448118ced,2017-03-19,2017-03-19,2017-03-28
93f813007eea,2017-03-22,2017-03-22,2017-03-28
8d60eaa5c560,2017-03-12,2017-03-15,2017-03-28
99ddb50b3ebb,2017-03-10,2017-03-15,2017-03-28
5010be281fd0,2017-03-06,2017-03-15,2017-03-28
6788621f86e0,2017-03-06,2017-03-15,2017-03-28
92575152e986,2017-03-24,2017-03-24,2017-03-28
10e9d254417e,2017-03-13,2017-03-15,2017-03-28
00e26c8a1126,2017-02-14,2017-03-15,2017-03-15
6782d54d507c,2017-03-17,2017-03-18,2017-03-28
0734947d1140,2017-02-26,2017-03-15,2017-03-28
34ca08a5a70b,2017-02-15,2017-03-15,2017-03-17
f65a43909904,2017-03-04,2017-03-15,2017-03-23
e762126c3507,2017-02-14,2017-03-15,2017-03-18
1639d135c61d,2017-03-03,2017-03-15,2017-03-28
5366fcfce294,2017-03-18,2017-03-18,2017-03-28
4d328c1057b5,2017-02-16,2017-03-15,2017-03-18
c3ad39336e53,2017-03-09,2017-03-15,2017-03-28
c3a7fcaa9a58,2017-03-13,2017-03-15,2017-03-28
0fae983cc0a7,2017-02-25,2017-03-15,2017-03-16
5b5a20d289b9,2017-03-26,2017-03-26,2017-03-28
d3c5a162c084,2017-02-15,2017-03-15,2017-03-17
255d3feaffb6,2017-03-14,2017-03-15,2017-03-28
7ddedad9f6c0,2017-02-24,2017-03-15,2017-03-26
e0bc8d0d7514,2017-03-16,2017-03-16,2017-03-28
9638ce12771a,2017-03-08,2017-03-15,2017-03-28
e6ed093efcc6,2017-02-25,2017-03-15,2017-03-26
07effbf3a9d3,2017-03-03,2017-03-15,2017-03-28
ae31c934d4c2,2017-03-08,2017-03-15,2017-03-28
4bb6e94ecd03,2017-03-13,2017-03-15,2017-03-28
84a22e6880b9,2017-03-15,2017-03-15,2017-03-28
20a119f21c1b,2017-02-23,2017-03-15,2017-03-25
a549d869f162,2017-03-06,2017-03-15,2017-03-28
6a2771896087,2017-03-21,2017-03-21,2017-03-28
947e0375178d,2017-02-15,2017-03-15,2017-03-17
7021c9d82fe9,2017-03-24,2017-03-24,2017-03-28
17c5fc1f5256,2017-02-21,2017-03-15,2017-03-23
4805d66a8ed1,2017-02-23,2017-03-15,2017-03-25
00153f97074d,2017-03-13,2017-03-15,2017-03-28
1c2041a5b43a,2017-03-13,2017-03-15,2017-03-28
8345beb4d5d8,2017-03-05,2017-03-15,2017-03-28
d5924a9f68aa,2017-03-16,2017-03-16,2017-03-28
39222269383f,2017-03-03,2017-03-15,2017-03-28
e2bc27cfe0fe,2017-02-19,2017-03-15,2017-03-19
e00fe0769dba,2017-03-15,2017-03-15,2017-03-28
c8506178a428,2017-03-07,2017-03-15,2017-03-28
f4798864afe7,2017-02-13,2017-03-15,2017-03-15
2ced432c3cd2,2017-03-16,2017-03-16,2017-03-28
270a6fe39101,2017-03-20,2017-03-21,2017-03-28
a1826808cc76,2017-02-21,2017-03-15,2017-03-23
308499933d82,2017-02-15,2017-03-15,2017-03-16
d28ce4888b5b,2017-02-15,2017-03-15,2017-03-17
f33a3c48e8fe,2017-03-06,2017-03-15,2017-03-28
225a386691c3,2017-03-01,2017-03-15,2017-03-28
683aa2b78ebe,2017-02-25,2017-03-15,2017-03-26
34532328a834,2017-03-21,2017-03-21,2017-03-28
829a142853b8,2017-03-17,2017-03-17,2017-03-17
29e8b9cd3cd2,2017-03-21,2017-03-21,2017-03-28
465e2f172ea8,2017-03-25,2017-03-25,2017-03-28
19b8fcaed04d,2017-03-02,2017-03-15,2017-03-28
57b00925d230,2017-03-20,2017-03-20,2017-03-28
9627c6e1af35,2017-03-12,2017-03-15,2017-03-28
a9ec430b9b48,2017-03-05,2017-03-15,2017-03-28
44b5add20a72,2017-02-21,2017-03-15,2017-03-23
a4b387df5681,2017-02-15,2017-03-15,2017-03-17
548d99f9b7e3,2017-02-19,2017-03-15,2017-03-21
05a451171f22,2017-02-26,2017-03-15,2017-03-28
9ada0e00fbaa,2017-03-22,2017-03-22,2017-03-28
35ffe2a54712,2017-03-23,2017-03-23,2017-03-28
e390b0354d1c,2017-02-16,2017-03-15,2017-03-18
1b9fb957c162,2017-03-04,2017-03-15,2017-03-21
c06a7954a476,2017-02-27,2017-03-15,2017-03-28
0949f742531d,2017-03-09,2017-03-15,2017-03-28
4911c95fbae7,2017-02-17,2017-03-15,2017-03-18
76a4444caecc,2017-02-21,2017-03-15,2017-03-22
b8c7e6330e53,2017-02-21,2017-03-15,2017-03-23
b830324012ad,2017-02-21,2017-03-15,2017-03-23
96d33ea2913b,2017-03-13,2017-03-15,2017-03-19
7000d4c3faa2,2017-03-01,2017-03-15,2017-03-28
34ab06825723,2017-03-25,2017-03-25,2017-03-27
65b3ce30ff49,2017-03-18,2017-03-18,2017-03-28
0afbbebd6e7c,2017-03-20,2017-03-20,2017-03-28
febb945bbff2,2017-03-10,2017-03-15,2017-03-28
cd98f57d945d,2017-03-09,2017-03-15,2017-03-28
b5a9ffe8294b,2017-03-18,2017-03-18,2017-03-28
1bdefb24905b,2017-02-26,2017-03-15,2017-03-28
8bb3113493b0,2017-03-19,2017-03-19,2017-03-20
f7bb03804e61,2017-03-26,2017-03-26,2017-03-28
7d8ecca90648,2017-03-16,2017-03-16,2017-03-28
332a6d13df93,2017-03-08,2017-03-15,2017-03-28
7cd8bd287678,2017-03-03,2017-03-15,2017-03-28
ca0de2e300bb,2017-02-28,2017-03-15,2017-03-28
eb0ed2d83b68,2017-03-21,2017-03-21,2017-03-28
267906aa2b3a,2017-03-25,2017-03-26,2017-03-28
b323d8efed1f,2017-02-17,2017-03-15,2017-03-19
2a83d1f2cf63,2017-02-16,2017-03-15,2017-03-18
2d35971fc1b1,2017-02-26,2017-03-15,2017-03-28
2c1721283e71,2017-02-17,2017-03-15,2017-03-19
a341d35098ee,2017-03-11,2017-03-15,2017-03-28
986e6d920917,2017-02-14,2017-03-15,2017-03-16
574ac83c3365,2017-03-23,2017-03-23,2017-03-28
cca6ac32d942,2017-03-02,2017-03-15,2017-03-28
78ef5a3e151a,2017-03-08,2017-03-15,2017-03-28
7c9036173f8c,2017-03-15,2017-03-15,2017-03-28
5c1764fefa9f,2017-03-10,2017-03-15,2017-03-28
190b3cdbe348,2017-03-13,2017-03-15,2017-03-20
b6bcce2733c8,2017-03-12,2017-03-15,2017-03-25
d74414f03672,2017-03-20,2017-03-20,2017-03-28
8162191b91ea,2017-02-27,2017-03-15,2017-03-28
d5dd58fff3ca,2017-03-21,2017-03-21,2017-03-28
27251a027e39,2017-03-01,2017-03-15,2017-03-28
1ab2b43e2ff9,2017-03-13,2017-03-15,2017-03-28
4f9e991abb7f,2017-03-22,2017-03-22,2017-03-28
bcf864d613f6,2017-03-16,2017-03-16,2017-03-28
3df8381b93c3,2017-03-18,2017-03-18,2017-03-28
ecaab9ae2b6d,2017-03-25,2017-03-25,2017-03-28
46493ad5a2ef,2017-03-09,2017-03-15,2017-03-28
af682d06372d,2017-03-01,2017-03-15,2017-03-28
a0b1545d8483,2017-03-15,2017-03-15,2017-03-28
ca2c7a6c463d,2017-02-28,2017-03-15,2017-03-28
30b9940712a0,2017-03-09,2017-03-15,2017-03-28
0730ee92c358,2017-02-17,2017-03-15,2017-03-19
268d0370915e,2017-03-13,2017-03-15,2017-03-28
27e73aa4257f,2017-03-24,2017-03-24,2017-03-28
0518668df1c9,2017-03-24,2017-03-24,2017-03-28
7b9af827c4b6,2017-02-21,2017-03-15,2017-03-23
0f166e82d2a8,2017-03-04,2017-03-15,2017-03-17
d3efc82419c8,2017-03-06,2017-03-15,2017-03-28
a1b73c601d2d,2017-03-19,2017-03-19,2017-03-28
d20d8023838a,2017-03-17,2017-03-17,2017-03-28
72dfd9bfd767,2017-02-14,2017-03-15,2017-03-16
98f8567c037c,2017-02-22,2017-03-15,2017-03-23
689ab3d6c3de,2017-03-28,2017-03-28,2017-03-28
8304253478b8,2017-03-22,2017-03-22,2017-03-28
568a3e125dc0,2017-03-26,2017-03-26,2017-03-28
66fe0b771096,2017-02-27,2017-03-15,2017-03-28
0f4f46f26a58,2017-03-03,2017-03-15,2017-03-28
2fbeb301aecd,2017-02-26,2017-03-15,2017-03-27
f98809fdb341,2017-03-24,2017-03-24,2017-03-28
11e6dc7c94e2,2017-03-03,2017-03-15,2017-03-28
d411a82f3645,2017-02-17,2017-03-15,2017-03-18
26364f1fbc59,2017-02-26,2017-03-15,2017-03-28
e0585a2f37fa,2017-02-13,2017-03-15,2017-03-15
8ce07d7153bb,2017-02-27,2017-03-15,2017-03-28
ed915d642233,2017-03-26,2017-03-26,2017-03-28
78d477eaa090,2017-03-09,2017-03-15,2017-03-28
6b69bcb3f6b8,2017-02-26,2017-03-15,2017-03-28
edd2e87b1eb2,2017-02-19,2017-03-15,2017-03-20
3359cc8aa9b4,2017-03-24,2017-03-24,2017-03-28
c09fc813eff4,2017-03-13,2017-03-15,2017-03-28
7cb366c9a2b3,2017-03-10,2017-03-15,2017-03-28
6fb73d750224,2017-03-23,2017-03-23,2017-03-27
5b64e9780f03,2017-02-23,2017-03-15,2017-03-25
816bf3c4edad,2017-03-28,2017-03-28,2017-03-28
e42da628725b,2017-03-14,2017-03-15,2017-03-28
3c1ef0e3cee1,2017-03-22,2017-03-22,2017-03-28
8473ed5814f2,2017-03-27,2017-03-27,2017-03-28
a2c8d89feb9d,2017-03-10,2017-03-15,2017-03-28
64e9e7cc56e6,2017-02-18,2017-03-15,2017-03-20
efdaf1efbd56,2017-03-06,2017-03-15,2017-03-28
d9f3f5b71f78,2017-02-28,2017-03-15,2017-03-28
4590e76ac39f,2017-03-01,2017-03-15,2017-03-28
cd279bdd6951,2017-02-22,2017-03-15,2017-03-24
ca6c7dd0e5e4,2017-03-07,2017-03-15,2017-03-28
f2cc7cb6b8b9,2017-02-18,2017-03-15,2017-03-20
e6e33a7def3b,2017-03-12,2017-03-15,2017-03-28
b1afbd979ac9,2017-02-22,2017-03-15,2017-03-23
81fc60af189d,2017-03-06,2017-03-15,2017-03-28
c8d39c1c87cb,2017-03-06,2017-03-15,2017-03-28
f8090577ec57,2017-03-06,2017-03-15,2017-03-28
f993f8a179c3,2017-02-13,2017-03-15,2017-03-15
8f6ad50ac933,2017-02-27,2017-03-15,2017-03-28
63c437f7d726,2017-02-19,2017-03-15,2017-03-21
1d92d3fcbcd2,2017-03-10,2017-03-15,2017-03-28
4a6b5128ee97,2017-03-11,2017-03-15,2017-03-28
0d1145d96405,2017-03-22,2017-03-22,2017-03-28
8cf66ac361fa,2017-03-10,2017-03-15,2017-03-28
af1f502f76dc,2017-03-07,2017-03-15,2017-03-28
f038f37b8a71,2017-03-24,2017-03-24,2017-03-27
bd7c7c65116b,2017-02-22,2017-03-15,2017-03-24
22f0605bdd01,2017-02-27,2017-03-15,2017-03-28
d5aba7693254,2017-02-27,2017-03-15,2017-03-28
e3e8f7ff4529,2017-03-14,2017-03-15,2017-03-28
4d6a8bc09851,2017-02-17,2017-03-15,2017-03-19
85ddfa7d2898,2017-03-04,2017-03-15,2017-03-28
c2df53752de3,2017-02-24,2017-03-15,2017-03-26
951f8713e831,2017-02-27,2017-03-15,2017-03-28
50e6a03d164d,2017-02-17,2017-03-15,2017-03-19
12786f6b84d2,2017-02-19,2017-03-15,2017-03-21
57b9ba4ee27c,2017-03-26,2017-03-26,2017-03-28
6e59d6945224,2017-03-21,2017-03-21,2017-03-28
ae0082031957,2017-02-28,2017-03-15,2017-03-28
b378f9e9cda6,2017-02-24,2017-03-15,2017-03-26
d160cadb4261,2017-03-04,2017-03-15,2017-03-28
9f424b42a36e,2017-02-21,2017-03-15,2017-03-23
3bf94eb82427,2017-03-06,2017-03-15,2017-03-28
86a3fe746d6c,2017-03-22,2017-03-22,2017-03-28
5e39c1dc5f69,2017-03-23,2017-03-23,2017-03-24
613434654a58,2017-02-14,2017-03-15,2017-03-16
9972f74057db,2017-03-23,2017-03-23,2017-03-28
c6dc82dc9645,2017-02-18,2017-03-15,2017-03-20
0fad38e4aed7,2017-03-17,2017-03-17,2017-03-28
d0507420e438,2017-03-20,2017-03-20,2017-03-28
e219cdb4d2d0,2017-02-22,2017-03-15,2017-03-24
5f1b7134fe35,2017-03-07,2017-03-15,2017-03-28
af22dd95e27f,2017-03-20,2017-03-20,2017-03-28
a32b6e432847,2017-03-16,2017-03-16,2017-03-28
30024d674c8b,2017-03-13,2017-03-15,2017-03-28
6bfa2e7d6815,2017-02-23,2017-03-15,2017-03-25
36c42a5f125b,2017-03-08,2017-03-15,2017-03-28
485bac407215,2017-02-20,2017-03-15,2017-03-22
4d9ba8774937,2017-03-14,2017-03-15,2017-03-28
fb4dbb7cbecd,2017-03-18,2017-03-18,2017-03-28
9311cc9f384e,2017-03-03,2017-03-15,2017-03-28
eb0d5232f689,2017-03-23,2017-03-23,2017-03-28
69c523c5732e,2017-03-05,2017-03-15,2017-03-28
703ac747395c,2017-03-14,2017-03-15,2017-03-28
86fa97ce8f32,2017-02-16,2017-03-15,2017-03-18
75181131bc23,2017-03-03,2017-03-15,2017-03-28
88f47a65fd84,2017-02-26,2017-03-15,2017-03-28
28d9ea59a8f4,2017-03-17,2017-03-17,2017-03-28
bf52d803792b,2017-03-05,2017-03-15,2017-03-28
fb2a383a4ac7,2017-03-12,2017-03-15,2017-03-28
37a27606886a,2017-03-10,2017-03-15,2017-03-28
a2846208ed70,2017-02-27,2017-03-15,2017-03-28
e86e437f99bb,2017-03-18,2017-03-18,2017-03-28
8adf0259c01b,2017-03-02,2017-03-15,2017-03-28
b22d7054e0b8,2017-03-01,2017-03-15,2017-03-28
5fc03027c938,2017-03-12,2017-03-15,2017-03-28
ee7ffd21a9cc,2017-03-26,2017-03-26,2017-03-28
24e1daed50ae,2017-02-26,2017-03-15,2017-03-28
03f030ac9267,2017-03-23,2017-03-23,2017-03-28
d31f00e9afc7,2017-02-19,2017-03-15,2017-03-21
b1beede0296c,2017-03-03,2017-03-15,2017-03-28
9f452fde463b,2017-03-13,2017-03-15,2017-03-28
e8ac009469ff,2017-03-19,2017-03-19,2017-03-20
c36379043767,2017-02-24,2017-03-15,2017-03-26
a60621ddebae,2017-03-10,2017-03-15,2017-03-28
9427572f9270,2017-03-08,2017-03-15,2017-03-28
e554f637bc9c,2017-03-23,2017-03-23,2017-03-28
658ef1fd9d3f,2017-03-05,2017-03-15,2017-03-28
9f5eadca3b28,2017-03-26,2017-03-26,2017-03-28
b7d7c1f189fa,2017-02-25,2017-03-15,2017-03-24
2f3e6a4a5b4d,2017-02-21,2017-03-15,2017-03-23
d5f9a42fb821,2017-03-19,2017-03-19,2017-03-28
3dade2a549be,2017-03-23,2017-03-23,2017-03-28
e6bc4b2e35b8,2017-01-19,2017-03-15,2017-03-20
efbe9f931678,2017-03-09,2017-03-15,2017-03-28
795fae771884,2017-02-17,2017-03-15,2017-03-19
8202e01481f7,2017-03-02,2017-03-15,2017-03-28
f08461293833,2017-03-03,2017-03-15,2017-03-28
25fdd74d99c1,2017-03-03,2017-03-15,2017-03-28
4d46bfeb5c0f,2017-03-14,2017-03-15,2017-03-28
13dc61ade0e0,2017-03-14,2017-03-15,2017-03-28
d916c48d71ed,2017-03-25,2017-03-25,2017-03-28
afa8e97d2b98,2017-03-11,2017-03-15,2017-03-28
ec9c05ca2ff8,2017-03-03,2017-03-15,2017-03-28
5f1067d77889,2017-02-14,2017-03-15,2017-03-16
38579f1fd832,2017-03-24,2017-03-24,2017-03-24
e3830cfa41f8,2017-03-09,2017-03-15,2017-03-28
57ba582eb2c0,2017-02-20,2017-03-15,2017-03-22
8b9fa0029496,2017-03-04,2017-03-15,2017-03-28
0ecfd5853f81,2017-03-08,2017-03-15,2017-03-28
9df21caa10f5,2017-03-09,2017-03-15,2017-03-28
71e7296ade90,2017-03-28,2017-03-28,2017-03-28
02be19a2db78,2017-02-23,2017-03-15,2017-03-25
6f0617d25ea9,2017-03-16,2017-03-16,2017-03-28
3986a1ae8b0b,2017-02-15,2017-03-15,2017-03-17
e011d996b5b7,2017-03-11,2017-03-15,2017-03-28
5469d721aa05,2017-02-27,2017-03-15,2017-03-28
943909e94b78,2017-03-05,2017-03-15,2017-03-28
eb66b7bd4642,2017-03-23,2017-03-23,2017-03-28
55941e3f4b74,2017-02-23,2017-03-15,2017-03-25
c08edb2480b7,2017-03-09,2017-03-15,2017-03-28
daeb72aba19d,2017-03-01,2017-03-15,2017-03-28
1faf4de9d705,2017-03-14,2017-03-15,2017-03-28
08288a7dced0,2017-02-28,2017-03-15,2017-03-28
194ac99678d4,2017-03-10,2017-03-15,2017-03-28
3cfdf3782536,2017-02-23,2017-03-15,2017-03-25
c40938b1fff6,2017-03-02,2017-03-15,2017-03-28
4468fd6cddb5,2017-02-23,2017-03-15,2017-03-24
432b1dba1772,2017-03-14,2017-03-15,2017-03-28
9a466bee9f52,2017-03-06,2017-03-15,2017-03-28
9369c9bf6e7f,2017-03-09,2017-03-15,2017-03-28
fc39ece5a437,2017-03-14,2017-03-15,2017-03-19
575483aca854,2017-02-24,2017-03-15,2017-03-26
de0e586230b9,2017-03-18,2017-03-18,2017-03-28
e4cea848eba6,2017-03-27,2017-03-27,2017-03-28
5c2f7b30b1f8,2017-03-22,2017-03-22,2017-03-28
7ee65e9daa28,2017-02-20,2017-03-15,2017-03-21
ba398db8b538,2017-03-26,2017-03-26,2017-03-28
75ff91be5d33,2017-03-09,2017-03-15,2017-03-28
6350041b2a4e,2017-03-02,2017-03-15,2017-03-28
5129891aad45,2017-03-03,2017-03-15,2017-03-28
fb00b78fd9b3,2017-02-20,2017-03-15,2017-03-22
36130b63f91f,2017-03-13,2017-03-15,2017-03-28
feae7262119a,2017-02-24,2017-03-15,2017-03-26
5bad632b8e82,2017-02-25,2017-03-15,2017-03-26
4ad765dd89a6,2017-03-12,2017-03-15,2017-03-28
c876d2531e99,2017-03-09,2017-03-15,2017-03-28
1850fd0bbde0,2017-03-23,2017-03-23,2017-03-28
a806b2bc175f,2017-02-27,2017-03-15,2017-03-28
f69ba32250bf,2017-03-10,2017-03-15,2017-03-28
e1e4549c8e61,2017-03-24,2017-03-24,2017-03-28
1e91b126919d,2017-02-16,2017-03-15,2017-03-18
d1302efcf7a4,2017-02-16,2017-03-15,2017-03-17
9ed6a653ec44,2017-03-19,2017-03-19,2017-03-28
bed234bd6930,2017-03-05,2017-03-15,2017-03-28
52eab1b1dae9,2017-03-27,2017-03-27,2017-03-28
c9d8477dbbb3,2017-03-11,2017-03-15,2017-03-28
4b73bd909787,2017-03-17,2017-03-17,2017-03-28
7c7b1ebe7fc4,2017-03-18,2017-03-18,2017-03-28
78468ef383b3,2017-03-18,2017-03-18,2017-03-28
cf04587406bc,2017-03-04,2017-03-15,2017-03-28
d1609d43ec44,2017-02-20,2017-03-15,2017-03-21
e64633f2d6d4,2017-03-15,2017-03-15,2017-03-28
ff40c981adc7,2017-02-20,2017-03-15,2017-03-21
3bcfac6c7abc,2017-02-17,2017-03-15,2017-03-19
e74b1bb42cf2,2017-03-13,2017-03-15,2017-03-28
c80ae1a42c86,2017-03-19,2017-03-19,2017-03-28
4cbf828b1f24,2017-03-14,2017-03-15,2017-03-23
d5288c4ef69c,2017-02-26,2017-03-15,2017-03-28
9e10513f744c,2017-03-24,2017-03-24,2017-03-28
db504854e2bb,2017-03-12,2017-03-15,2017-03-19
b85d9e47098c,2017-03-16,2017-03-16,2017-03-22
5c9108150a22,2017-02-23,2017-03-15,2017-03-24
9c897cd42c3e,2017-03-07,2017-03-15,2017-03-28
086919b7db04,2017-02-14,2017-03-15,2017-03-16
f4059b099b48,2017-03-20,2017-03-20,2017-03-28
3354ae820f39,2017-02-25,2017-03-15,2017-03-26
661bfce3a750,2017-02-26,2017-03-15,2017-03-28
69f90b3bd6e4,2017-02-14,2017-03-15,2017-03-16
ed2f52adb127,2017-03-14,2017-03-15,2017-03-22
0b737ccecdd5,2017-03-18,2017-03-18,2017-03-28
70cabe6718e5,2017-03-27,2017-03-27,2017-03-28
d6cebaa38407,2017-03-01,2017-03-15,2017-03-15
ad453c7c2656,2017-02-16,2017-03-15,2017-03-18
f0e731b3797b,2017-03-13,2017-03-15,2017-03-28
01ada69c9238,2017-03-27,2017-03-27,2017-03-28
52ff4da30e17,2017-03-09,2017-03-15,2017-03-28
3da9ce77264c,2017-03-10,2017-03-15,2017-03-28
0e56673a46ff,2017-02-24,2017-03-15,2017-03-26
27721a5a203e,2017-03-12,2017-03-15,2017-03-28
1fe735da2085,2017-03-18,2017-03-18,2017-03-28
741a54ec90ed,2017-02-21,2017-03-15,2017-03-22
6e1346a4fe9f,2017-03-02,2017-03-15,2017-03-28
ba98db635733,2017-02-23,2017-03-15,2017-03-25
e1b34a270a19,2017-03-14,2017-03-15,2017-03-28
14efc28862f3,2017-03-13,2017-03-15,2017-03-28
4c860f5deee7,2017-03-10,2017-03-15,2017-03-28
071061a2ae83,2017-03-16,2017-03-16,2017-03-28
f3a652a41334,2017-03-01,2017-03-15,2017-03-28
8dbdb058af4c,2017-02-23,2017-03-15,2017-03-25
2edc2471e0ed,2017-03-22,2017-03-22,2017-03-28
6393763800fb,2017-02-16,2017-03-15,2017-03-18
e6bcfd466608,2017-03-09,2017-03-15,2017-03-28
7f2c0334c628,2017-03-22,2017-03-22,2017-03-28
77e82ca23bea,2017-03-24,2017-03-24,2017-03-28
14b52b12f9e9,2017-03-23,2017-03-23,2017-03-28
5a38d3c62937,2017-03-23,2017-03-23,2017-03-28
31ab2f2ee92f,2017-02-17,2017-03-15,2017-03-19
36b37c9b82c9,2017-02-19,2017-03-15,2017-03-21
fc53fe97c902,2017-03-05,2017-03-15,2017-03-28
79e667426349,2017-03-22,2017-03-22,2017-03-28
dd6992b2b242,2017-03-06,2017-03-15,2017-03-28
cb5b405adea2,2017-02-17,2017-03-15,2017-03-18
e420fc5dbe52,2017-03-28,2017-03-28,2017-03-28
0efaa539b4ce,2017-03-25,2017-03-25,2017-03-28
d6d559cb60ac,2017-02-17,2017-03-15,2017-03-19
4b7311824fa8,2017-03-14,2017-03-15,2017-03-21
e3921f75fa89,2017-02-21,2017-03-15,2017-03-23
5b076d425f10,2017-03-05,2017-03-15,2017-03-28
1043178de5da,2017-03-02,2017-03-15,2017-03-28
bcd6bc743a3a,2017-03-07,2017-03-15,2017-03-28
7dfc46bd70dc,2017-03-16,2017-03-16,2017-03-28
bf7207d7abf8,2017-03-14,2017-03-15,2017-03-28
fffe6c721f7d,2017-02-17,2017-03-15,2017-03-17
3ae85f5fa386,2017-03-04,2017-03-15,2017-03-28
2703ee6d9d4a,2017-03-11,2017-03-15,2017-03-28
4ad0b2fe7eb7,2017-03-17,2017-03-17,2017-03-28
61f4b54a7c12,2017-02-24,2017-03-15,2017-03-26
d3746e395e0d,2017-03-23,2017-03-23,2017-03-28
9546ba260940,2017-03-27,2017-03-27,2017-03-28
b6d2849b5821,2017-03-27,2017-03-27,2017-03-28
ebf544690762,2017-02-25,2017-03-15,2017-03-27
1a623a589cf1,2017-03-25,2017-03-25,2017-03-28
ac2b4908994f,2017-03-24,2017-03-24,2017-03-28
4a1bea280644,2017-02-15,2017-03-15,2017-03-17
91594ac94206,2017-03-11,2017-03-15,2017-03-28
0b3e8d59c7fc,2017-03-23,2017-03-23,2017-03-28
41d17493bb59,2017-03-03,2017-03-15,2017-03-28
681120ec9693,2017-02-15,2017-03-15,2017-03-17
a052bb391273,2017-02-26,2017-03-15,2017-03-28
2daa995aee47,2017-03-12,2017-03-15,2017-03-25
0bbb08dc7fc4,2017-02-25,2017-03-15,2017-03-26
dcd01ca2a72d,2017-03-21,2017-03-21,2017-03-28
6587c1289a4e,2017-03-23,2017-03-23,2017-03-28
19511b754fc7,2017-02-18,2017-03-15,2017-03-20
a0d6aeab3d27,2017-02-26,2017-03-15,2017-03-28
85107687a82d,2017-02-21,2017-03-15,2017-03-23
f319c3f2397f,2017-03-13,2017-03-15,2017-03-28
da055ebe068d,2017-03-12,2017-03-15,2017-03-28
b1a1552d4c22,2017-03-03,2017-03-15,2017-03-28
61055aa6f280,2017-03-22,2017-03-22,2017-03-28
f99b8ebf3548,2017-03-22,2017-03-22,2017-03-28
63f6e7d30307,2017-02-15,2017-03-15,2017-03-17
c6079bc9a39e,2017-02-22,2017-03-15,2017-03-24
4ad19bfc8e29,2017-03-22,2017-03-22,2017-03-28
9a731bc67582,2017-03-15,2017-03-15,2017-03-28
3a45283ca572,2017-03-20,2017-03-20,2017-03-28
5d39ec0c4a8a,2017-03-14,2017-03-15,2017-03-17
0f18cd2f37ee,2017-03-04,2017-03-15,2017-03-28
0a41a70da5c6,2017-03-06,2017-03-15,2017-03-28
a07d8f0a34ef,2017-03-14,2017-03-15,2017-03-28
0c1711066731,2017-02-27,2017-03-15,2017-03-28
c761e7e32089,2017-03-13,2017-03-15,2017-03-28
e903c968efe3,2017-03-10,2017-03-15,2017-03-28
13f07d42a09e,2017-02-18,2017-03-15,2017-03-20
31ad3ee46470,2017-02-21,2017-03-15,2017-03-23
c836ecd468c3,2017-02-13,2017-03-15,2017-03-15
85bf848cca28,2017-02-20,2017-03-15,2017-03-21
fbd2708f0e53,2017-03-02,2017-03-15,2017-03-28
fac337e27b32,2017-03-08,2017-03-15,2017-03-28
d5c47e413f3f,2017-03-01,2017-03-15,2017-03-28
d9bc30970fe8,2017-02-17,2017-03-15,2017-03-18
9e22ea9abde9,2017-03-16,2017-03-16,2017-03-28
c472a0ed3d19,2017-03-03,2017-03-15,2017-03-28
5da0b644286d,2017-03-27,2017-03-27,2017-03-28
70bfaa54ae2b,2017-03-04,2017-03-15,2017-03-28
a87f556b53c9,2017-02-16,2017-03-15,2017-03-18
ca2e4b66f873,2017-03-11,2017-03-15,2017-03-28
014492f3929b,2017-03-22,2017-03-22,2017-03-28
1b0675f7ff10,2017-02-20,2017-03-15,2017-03-22
6e725074afeb,2017-03-09,2017-03-15,2017-03-28
fd9b92b21d54,2017-02-16,2017-03-15,2017-03-18
3ba71d4e4b50,2017-03-14,2017-03-15,2017-03-28
afbd96f21126,2017-03-05,2017-03-15,2017-03-28
6a67d1a7874c,2017-03-11,2017-03-15,2017-03-28
92d037429fc8,2017-03-15,2017-03-15,2017-03-28
e5668b60ba02,2017-03-05,2017-03-15,2017-03-28
c65c210fea8d,2017-03-06,2017-03-15,2017-03-28
01b7903fb922,2017-03-13,2017-03-15,2017-03-28
afbec4b83a76,2017-02-18,2017-03-15,2017-03-19
c7d59c2f0e1c,2017-03-10,2017-03-15,2017-03-28
1edb93dc7508,2017-03-26,2017-03-26,2017-03-28
bae875853fd8,2017-03-17,2017-03-17,2017-03-28
686f13bdfea7,2017-02-26,2017-03-15,2017-03-28
cba839a59b8a,2017-03-23,2017-03-23,2017-03-28
8a650aa2b2a3,2017-02-28,2017-03-15,2017-03-28
773893d3ddb9,2017-03-17,2017-03-17,2017-03-28
66b50f809d1b,2017-03-09,2017-03-15,2017-03-28
f47fe88d8a44,2017-02-17,2017-03-15,2017-03-18
609efb722112,2017-03-11,2017-03-15,2017-03-28
b650a2c7abfa,2017-03-01,2017-03-15,2017-03-22
cc522aef22d6,2017-03-09,2017-03-15,2017-03-28
dc658de0deef,2017-03-01,2017-03-15,2017-03-28
856f0052850d,2017-03-20,2017-03-20,2017-03-28
acdd00f29688,2017-02-23,2017-03-15,2017-03-25
dc6c583d4ce3,2017-02-18,2017-03-15,2017-03-20
8db3f6359439,2017-03-21,2017-03-21,2017-03-28
28e56aad6f5c,2017-02-15,2017-03-15,2017-03-17
85e3e08866cd,2017-03-04,2017-03-15,2017-03-28
79a19ae85085,2017-02-27,2017-03-15,2017-03-28
3d58e47bf67b,2017-03-08,2017-03-15,2017-03-28
679fbfcfc5ab,2017-03-15,2017-03-15,2017-03-28
0eec6a2cbae8,2017-03-23,2017-03-23,2017-03-23
7af83d258cb3,2017-03-10,2017-03-15,2017-03-26
787fdd940cae,2017-03-24,2017-03-24,2017-03-28
1b88a47545b2,2017-02-17,2017-03-15,2017-03-18
cc563d2ec66a,2017-02-22,2017-03-15,2017-03-24
44c38fa1c035,2017-03-10,2017-03-15,2017-03-28
d61e9326c729,2017-02-17,2017-03-15,2017-03-18
8506a6e87089,2017-03-24,2017-03-24,2017-03-28
f59a21ce38d1,2017-02-22,2017-03-15,2017-03-24
dee54e20a5c9,2017-03-28,2017-03-28,2017-03-28
9e23617770c3,2017-02-25,2017-03-15,2017-03-27
bde90bc97523,2017-03-04,2017-03-15,2017-03-28
ac2b8954748a,2017-03-26,2017-03-26,2017-03-28
e6a8c64ffa99,2017-02-24,2017-03-15,2017-03-26
17eca5db40ef,2017-02-13,2017-03-15,2017-03-15
b93584682dc8,2017-02-16,2017-03-15,2017-03-18
9104f0d9580a,2017-03-14,2017-03-15,2017-03-28
97eb0846f5f4,2017-03-04,2017-03-15,2017-03-28
8995d2dfabf1,2017-03-09,2017-03-15,2017-03-28
35f2a1890a7d,2017-03-03,2017-03-15,2017-03-28
5419156e002a,2017-02-17,2017-03-15,2017-03-19
1e0e9882a5c5,2017-03-03,2017-03-15,2017-03-28
76327e3759a7,2017-03-12,2017-03-15,2017-03-28
9def4276426c,2017-02-16,2017-03-15,2017-03-18
cf38921c34b2,2017-03-07,2017-03-15,2017-03-28
f54be6cb6e5d,2017-02-26,2017-03-15,2017-03-28
c32893590631,2017-03-12,2017-03-15,2017-03-28
704fc3c4503b,2017-03-11,2017-03-15,2017-03-28
bb67fe6b7aab,2017-03-11,2017-03-15,2017-03-28
b6abb43e511f,2017-03-16,2017-03-16,2017-03-28
89544a8367b8,2017-03-12,2017-03-15,2017-03-28
6e062ad3cf8e,2017-02-27,2017-03-15,2017-03-28
d672b92dd026,2017-03-13,2017-03-15,2017-03-28
2a523cfb5c7b,2017-03-13,2017-03-15,2017-03-28
eefbe981df25,2017-03-23,2017-03-23,2017-03-28
ba63f5f3e8c9,2017-02-27,2017-03-15,2017-03-20
a39b2fbd33ed,2017-02-19,2017-03-15,2017-03-21
62fa6aa1d12f,2017-03-15,2017-03-15,2017-03-28
5d319f635be1,2017-02-15,2017-03-15,2017-03-16
d7eea8059577,2017-02-27,2017-03-15,2017-03-28
18daed6e9868,2017-02-15,2017-03-15,2017-03-16
b627714be1a1,2017-02-23,2017-03-15,2017-03-25
27e995b8df65,2017-02-20,2017-03-15,2017-03-22
a4d1fa6397f6,2017-03-09,2017-03-15,2017-03-28
2a95428b810d,2017-03-27,2017-03-27,2017-03-27
24be3090130b,2017-02-26,2017-03-15,2017-03-28
3ad2a70dac63,2017-02-20,2017-03-15,2017-03-22
e9f1d7287d8f,2017-03-26,2017-03-26,2017-03-28
07818a85750a,2017-02-20,2017-03-15,2017-03-22
c759ae5a553d,2017-03-13,2017-03-15,2017-03-28
0ea0e0ea2d41,2017-03-19,2017-03-19,2017-03-28
4be14056fe3d,2017-03-16,2017-03-16,2017-03-28
c79e269543d7,2017-02-19,2017-03-15,2017-03-21
4f5f87ce6e88,2017-03-08,2017-03-15,2017-03-28
ab0c20d16d39,2017-03-10,2017-03-15,2017-03-28
2856694a196c,2017-03-11,2017-03-15,2017-03-28
0c7e6907e32c,2017-03-28,2017-03-28,2017-03-28
7f46a4298cb0,2017-03-01,2017-03-15,2017-03-28
e7bf08b0c1fc,2017-03-09,2017-03-15,2017-03-28
9d41cfc687bd,2017-03-15,2017-03-15,2017-03-28
71a0cbe6976c,2017-03-24,2017-03-24,2017-03-28
1be06084f050,2017-03-21,2017-03-21,2017-03-28
63d3a78e9991,2017-03-08,2017-03-15,2017-03-28
108a68188beb,2017-02-27,2017-03-15,2017-03-28
63786da77577,2017-02-28,2017-03-15,2017-03-28
c266c67a783f,2017-02-22,2017-03-15,2017-03-24
f49d6d6f7ea5,2017-02-17,2017-03-15,2017-03-19
d7a6947fd7af,2017-02-25,2017-03-15,2017-03-26
7400c62e4fc5,2017-03-18,2017-03-18,2017-03-28
4cb09b7aa463,2017-03-03,2017-03-15,2017-03-28
182291b2d386,2017-02-13,2017-03-15,2017-03-15
37a9f46bed6a,2017-03-14,2017-03-15,2017-03-28
d97333695f9c,2017-03-17,2017-03-17,2017-03-21
20a7b9104bac,2017-02-15,2017-03-15,2017-03-17
2277aaf6104b,2017-02-14,2017-03-15,2017-03-16
6e2f1257cb5e,2017-03-13,2017-03-15,2017-03-28
bedbc93cf745,2017-02-23,2017-03-15,2017-03-24
e0551d43ed92,2017-02-16,2017-03-15,2017-03-17
7ae098deb226,2017-02-22,2017-03-15,2017-03-24
2f19d9c10288,2017-02-25,2017-03-15,2017-03-27
f479986b6295,2017-03-18,2017-03-18,2017-03-28
2b543030a2a5,2017-02-28,2017-03-15,2017-03-28
067fcdc18977,2017-02-14,2017-03-15,2017-03-16
6f440d45a84c,2017-03-06,2017-03-15,2017-03-28
3ad4f5b63cc9,2017-02-21,2017-03-15,2017-03-23
0291416ce9d8,2017-03-02,2017-03-15,2017-03-28
5df1eb03da6b,2017-03-28,2017-03-28,2017-03-28
003f283765aa,2017-03-07,2017-03-15,2017-03-28
9c61850a2633,2017-03-14,2017-03-15,2017-03-28
0720235bba54,2017-03-28,2017-03-28,2017-03-28
19f61e6c3fd0,2017-03-22,2017-03-22,2017-03-28
009be0da8cf4,2017-03-22,2017-03-22,2017-03-26
b71d227ad085,2017-03-23,2017-03-23,2017-03-28
67078cac0bd6,2017-03-26,2017-03-26,2017-03-28
c977252d1bcf,2017-03-24,2017-03-24,2017-03-28
7a4469c78a1a,2017-03-24,2017-03-25,2017-03-28
4e3c5448ff6a,2017-02-26,2017-03-15,2017-03-25
16ead204f520,2017-03-11,2017-03-15,2017-03-28
9d9edd2eb748,2017-03-27,2017-03-27,2017-03-28
56247452120a,2017-03-25,2017-03-25,2017-03-28
9b9ec68be201,2017-03-24,2017-03-24,2017-03-28
1a41170ef685,2017-02-19,2017-03-15,2017-03-21
fae977e38bc1,2017-03-07,2017-03-15,2017-03-28
49eda8e1134a,2017-03-23,2017-03-23,2017-03-28
77783a0e4b11,2017-02-23,2017-03-15,2017-03-25
14825b36b8c3,2017-02-20,2017-03-15,2017-03-21
d9486473c776,2017-03-13,2017-03-15,2017-03-28
f84eb0ddd6ce,2017-03-20,2017-03-20,2017-03-22
79eb5ed4f1f3,2017-03-12,2017-03-15,2017-03-28
192d32bb1a79,2017-03-02,2017-03-15,2017-03-28
ef85d112044c,2017-03-17,2017-03-17,2017-03-28
b5c91651b262,2017-03-20,2017-03-20,2017-03-28
13913dc480ee,2017-02-22,2017-03-15,2017-03-23
7a53bcfc328d,2017-03-23,2017-03-23,2017-03-28
8c14c1d37501,2017-02-25,2017-03-15,2017-03-27
6955719c47d2,2017-03-12,2017-03-15,2017-03-28
325e6d9cb5cc,2017-03-27,2017-03-27,2017-03-28
839d63d48240,2017-02-17,2017-03-16,2017-03-19
ac2dbd88c88e,2017-03-10,2017-03-15,2017-03-28
39b3f6922364,2017-03-02,2017-03-15,2017-03-19
ff6329f32e1d,2017-03-05,2017-03-15,2017-03-28
ef5f9004763f,2017-03-04,2017-03-15,2017-03-28
0d3679fb7d32,2017-03-07,2017-03-15,2017-03-28
b434298c0405,2017-02-20,2017-03-15,2017-03-21
15d0b821cf0b,2017-02-23,2017-03-15,2017-03-25
7ff3ee0a69cc,2017-03-15,2017-03-15,2017-03-28
2841c9392bc9,2017-02-19,2017-03-15,2017-03-21
9a904321d7c1,2017-02-23,2017-03-15,2017-03-25
7d85c3fbefd1,2017-03-09,2017-03-15,2017-03-28
8a90d9b96f30,2017-02-25,2017-03-15,2017-03-27
9530220a17b0,2017-03-22,2017-03-22,2017-03-28
487aeb3bd9f9,2017-03-12,2017-03-15,2017-03-28
96785857c41f,2017-03-05,2017-03-15,2017-03-28
cf7f8adb2838,2017-03-20,2017-03-20,2017-03-28
93e747c6f41e,2017-03-12,2017-03-15,2017-03-28
518cfd287c2a,2017-03-10,2017-03-15,2017-03-21
d3f9eee85ecc,2017-03-14,2017-03-15,2017-03-28
aba8e311df3c,2017-02-19,2017-03-15,2017-03-20
b6960649d036,2017-02-26,2017-03-15,2017-03-28
a6e1d013c59b,2017-02-18,2017-03-15,2017-03-20
de4dc2bc8c68,2017-03-13,2017-03-15,2017-03-28
523727cf252d,2017-03-02,2017-03-15,2017-03-28
9ceec5a99be4,2017-03-16,2017-03-16,2017-03-28
2851b7577c64,2017-03-13,2017-03-15,2017-03-28
4627c8427014,2017-03-11,2017-03-15,2017-03-28
0505c183f373,2017-02-27,2017-03-15,2017-03-28
83cdb0bd8e13,2017-03-04,2017-03-15,2017-03-28
c263f796452c,2017-03-19,2017-03-19,2017-03-28
19b28dd4ba20,2017-02-20,2017-03-15,2017-03-21
dfa88b8edb5d,2017-03-24,2017-03-24,2017-03-28
8f17dd1d8a47,2017-03-26,2017-03-26,2017-03-28
ad3ba57f73fe,2017-03-12,2017-03-15,2017-03-28
73f279d81a52,2017-02-28,2017-03-15,2017-03-28
0ebd2f13aba9,2017-03-19,2017-03-19,2017-03-28
fca694ef7f1c,2017-02-21,2017-03-15,2017-03-23
cfde07e5ac04,2017-03-03,2017-03-15,2017-03-28
c4a123141ac6,2017-03-10,2017-03-15,2017-03-28
9faf0f466ddc,2017-03-12,2017-03-15,2017-03-28
f4c4185beb5b,2017-03-14,2017-03-15,2017-03-28
c6c73f15a27d,2017-02-23,2017-03-15,2017-03-25
787bff358c06,2017-02-16,2017-03-15,2017-03-18
f9f37e26895f,2017-03-11,2017-03-15,2017-03-28
7245f912eb49,2017-02-27,2017-03-15,2017-03-28
3ff3affce2ef,2017-03-19,2017-03-19,2017-03-28
7505bf773b2f,2017-03-25,2017-03-25,2017-03-28
e817ca337596,2017-02-27,2017-03-15,2017-03-28
6ba44e56079f,2017-02-17,2017-03-15,2017-03-18
ef1d3c4643e0,2017-03-11,2017-03-15,2017-03-28
eee204adfc46,2017-03-04,2017-03-15,2017-03-28
815bf4a08a54,2017-03-15,2017-03-15,2017-03-28
3909c6ef4842,2017-02-22,2017-03-15,2017-03-24
b7c24a3a6673,2017-02-28,2017-03-15,2017-03-28
f0a63ad021f9,2017-02-24,2017-03-15,2017-03-25
65254adf16f1,2017-02-22,2017-03-15,2017-03-24
17e3ee1c1c88,2017-03-24,2017-03-24,2017-03-28
dfaadc3da323,2017-03-13,2017-03-15,2017-03-28
10266d555164,2017-03-01,2017-03-15,2017-03-28
b03bee617f06,2017-02-18,2017-03-15,2017-03-20
2e3f8c587222,2017-02-14,2017-03-15,2017-03-15
cb500892484f,2017-03-15,2017-03-15,2017-03-28
debb4878e2ba,2017-02-24,2017-03-15,2017-03-26
13a28d9e9fec,2017-03-23,2017-03-23,2017-03-28
e78c0963a7d0,2017-03-15,2017-03-15,2017-03-28
81842ec06ae8,2017-03-09,2017-03-15,2017-03-28
4777e9a994e7,2017-03-18,2017-03-18,2017-03-28
9d379e658b93,2017-03-12,2017-03-15,2017-03-28
6bbda6669046,2017-03-11,2017-03-15,2017-03-17
a6aef5130fa9,2017-02-19,2017-03-15,2017-03-21
3285ce0fb116,2017-03-24,2017-03-24,2017-03-28
b08bbc5ee2c3,2017-03-02,2017-03-15,2017-03-28
8e35bf62238e,2017-02-23,2017-03-15,2017-03-18
4bdd953b9605,2017-03-15,2017-03-15,2017-03-28
f2d020afa31e,2017-03-09,2017-03-15,2017-03-28
84ddef677664,2017-03-17,2017-03-17,2017-03-28
2c1ac41abcc2,2017-02-24,2017-03-15,2017-03-22
82fa56404b0d,2017-02-18,2017-03-15,2017-03-20
fb81ae18bcfa,2017-03-15,2017-03-15,2017-03-28
80ddb24c90ad,2017-03-03,2017-03-15,2017-03-28
5df1a23e42ac,2017-02-19,2017-03-15,2017-03-21
0fd2549ebc9a,2017-03-11,2017-03-15,2017-03-28
8382c63a4ffd,2017-03-21,2017-03-21,2017-03-28
5eed5e740ea8,2017-02-28,2017-03-15,2017-03-28
314c5ea6d2df,2017-03-04,2017-03-15,2017-03-28
69a5dce28d22,2017-02-25,2017-03-15,2017-03-27
b00d062c7085,2017-03-22,2017-03-22,2017-03-28
a87585625732,2017-03-19,2017-03-19,2017-03-28
4f4a71c8477d,2017-03-09,2017-03-15,2017-03-26
c067d23dc9b5,2017-02-26,2017-03-15,2017-03-27
e192f31ff57c,2017-02-26,2017-03-15,2017-03-27
345605867434,2017-02-17,2017-03-15,2017-03-18
8fd5b845ff46,2017-03-26,2017-03-26,2017-03-26
da07c839b367,2017-02-25,2017-03-15,2017-03-26
c7a5c9f2f16a,2017-03-26,2017-03-26,2017-03-28
ed4668279ce2,2017-03-14,2017-03-15,2017-03-28
af1f09b759f2,2017-02-18,2017-03-15,2017-03-20
d7779694adf0,2017-03-13,2017-03-15,2017-03-28
0387e5cd6064,2017-03-01,2017-03-15,2017-03-28
98311c573904,2017-02-17,2017-03-15,2017-03-19
c36392ddcf84,2017-03-10,2017-03-15,2017-03-28
907781e50862,2017-02-18,2017-03-15,2017-03-20
1e3c0fe30180,2017-03-09,2017-03-15,2017-03-28
ee26563376e5,2017-02-18,2017-03-15,2017-03-19
d13477970ac7,2017-02-15,2017-03-15,2017-03-17
785367248b32,2017-02-17,2017-03-15,2017-03-19
9b1d07f06a37,2017-03-25,2017-03-25,2017-03-28
9a4aa6d2a9b5,2017-02-22,2017-03-15,2017-03-24
019f8fe3747a,2017-03-23,2017-03-23,2017-03-28
94132cfb9be4,2017-03-08,2017-03-15,2017-03-28
04cf90c3ba39,2017-02-28,2017-03-15,2017-03-28
4a0b225a8203,2017-03-05,2017-03-15,2017-03-28
29464b6f69c9,2017-02-15,2017-03-15,2017-03-17
a54b0ed4f69e,2017-03-16,2017-03-16,2017-03-28
495af9837af2,2017-03-05,2017-03-15,2017-03-28
43bbc996861d,2017-02-24,2017-03-15,2017-03-26
c4071c144128,2017-03-17,2017-03-17,2017-03-28
cf0643c9f881,2017-02-25,2017-03-15,2017-03-27
c09b7960c48f,2017-03-01,2017-03-15,2017-03-28
cda4e29b0798,2017-02-15,2017-03-15,2017-03-17
ba1a67f475fc,2017-02-09,2017-03-15,2017-03-16
5319ab013fb4,2017-02-17,2017-03-15,2017-03-19
585e513e85da,2017-02-18,2017-03-15,2017-03-20
695ca1b971be,2017-03-13,2017-03-15,2017-03-28
40174f73ef68,2017-02-25,2017-03-15,2017-03-27
b262a98e2fb8,2017-02-18,2017-03-15,2017-03-20
a81c403de39b,2017-02-25,2017-03-15,2017-03-27
529540167273,2017-02-15,2017-03-15,2017-03-17
f07006618856,2017-03-02,2017-03-15,2017-03-28
5b48107ce9f7,2017-03-13,2017-03-15,2017-03-28
82932518a5c1,2017-03-20,2017-03-20,2017-03-28
1cfe6cd4b757,2017-02-26,2017-03-15,2017-03-28
a7692be7ca6e,2017-03-23,2017-03-23,2017-03-28
97ec4adf3b63,2017-03-25,2017-03-25,2017-03-28
06962cab6175,2017-03-01,2017-03-15,2017-03-28
f9cd47807139,2017-02-26,2017-03-15,2017-03-27
f046709481d9,2017-02-23,2017-03-15,2017-03-24
1bdc24934401,2017-02-23,2017-03-15,2017-03-25
d199c5833ea1,2017-02-20,2017-03-15,2017-03-22
c76d91b15df3,2017-02-21,2017-03-15,2017-03-23
75ba695ad2b2,2017-02-27,2017-03-15,2017-03-28
20c22beeabe7,2017-03-08,2017-03-15,2017-03-28
bbb9fb9f27ef,2017-03-27,2017-03-27,2017-03-28
c93ccde0fbe3,2017-02-18,2017-03-15,2017-03-19
9c5b6ceae258,2017-02-18,2017-03-15,2017-03-20
1686ddba2ecb,2017-03-17,2017-03-17,2017-03-28
da1ccf6539b5,2017-03-15,2017-03-15,2017-03-15
49a06531329b,2017-03-12,2017-03-15,2017-03-28
e66894a98018,2017-03-01,2017-03-15,2017-03-28
4dbd9fdb953b,2017-02-28,2017-03-15,2017-03-28
14919e856802,2017-02-26,2017-03-15,2017-03-28
553c7e9abf98,2017-02-23,2017-03-15,2017-03-25
b7772b46ae72,2017-03-03,2017-03-15,2017-03-28
976f45eeae74,2017-02-13,2017-03-15,2017-03-15
ad4d00dc3b68,2017-03-26,2017-03-26,2017-03-28
81d8473d3805,2017-03-14,2017-03-15,2017-03-28
daf08ecb9133,2017-03-09,2017-03-15,2017-03-28
6a803d360f73,2017-03-25,2017-03-25,2017-03-28
487317c666d5,2017-03-19,2017-03-19,2017-03-25
5b5e6e285d56,2017-03-04,2017-03-15,2017-03-28
8b8dbabd0745,2017-03-15,2017-03-15,2017-03-28
951addcbfcb7,2017-03-22,2017-03-22,2017-03-28
e8a622641ee7,2017-03-15,2017-03-15,2017-03-26
2d4ee4fbd9f7,2017-03-10,2017-03-15,2017-03-23
b9a62ac181cf,2017-03-02,2017-03-15,2017-03-28
6d7ad3170bf0,2017-02-24,2017-03-15,2017-03-24
155c71074993,2017-03-10,2017-03-15,2017-03-28
d1e242e0ec41,2017-02-15,2017-03-15,2017-03-17
47100a657bb7,2017-03-11,2017-03-15,2017-03-28
f469f0a20f5b,2017-03-20,2017-03-20,2017-03-28
061b4d1e88ba,2017-02-25,2017-03-15,2017-03-27
c5798585756b,2017-02-25,2017-03-15,2017-03-26
d55b81a81986,2017-03-23,2017-03-23,2017-03-28
82eefc20aa77,2017-03-15,2017-03-15,2017-03-28
a5548125720a,2017-03-24,2017-03-24,2017-03-28
a51c2eb6e928,2017-02-18,2017-03-15,2017-03-20
1b1507487542,2017-02-23,2017-03-15,2017-03-24
ee346012d097,2017-03-20,2017-03-20,2017-03-28
a300221de281,2017-02-13,2017-03-15,2017-03-15
c8d88da747ca,2017-03-28,2017-03-28,2017-03-28
d0eba76437da,2017-02-27,2017-03-15,2017-03-28
67a6343a54fc,2017-03-20,2017-03-20,2017-03-28
82cbffde7539,2017-03-24,2017-03-24,2017-03-28
c9b1b95f359f,2017-03-04,2017-03-15,2017-03-28
dd3ea8a773a9,2017-02-20,2017-03-15,2017-03-18
745754423d9c,2017-03-24,2017-03-24,2017-03-28
9b95bd1dfc3f,2017-02-24,2017-03-15,2017-03-26
ec509c560fe9,2017-03-26,2017-03-26,2017-03-28
80bbb8f64ae7,2017-03-12,2017-03-15,2017-03-28
302b9fb97489,2017-02-26,2017-03-15,2017-03-28
5fd62a3e3c3a,2017-02-16,2017-03-15,2017-03-18
5a44345807d3,2017-03-04,2017-03-15,2017-03-28
d4aadabb48ec,2017-03-25,2017-03-25,2017-03-28
2e57b552dcd4,2017-02-17,2017-03-15,2017-03-19
7354a03e1473,2017-03-07,2017-03-15,2017-03-28
6d6a258c02c6,2017-03-14,2017-03-15,2017-03-28
cc0559bbe0b2,2017-03-22,2017-03-22,2017-03-28
d65960d6a591,2017-03-07,2017-03-15,2017-03-28
e41ab3b1a80a,2017-02-13,2017-03-15,2017-03-15
03e2bec56bea,2017-03-22,2017-03-22,2017-03-28
15e649c773cf,2017-03-23,2017-03-23,2017-03-27
6af07452c5e9,2017-03-15,2017-03-15,2017-03-28
840aab629094,2017-02-15,2017-03-15,2017-03-17
714e7680f0bd,2017-02-16,2017-03-15,2017-03-18
8d49e38f71b2,2017-02-24,2017-03-15,2017-03-25
d9a893e36fa6,2017-02-18,2017-03-15,2017-03-20
9c625bab61f2,2017-03-05,2017-03-15,2017-03-28
922ee436fc12,2017-03-28,2017-03-28,2017-03-28
bc0065952344,2017-02-23,2017-03-15,2017-03-24
12053081569d,2017-02-19,2017-03-15,2017-03-20
72973dacd4df,2017-03-06,2017-03-15,2017-03-28
69b5108dd89b,2017-03-14,2017-03-15,2017-03-28
cf227bba893d,2017-03-08,2017-03-15,2017-03-28
066fd8bad8b6,2017-03-02,2017-03-15,2017-03-28
1f582d3a3998,2017-02-15,2017-03-15,2017-03-17
021e5e47d9d7,2017-03-01,2017-03-15,2017-03-28
f6ce0d98a437,2017-02-19,2017-03-15,2017-03-20
650f9563d8bb,2017-03-14,2017-03-15,2017-03-28
5ede6b241745,2017-03-26,2017-03-26,2017-03-28
11c28cb84f89,2017-03-04,2017-03-15,2017-03-28
8166c2f98b66,2017-03-08,2017-03-15,2017-03-28
b5b189e41b3a,2017-03-17,2017-03-17,2017-03-28
bb21126669d3,2017-03-15,2017-03-15,2017-03-28
22f9b51202b3,2017-02-25,2017-03-15,2017-03-27
6444e394a171,2017-02-18,2017-03-15,2017-03-19
122c0db32cdf,2017-03-18,2017-03-18,2017-03-28
4f547c91eca4,2017-03-03,2017-03-15,2017-03-28
bdc19b38809a,2017-02-21,2017-03-15,2017-03-23
366f997f0bb7,2017-02-26,2017-03-15,2017-03-28
53a0b6d8cf10,2017-03-27,2017-03-27,2017-03-28
063c4f852031,2017-03-27,2017-03-27,2017-03-28
53d733083208,2017-03-21,2017-03-21,2017-03-28
0581f4e99768,2017-02-24,2017-03-15,2017-03-26
0f33af61ca6e,2017-03-07,2017-03-15,2017-03-28
2db8bfc3fcf5,2017-03-04,2017-03-15,2017-03-28
501e83fe19c9,2017-03-09,2017-03-15,2017-03-28
6360803116dc,2017-02-28,2017-03-15,2017-03-28
f0f636ee36bf,2017-03-14,2017-03-15,2017-03-28
41a1b2a77398,2017-03-23,2017-03-23,2017-03-28
249500c3df66,2017-02-21,2017-03-15,2017-03-22
d570d1a22842,2017-03-11,2017-03-15,2017-03-28
60d895849c38,2017-02-15,2017-03-15,2017-03-17
fed0d8f2494e,2017-03-22,2017-03-22,2017-03-28
34b73c227e1a,2017-03-02,2017-03-15,2017-03-26
35dc18f9df1b,2017-03-15,2017-03-15,2017-03-28
66fd0e4ef8a6,2017-03-14,2017-03-15,2017-03-28
8fcd0b7a95b8,2017-02-25,2017-03-15,2017-03-27
74bd46563b7a,2017-03-06,2017-03-15,2017-03-28
712015885586,2017-03-01,2017-03-15,2017-03-28
92db97fd94d8,2017-03-26,2017-03-26,2017-03-28
a768b25c3124,2017-02-19,2017-03-15,2017-03-20
74e554b37cea,2017-02-17,2017-03-15,2017-03-18
1fd573912107,2017-03-13,2017-03-15,2017-03-28
9af1b7d91d78,2017-03-21,2017-03-21,2017-03-28
17ad8ff4359b,2017-02-23,2017-03-15,2017-03-24
b8e1433b1a01,2017-02-14,2017-03-15,2017-03-16
416471dfc47e,2017-03-09,2017-03-15,2017-03-28
7dd95adaa08b,2017-03-07,2017-03-15,2017-03-28
b9cccdc6734d,2017-03-07,2017-03-15,2017-03-28
12b1ad360345,2017-03-26,2017-03-26,2017-03-28
07ce8aae052d,2017-03-13,2017-03-15,2017-03-28
4c78daf038d9,2017-03-23,2017-03-23,2017-03-24
e3b1d100aade,2017-03-18,2017-03-18,2017-03-18
576500301c62,2017-03-09,2017-03-15,2017-03-28
c0d3f4e11278,2017-03-01,2017-03-15,2017-03-28
ed3b34fa91fe,2017-03-09,2017-03-15,2017-03-28
d11a00a10302,2017-03-02,2017-03-15,2017-03-28
4ba5b582a7fe,2017-03-03,2017-03-15,2017-03-28
8a02ae975be1,2017-03-05,2017-03-15,2017-03-28
b5c56534016c,2017-02-23,2017-03-15,2017-03-17
49764271ca0c,2017-03-27,2017-03-27,2017-03-28
b6d987adfd66,2017-03-23,2017-03-23,2017-03-28
c90734f16223,2017-03-11,2017-03-15,2017-03-16
392f799090bf,2017-02-26,2017-03-15,2017-03-28
d54347747c63,2017-03-01,2017-03-15,2017-03-28
da845c9957c6,2017-03-16,2017-03-16,2017-03-28
5cd800bafaf1,2017-02-21,2017-03-15,2017-03-23
a00caab604eb,2017-02-13,2017-03-15,2017-03-15
613c48145512,2017-03-18,2017-03-18,2017-03-28
f89b271f8fef,2017-03-09,2017-03-15,2017-03-28
cf823e422264,2017-03-16,2017-03-16,2017-03-28
e845ae9353cc,2017-03-07,2017-03-15,2017-03-28
e004989b3f49,2017-02-23,2017-03-15,2017-03-25
9e32567c0c04,2017-03-08,2017-03-15,2017-03-28
ceded0830483,2017-03-28,2017-03-28,2017-03-28
2578ca57bf11,2017-03-23,2017-03-23,2017-03-28
95b74037450e,2017-03-09,2017-03-15,2017-03-26
c387bb758674,2017-03-26,2017-03-26,2017-03-28
c5d08f385fe3,2017-02-28,2017-03-15,2017-03-28
caef0c801376,2017-02-17,2017-03-15,2017-03-19
0494a8e57f11,2017-02-28,2017-03-15,2017-03-28
c736f3c7941a,2017-03-18,2017-03-18,2017-03-28
a602e8433f4b,2017-02-22,2017-03-15,2017-03-24
8080d3eaceff,2017-03-11,2017-03-15,2017-03-28
77018cb1c5cf,2017-03-06,2017-03-15,2017-03-23
5106af27e3ec,2017-03-24,2017-03-24,2017-03-28
d043e1396d0a,2017-03-12,2017-03-15,2017-03-28
5a02b1f34ed6,2017-03-14,2017-03-15,2017-03-28
0d93200a5261,2017-02-28,2017-03-15,2017-03-28
d848b05eb926,2017-03-20,2017-03-20,2017-03-28
23ac4e8f0f16,2017-02-25,2017-03-15,2017-03-27
20cb95ddcf01,2017-02-23,2017-03-15,2017-03-25
33395b5dd9a4,2017-02-27,2017-03-15,2017-03-28
d84c1518c3ee,2017-03-23,2017-03-23,2017-03-28
f0b97257ffbd,2017-03-20,2017-03-20,2017-03-28
4d7537b64b61,2017-03-06,2017-03-15,2017-03-28
df6a4489a39e,2017-03-27,2017-03-27,2017-03-28
de37f836bdbd,2017-02-14,2017-03-15,2017-03-16
aa6b70fabaad,2017-02-25,2017-03-15,2017-03-27
bbfcad1ead7a,2017-01-18,2017-03-15,2017-03-19
6faa7ee823e9,2017-03-17,2017-03-17,2017-03-28
091414957864,2017-03-06,2017-03-15,2017-03-28
e54d5b75f668,2017-02-22,2017-03-15,2017-03-24
bcd79aacc864,2017-02-25,2017-03-15,2017-03-27
9d00f10d6a8a,2017-03-27,2017-03-27,2017-03-28
b032b37d48e7,2017-03-14,2017-03-15,2017-03-28
c561b1dc86fb,2017-03-02,2017-03-15,2017-03-28
3ef02cd82bff,2017-03-22,2017-03-22,2017-03-28
a58a615e0cfd,2017-03-21,2017-03-21,2017-03-28
a20be7ba4199,2017-03-27,2017-03-27,2017-03-28
160662239c13,2017-03-22,2017-03-22,2017-03-24
57b846e3c79c,2017-02-26,2017-03-15,2017-03-28
3309be51df20,2017-03-09,2017-03-15,2017-03-28
ab7f3f844b2a,2017-03-06,2017-03-15,2017-03-28
4d81f9b83f9a,2017-03-12,2017-03-15,2017-03-28
27eaa16c6db6,2017-03-26,2017-03-26,2017-03-28
73e5be5669b8,2017-03-06,2017-03-15,2017-03-28
3d96ea54aa7c,2017-02-14,2017-03-15,2017-03-16
11f2d12a1132,2017-03-25,2017-03-25,2017-03-28
14b9467ef6fa,2017-02-26,2017-03-15,2017-03-28
2063942cd5d2,2017-03-26,2017-03-26,2017-03-28
c69d25672e60,2017-02-19,2017-03-15,2017-03-21
6c5648fe8c85,2017-02-25,2017-03-15,2017-03-27
e9a66f64e709,2017-03-13,2017-03-15,2017-03-28
cae755a398d1,2017-03-16,2017-03-16,2017-03-28
ea0df759e0a0,2017-03-05,2017-03-15,2017-03-28
973794baa07a,2017-03-27,2017-03-27,2017-03-28
b1cfbaf8083d,2017-03-16,2017-03-16,2017-03-28
15693fc7cce3,2017-02-17,2017-03-15,2017-03-19
585b641f20d3,2017-02-23,2017-03-15,2017-03-24
6da34b7583d2,2017-03-02,2017-03-15,2017-03-28
9c31249f95c1,2017-03-16,2017-03-16,2017-03-28
a56c2d282519,2017-03-06,2017-03-15,2017-03-28
13eaef10402d,2017-03-27,2017-03-27,2017-03-28
f7fbfe80eccf,2017-03-13,2017-03-15,2017-03-28
5fa884b3a4e6,2017-03-04,2017-03-15,2017-03-28
89adeea1ca90,2017-02-16,2017-03-15,2017-03-18
d8d94f1a8c65,2017-03-20,2017-03-20,2017-03-28
51eb74d05049,2017-02-17,2017-03-15,2017-03-19
f0d9bf16adca,2017-02-18,2017-03-15,2017-03-20
319ba50a8424,2017-02-26,2017-03-15,2017-03-27
5af9f7aefd7b,2017-03-24,2017-03-24,2017-03-28
94a164f4c51b,2017-03-09,2017-03-15,2017-03-28
2b5f3b456310,2017-02-25,2017-03-15,2017-03-27
e2bdbe18889d,2017-03-12,2017-03-15,2017-03-28
9b2e3d2b4018,2017-02-15,2017-03-15,2017-03-17
7288fdff9807,2017-03-23,2017-03-23,2017-03-28
6bba6ab790af,2017-02-14,2017-03-15,2017-03-16
40831ecdd373,2017-03-28,2017-03-28,2017-03-28
d9c3f3e907aa,2017-03-27,2017-03-27,2017-03-28
85de4b8e6808,2017-03-21,2017-03-21,2017-03-28
ef43cb9cf05b,2017-02-21,2017-03-15,2017-03-23
485d0d5e7e83,2017-03-06,2017-03-15,2017-03-28
b96df15bf2ff,2017-03-09,2017-03-15,2017-03-28
c15c3f7fa25e,2017-02-21,2017-03-15,2017-03-23
f15ea181d674,2017-03-12,2017-03-15,2017-03-28
8294a75d61ec,2017-03-10,2017-03-15,2017-03-28
1a554be7bcbc,2017-03-15,2017-03-15,2017-03-28
3d4e63cb7bbc,2017-02-28,2017-03-15,2017-03-28
ec7a88497ee1,2017-03-25,2017-03-25,2017-03-28
263cd7efc538,2017-02-22,2017-03-15,2017-03-23
82a2c883b336,2017-02-21,2017-03-15,2017-03-23
02f4e5c0207c,2017-03-09,2017-03-15,2017-03-23
6cdc9e1ae8a2,2017-03-01,2017-03-15,2017-03-28
173db5ecad5f,2017-03-25,2017-03-25,2017-03-28
98f55520b704,2017-03-15,2017-03-15,2017-03-28
b66bdadd15a7,2017-02-18,2017-03-15,2017-03-19
660660d34c6d,2017-03-04,2017-03-15,2017-03-28
595900ac04b0,2017-03-11,2017-03-15,2017-03-28
49b9a0838ee0,2017-03-22,2017-03-22,2017-03-28
844b03a63136,2017-02-16,2017-03-15,2017-03-18
024360597ee5,2017-02-15,2017-03-15,2017-03-17
71563f0fb2bb,2017-02-27,2017-03-15,2017-03-28
557c1158a4ff,2017-03-05,2017-03-15,2017-03-28
663c39a2122d,2017-02-17,2017-03-15,2017-03-18
27f84e6e905b,2017-03-21,2017-03-21,2017-03-28
82769938a976,2017-03-09,2017-03-15,2017-03-28
39cb44718c0c,2017-03-20,2017-03-20,2017-03-28
24868df632c3,2017-02-21,2017-03-20,2017-03-22
76fcd95dcbfe,2017-02-21,2017-03-15,2017-03-23
7ead9270c961,2017-02-19,2017-03-15,2017-03-21
da2856c89a0d,2017-02-25,2017-03-15,2017-03-27
77e887597d68,2017-02-18,2017-03-15,2017-03-19
e1a68139b631,2017-03-13,2017-03-15,2017-03-28
b9c4266a0831,2017-03-08,2017-03-15,2017-03-28
1658e3ad5c94,2017-02-26,2017-03-15,2017-03-27
bc7d15adba07,2017-03-03,2017-03-15,2017-03-28
9d751c811be4,2017-03-02,2017-03-15,2017-03-28
dc22ece9ef52,2017-03-19,2017-03-19,2017-03-28
d16ef8617bb8,2017-02-17,2017-03-15,2017-03-19
bc2bfc92e1b3,2017-03-19,2017-03-19,2017-03-22
80187a24f7fe,2017-03-08,2017-03-15,2017-03-28
cd67a94cfe9c,2017-03-05,2017-03-15,2017-03-28
8ecdd48d536e,2017-03-28,2017-03-28,2017-03-28
bdf82c69ab94,2017-03-23,2017-03-23,2017-03-28
41998d0d6663,2017-02-22,2017-03-15,2017-03-24
e0d275ed7759,2017-03-02,2017-03-15,2017-03-28
68e08ba7cfb8,2017-03-14,2017-03-15,2017-03-28
8d98331dd59c,2017-02-24,2017-03-15,2017-03-26
c9345cf61538,2017-02-19,2017-03-15,2017-03-21
ec44e7809e17,2017-03-03,2017-03-15,2017-03-28
9164aa2b432a,2017-02-25,2017-03-15,2017-03-26
9e7ee47c39ad,2017-02-18,2017-03-15,2017-03-19
ae9b65d81549,2017-03-16,2017-03-16,2017-03-28
438d16715dc4,2017-03-16,2017-03-16,2017-03-28
5815816c4271,2017-03-15,2017-03-15,2017-03-28
4eb02252f513,2017-03-19,2017-03-19,2017-03-28
0b3cc061fc54,2017-03-24,2017-03-24,2017-03-28
ada557e1891d,2017-03-03,2017-03-15,2017-03-28
dde222f023bb,2017-03-12,2017-03-15,2017-03-28
16ca6590a791,2017-03-26,2017-03-26,2017-03-28
e48aa87b3637,2017-02-26,2017-03-15,2017-03-28
2d6508d766eb,2017-02-21,2017-03-15,2017-03-23
076982ed85bf,2017-03-26,2017-03-26,2017-03-28
d85d4eeef1ee,2017-02-24,2017-03-15,2017-03-25
9e455bbd344d,2017-03-13,2017-03-15,2017-03-28
40c5fb061f53,2017-03-17,2017-03-17,2017-03-28
2381a63dbb8a,2017-03-10,2017-03-15,2017-03-28
b030f682302c,2017-02-16,2017-03-15,2017-03-17
0f58012b2cec,2017-03-13,2017-03-15,2017-03-28
c26abb804127,2017-03-25,2017-03-25,2017-03-28
ce688e954c33,2017-03-28,2017-03-28,2017-03-28
21ed1d29555d,2017-03-03,2017-03-15,2017-03-28
51dbd133de3f,2017-03-16,2017-03-16,2017-03-28
c04fb22750f6,2017-03-09,2017-03-15,2017-03-28
c2ccca979fbe,2017-02-24,2017-03-15,2017-03-26
6fa6a924748d,2017-03-17,2017-03-17,2017-03-28
31d39d509c16,2017-03-03,2017-03-15,2017-03-28
62017e372755,2017-03-09,2017-03-15,2017-03-28
083f2bb6163c,2017-03-22,2017-03-22,2017-03-28
5dec5c6b45b5,2017-02-13,2017-03-15,2017-03-15
db4a9da27f58,2017-03-24,2017-03-24,2017-03-28
3192613c035b,2017-02-27,2017-03-15,2017-03-28
4bf59ae79136,2017-03-24,2017-03-24,2017-03-28
f9406302bb26,2017-02-15,2017-03-15,2017-03-17
7ff78e6232d4,2017-03-21,2017-03-21,2017-03-28
7eacc0dfa763,2017-02-15,2017-03-15,2017-03-17
65c859914f64,2017-03-15,2017-03-15,2017-03-28
0ce0d39443de,2017-02-17,2017-03-15,2017-03-19
2a8c0f41561d,2017-02-19,2017-03-15,2017-03-20
967b4223461b,2017-03-26,2017-03-26,2017-03-28
e7a6b0490dc2,2017-02-15,2017-03-15,2017-03-17
aad0f1989027,2017-02-15,2017-03-15,2017-03-17
58e0cdcdeea2,2017-03-12,2017-03-15,2017-03-28
3c9f1e8c15b0,2017-03-18,2017-03-18,2017-03-28
7894f45f23e6,2017-03-23,2017-03-23,2017-03-28
1da59078df1b,2017-02-23,2017-03-15,2017-03-24
2dce6aca74fc,2017-03-11,2017-03-15,2017-03-28
d068be37ab2a,2017-03-23,2017-03-23,2017-03-28
6b4d28c2478f,2017-03-27,2017-03-27,2017-03-28
d95933a02f9d,2017-03-25,2017-03-25,2017-03-28
234633354ee2,2017-03-12,2017-03-15,2017-03-28
f61fd0aa5639,2017-03-06,2017-03-15,2017-03-28
a750b9015566,2017-03-26,2017-03-26,2017-03-28
029fe6133139,2017-03-24,2017-03-24,2017-03-28
0c44822f0a1a,2017-03-13,2017-03-15,2017-03-28
901e6aa0ff01,2017-02-16,2017-03-15,2017-03-18
9a146511e780,2017-03-11,2017-03-15,2017-03-28
e8acbf79fc97,2017-03-28,2017-03-28,2017-03-28
32eea9b08a2e,2017-03-08,2017-03-15,2017-03-28
09e09ab0860e,2017-02-27,2017-03-15,2017-03-28
c5adab928b81,2017-03-15,2017-03-15,2017-03-28
b7ec10b6b9fc,2017-03-11,2017-03-15,2017-03-28
1a4ac21bd636,2017-03-10,2017-03-15,2017-03-20
f7264f82c5bc,2017-03-08,2017-03-15,2017-03-17
78fc67579af4,2017-03-18,2017-03-18,2017-03-28
38422d8ecb73,2017-03-20,2017-03-20,2017-03-28
6b72b4f0d0d9,2017-03-08,2017-03-15,2017-03-28
fc125e2e5e39,2017-03-17,2017-03-17,2017-03-28
3e3e678c913a,2017-02-17,2017-03-15,2017-03-19
b4d5a74bb0bc,2017-03-09,2017-03-15,2017-03-28
ca98906fbc9b,2017-02-14,2017-03-15,2017-03-15
d81135be1052,2017-03-16,2017-03-16,2017-03-28
a66580946cd1,2017-03-12,2017-03-15,2017-03-28
d16c1c5939fd,2017-02-28,2017-03-15,2017-03-23
786b7b403de7,2017-03-19,2017-03-19,2017-03-28
3b934f7d79d1,2017-03-10,2017-03-15,2017-03-28
7bed9a59d9df,2017-02-22,2017-03-15,2017-03-23
bd0a8381d8db,2017-03-13,2017-03-15,2017-03-25
abc4118ca34f,2017-02-21,2017-03-15,2017-03-23
e4d9e581880b,2017-02-18,2017-03-15,2017-03-19
5645ddcb6119,2017-03-05,2017-03-15,2017-03-28
38081839e393,2017-03-01,2017-03-15,2017-03-28
ada20d9b8d02,2017-03-17,2017-03-17,2017-03-28
fd4ddfecc9ec,2017-02-17,2017-03-15,2017-03-19
ea18eade53f7,2017-02-24,2017-03-15,2017-03-25
f217ec7a50bf,2017-03-04,2017-03-15,2017-03-28
86b0e3c03041,2017-03-26,2017-03-26,2017-03-28
7c5fa1df2219,2017-03-20,2017-03-20,2017-03-28
a2ecce2963a8,2017-03-14,2017-03-15,2017-03-28
2b7e76820258,2017-02-15,2017-03-15,2017-03-17
da59e7c45d3f,2017-03-10,2017-03-15,2017-03-20
87d916445b8b,2017-03-22,2017-03-22,2017-03-28
ca87b6e6e6ad,2017-03-01,2017-03-15,2017-03-28
1767bc0fe142,2017-03-15,2017-03-15,2017-03-28
caf0f1eca69b,2017-03-05,2017-03-15,2017-03-28
c1e4850bb61e,2017-02-19,2017-03-15,2017-03-21
28c4ac10ee90,2017-03-15,2017-03-15,2017-03-22
c991135987a1,2017-02-27,2017-03-15,2017-03-28
16567767316f,2017-03-13,2017-03-15,2017-03-28
8df1094ab0ae,2017-03-21,2017-03-21,2017-03-28
57bfc3c315b0,2017-02-23,2017-03-15,2017-03-25
acbca3a6d74f,2017-03-22,2017-03-22,2017-03-28
6476d8f1f559,2017-03-11,2017-03-15,2017-03-28
299c6c6503d9,2017-02-18,2017-03-15,2017-03-20
3e8d2057a365,2017-03-13,2017-03-15,2017-03-28
854eaf5c698e,2017-03-22,2017-03-22,2017-03-28
41208112600f,2017-03-10,2017-03-15,2017-03-28
f090af2d97f8,2017-03-24,2017-03-24,2017-03-28
cceafd521d81,2017-03-17,2017-03-17,2017-03-25
e5ab5c79f7f2,2017-02-23,2017-03-15,2017-03-24
746fb3365362,2017-02-16,2017-03-15,2017-03-18
155874c82c9b,2017-02-26,2017-03-15,2017-03-28
a23687222375,2017-02-26,2017-03-15,2017-03-28
28b1a4076b1e,2017-02-23,2017-03-15,2017-03-25
aa2e676c1d22,2017-03-01,2017-03-15,2017-03-28
714c21780fbe,2017-03-24,2017-03-24,2017-03-28
6501e5318c13,2017-02-25,2017-03-15,2017-03-27
7028bf764e22,2017-03-04,2017-03-15,2017-03-28
e79e5b9d3a99,2017-02-14,2017-03-15,2017-03-16
c4892b3704bd,2017-02-26,2017-03-15,2017-03-28
d1ac337372b9,2017-03-01,2017-03-15,2017-03-28
9363dcda3986,2017-03-10,2017-03-15,2017-03-28
ce8fa8c5c695,2017-03-23,2017-03-23,2017-03-28
d39a092f953b,2017-03-19,2017-03-19,2017-03-28
af84a13c85e3,2017-03-11,2017-03-15,2017-03-28
9b59cbd090e6,2017-02-26,2017-03-15,2017-03-28
99b9547caf01,2017-02-24,2017-03-15,2017-03-25
295f75ee20bd,2017-03-15,2017-03-15,2017-03-28
11bd02d7ed69,2017-02-24,2017-03-15,2017-03-26
5f8b28a537ed,2017-02-27,2017-03-15,2017-03-28
a5bbf44f9789,2017-03-23,2017-03-23,2017-03-28
1c53fc8b2338,2017-03-15,2017-03-15,2017-03-28
79e979427489,2017-02-24,2017-03-15,2017-03-26
ff78b1e90cce,2017-03-25,2017-03-25,2017-03-28
39936e1c5b1b,2017-02-25,2017-03-15,2017-03-26
d0c0478b5e02,2017-03-14,2017-03-15,2017-03-28
9ec7858c13de,2017-03-12,2017-03-15,2017-03-28
9ea34a60c767,2017-03-24,2017-03-24,2017-03-28
6a5b7b8a7607,2017-03-09,2017-03-15,2017-03-28
e3f7fdfc5216,2017-03-11,2017-03-15,2017-03-28
5771ef8887cf,2017-03-21,2017-03-21,2017-03-28
aec643f56a32,2017-03-06,2017-03-15,2017-03-28
541205da704e,2017-03-15,2017-03-15,2017-03-15
c0dcc896bd94,2017-03-03,2017-03-15,2017-03-28
78b2e5cb56f1,2017-03-08,2017-03-15,2017-03-21
36ca33a41b20,2017-03-13,2017-03-15,2017-03-28
f0d46058cf72,2017-02-15,2017-03-15,2017-03-16
c92c0ae8fafe,2017-03-09,2017-03-15,2017-03-28
3798de50f4c6,2017-02-17,2017-03-15,2017-03-19
8d1abf7c28c2,2017-02-15,2017-03-15,2017-03-17
82f3c205ca47,2017-03-20,2017-03-20,2017-03-28
37024f9674ff,2017-03-20,2017-03-20,2017-03-28
34e85d6b4adb,2017-03-24,2017-03-24,2017-03-28
639c5597facc,2017-03-23,2017-03-23,2017-03-28
282f9b1c023b,2017-02-28,2017-03-15,2017-03-28
d17011f97aaa,2017-02-19,2017-03-15,2017-03-21
9e3fe5a03762,2017-02-27,2017-03-15,2017-03-28
276792312630,2017-03-27,2017-03-27,2017-03-28
2eac7e6cb5e6,2017-02-26,2017-03-15,2017-03-27
5fb11ae0d031,2017-03-15,2017-03-15,2017-03-28
c5e4c703eea2,2017-03-28,2017-03-28,2017-03-28
dacb02290411,2017-03-14,2017-03-15,2017-03-28
a087bb4ae835,2017-03-11,2017-03-15,2017-03-28
3caa9a214105,2017-03-12,2017-03-15,2017-03-28
753bb03c9371,2017-03-02,2017-03-15,2017-03-28
1c4e4cad237e,2017-02-27,2017-03-15,2017-03-28
ff2141a6f1c1,2017-03-09,2017-03-15,2017-03-28
03de7a500b4e,2017-03-02,2017-03-15,2017-03-28
5e2db7eeb394,2017-02-20,2017-03-15,2017-03-22
9b161f297698,2017-02-20,2017-03-15,2017-03-22
cac91554143e,2017-02-28,2017-03-15,2017-03-28
7052cfc1fba9,2017-02-13,2017-03-15,2017-03-15
366be287be34,2017-02-28,2017-03-15,2017-03-28
96719bc5287e,2017-02-18,2017-03-15,2017-03-20
065c72bedee1,2017-03-09,2017-03-15,2017-03-28
88577a8481e3,2017-03-14,2017-03-15,2017-03-28
4095315c6771,2017-02-28,2017-03-15,2017-03-28
8c0e88af8af6,2017-02-15,2017-03-15,2017-03-16
571de8d3ddec,2017-03-18,2017-03-18,2017-03-28
ed997ef42c2b,2017-02-19,2017-03-15,2017-03-20
d923371c5900,2017-02-24,2017-03-15,2017-03-26
fafa41922566,2017-03-19,2017-03-19,2017-03-28
dcd144fd3e80,2017-03-26,2017-03-26,2017-03-28
d14f9465a8a7,2017-02-25,2017-03-15,2017-03-27
6159f59d01c7,2017-02-14,2017-03-15,2017-03-16
cfaaf7e72607,2017-02-20,2017-03-15,2017-03-22
366e07fc368f,2017-02-18,2017-03-15,2017-03-20
58ca69520f52,2017-02-26,2017-03-15,2017-03-28
6b27293cd847,2017-03-03,2017-03-15,2017-03-28
e2a097c3d614,2017-03-21,2017-03-21,2017-03-28
9ef3edfdec9f,2017-03-18,2017-03-18,2017-03-28
da21b236034b,2017-02-15,2017-03-15,2017-03-17
f51ba7853ddf,2017-03-03,2017-03-15,2017-03-28
c8028b6b53ee,2017-02-15,2017-03-15,2017-03-17
60105d8c5b61,2017-03-23,2017-03-23,2017-03-28
72b6e13bcc94,2017-02-27,2017-03-15,2017-03-28
0383a203b324,2017-03-15,2017-03-15,2017-03-28
45ab7d9cf31a,2017-03-26,2017-03-26,2017-03-28
52500342d176,2017-03-18,2017-03-18,2017-03-28
a35cd4597a67,2017-03-02,2017-03-15,2017-03-28
e85309b197ac,2017-02-24,2017-03-15,2017-03-26
e44d16f77dde,2017-03-12,2017-03-15,2017-03-20
de6b402347e7,2017-03-19,2017-03-19,2017-03-28
e820658bf8e5,2017-02-27,2017-03-15,2017-03-28
755314252f7a,2017-02-16,2017-03-15,2017-03-18
1315e5e4b845,2017-03-09,2017-03-15,2017-03-28
c4f8669023b7,2017-03-06,2017-03-15,2017-03-28
297c9becc4cd,2017-02-17,2017-03-15,2017-03-18
a5d30ba3667a,2017-03-21,2017-03-21,2017-03-28
5ced69372652,2017-02-25,2017-03-15,2017-03-18
cb6a3eb14dd2,2017-02-24,2017-03-15,2017-03-26
5f6e26b8bd36,2017-02-18,2017-03-15,2017-03-20
3fe9acd9dafc,2017-03-16,2017-03-16,2017-03-28
5a7f6d640d27,2017-02-23,2017-03-15,2017-03-25
479ec56e7b2e,2017-03-09,2017-03-15,2017-03-28
07837b6bc6ad,2017-02-28,2017-03-15,2017-03-28
00fb017207fa,2017-03-21,2017-03-21,2017-03-28
f7278e1a6262,2017-02-15,2017-03-15,2017-03-17
429cf3f31092,2017-03-27,2017-03-27,2017-03-28
2c89965e1d77,2017-03-15,2017-03-15,2017-03-28
6f6961981fc7,2017-02-19,2017-03-15,2017-03-20
027ab12c33aa,2017-02-13,2017-03-15,2017-03-15
efb14d91e916,2017-03-02,2017-03-15,2017-03-28
e40fddada379,2017-02-16,2017-03-15,2017-03-18
6f9a7c5d2975,2017-02-17,2017-03-15,2017-03-19
e376f5602ef5,2017-02-23,2017-03-15,2017-03-25
db6c9c6ba9be,2017-03-04,2017-03-15,2017-03-28
c44d996263f0,2017-03-20,2017-03-20,2017-03-28
3fb90118c299,2017-03-09,2017-03-15,2017-03-28
f927541ecc3f,2017-02-15,2017-03-15,2017-03-17
180c940b65b1,2017-03-13,2017-03-15,2017-03-28
6316d7eef31f,2017-03-10,2017-03-15,2017-03-18
6e255d2aa20c,2017-03-15,2017-03-15,2017-03-28
19501f8802fe,2017-03-09,2017-03-15,2017-03-28
82a0d46bd4bd,2017-03-10,2017-03-15,2017-03-28
b0680ab3fbe5,2017-03-20,2017-03-20,2017-03-28
116c0a9e825d,2017-03-27,2017-03-27,2017-03-28
39c66ae3ac7a,2017-03-06,2017-03-15,2017-03-28
2c7e1ee17f58,2017-03-03,2017-03-15,2017-03-28
5fae186d4adc,2017-03-05,2017-03-15,2017-03-28
adeee3fac0e0,2017-03-04,2017-03-15,2017-03-28
2b8ee604f06e,2017-03-08,2017-03-15,2017-03-28
961cb8f249c5,2017-03-12,2017-03-15,2017-03-28
dcaf52f13166,2017-03-05,2017-03-15,2017-03-28
0e647c51f99b,2017-03-28,2017-03-28,2017-03-28
cbc51b8e2551,2017-02-24,2017-03-15,2017-03-26
0fd9eaba2043,2017-02-19,2017-03-15,2017-03-20
7a974a0f61fb,2017-03-26,2017-03-26,2017-03-28
b3e93beef449,2017-03-01,2017-03-15,2017-03-28
9ac3c261d718,2017-02-20,2017-03-15,2017-03-22
4da0ff977a0f,2017-03-12,2017-03-15,2017-03-28
512df02da163,,2017-03-15,2017-03-28
e3e9ab6a26d1,2017-03-15,2017-03-15,2017-03-28
2d5ee2c66d0c,2017-02-14,2017-03-15,2017-03-16
419ac5f2c45f,2017-03-04,2017-03-15,2017-03-28
65c6a376dca0,2017-02-25,2017-03-15,2017-03-26
0284acc4bb1a,2017-03-17,2017-03-17,2017-03-28
7be6377f146d,2017-03-26,2017-03-26,2017-03-28
969665fb63fe,2017-02-25,2017-03-15,2017-03-27
b11ef46360c4,2017-02-24,2017-03-15,2017-03-26
7f337c211485,2017-02-22,2017-03-15,2017-03-24
0a0591d47e1e,2017-03-01,2017-03-15,2017-03-28
7a5b7113ca1d,2017-02-25,2017-03-15,2017-03-26
99cf66f5a9fc,2017-03-13,2017-03-15,2017-03-28
ba4a91a2d23d,2017-03-12,2017-03-15,2017-03-28
b57ec2b87467,2017-02-15,2017-03-15,2017-03-17
a3e013e3012e,2017-03-07,2017-03-15,2017-03-28
8e3be389fd3b,2017-02-14,2017-03-15,2017-03-16
c4a4af03c672,2017-02-14,2017-03-15,2017-03-16
c08cc68d3b1d,2017-02-19,2017-03-15,2017-03-20
57ce83e78a7d,2017-03-09,2017-03-15,2017-03-28
019237949ba9,2017-03-01,2017-03-15,2017-03-28
d703d49e0595,2017-03-09,2017-03-15,2017-03-28
27564b50bb76,2017-03-03,2017-03-15,2017-03-28
22f2243bf709,2017-03-26,2017-03-26,2017-03-28
cbddd645bfda,2017-03-22,2017-03-22,2017-03-28
c8604f8bb3f6,2017-02-25,2017-03-15,2017-03-27
75f52b80856f,2017-03-05,2017-03-15,2017-03-28
b5d017390eaf,2017-03-17,2017-03-17,2017-03-28
5e937af4e029,2017-02-22,2017-03-15,2017-03-17
2986d0315959,2017-02-17,2017-03-15,2017-03-19
72e72a1aacc8,2017-02-15,2017-03-15,2017-03-16
011fd1a1c361,2017-03-10,2017-03-15,2017-03-28
77cf01200c86,2017-02-28,2017-03-15,2017-03-28
6858fc1d510e,2017-02-18,2017-03-15,2017-03-20
8635e0f86966,2017-02-22,2017-03-15,2017-03-24
207655156abe,2017-03-10,2017-03-15,2017-03-28
77a927f83bad,2017-02-18,2017-03-15,2017-03-19
58742f19ff35,2017-02-19,2017-03-15,2017-03-21
16221437278d,2017-03-06,2017-03-15,2017-03-28
4775a171bae1,2017-03-12,2017-03-15,2017-03-28
df317427a07a,2017-03-11,2017-03-15,2017-03-28
54b3ce7fec78,2017-02-19,2017-03-15,2017-03-20
fe56b7e69dc1,2017-03-04,2017-03-15,2017-03-28
f962fb4babd8,2017-03-25,2017-03-25,2017-03-28
85716b7bf8af,2017-03-23,2017-03-23,2017-03-28
f9ea79e5d68a,2017-02-14,2017-03-15,2017-03-16
ce6310615296,2017-03-19,2017-03-19,2017-03-28
e9ec215f8d34,2017-03-12,2017-03-15,2017-03-28
68a53053392b,2017-02-16,2017-03-15,2017-03-18
b0ff07afe9c3,2017-03-14,2017-03-15,2017-03-28
08004e39902e,2017-03-18,2017-03-18,2017-03-28
d1df4078962f,2017-02-21,2017-03-15,2017-03-23
159c38b15d38,2017-03-15,2017-03-15,2017-03-28
791c6a977ced,2017-03-19,2017-03-20,2017-03-28
a6f0f0595131,2017-03-01,2017-03-15,2017-03-28
27536f0e2dfd,2017-03-13,2017-03-15,2017-03-28
a4ef6e1ed65d,2017-03-09,2017-03-15,2017-03-28
2327c227077e,2017-02-27,2017-03-15,2017-03-28
197415a0c086,2017-03-19,2017-03-19,2017-03-28
577be3d68326,2017-02-20,2017-03-15,2017-03-21
86dacf9f7d3f,2017-03-02,2017-03-15,2017-03-28
7f7476bc1b72,2017-03-05,2017-03-15,2017-03-22
a2e043658b49,2017-03-02,2017-03-15,2017-03-28
4f539ede621e,2017-03-03,2017-03-15,2017-03-28
9333f4761e26,2017-03-04,2017-03-15,2017-03-23
a567b9cd4be3,2017-03-19,2017-03-19,2017-03-28
8a253eba8e5d,2017-03-18,2017-03-18,2017-03-28
0959b01d8ab8,2017-03-08,2017-03-15,2017-03-28
eb0e05fc9162,2017-03-22,2017-03-22,2017-03-28
b5c5e185577b,2017-02-18,2017-03-15,2017-03-20
464ba46f2232,2017-03-08,2017-03-15,2017-03-28
7fd002da50da,2017-03-09,2017-03-15,2017-03-28
9c3e7df38bda,2017-03-06,2017-03-15,2017-03-28
cd5194c49668,2017-03-18,2017-03-18,2017-03-28
801aee791e14,2017-03-05,2017-03-15,2017-03-28
e94d320b0633,2017-03-14,2017-03-15,2017-03-28
a73120686aa1,2017-03-09,2017-03-15,2017-03-28
f10f70690001,2017-03-14,2017-03-15,2017-03-22
960bd4591106,2017-03-14,2017-03-15,2017-03-28
9e275196e2ba,2017-03-24,2017-03-24,2017-03-28
3d4700598909,2017-03-12,2017-03-15,2017-03-28
5abd3663280f,2017-03-24,2017-03-24,2017-03-28
b1d1750255c7,2017-02-21,2017-03-15,2017-03-22
664259bac43f,2017-02-14,2017-03-15,2017-03-16
c068329fec7a,2017-03-15,2017-03-15,2017-03-28
e90b2d5a07f7,2017-03-09,2017-03-15,2017-03-28
38005ac0bf87,2017-03-17,2017-03-17,2017-03-28
953954777ec0,2017-03-07,2017-03-15,2017-03-25
745399d8b49d,2017-03-04,2017-03-15,2017-03-28
8ca8581660bc,2017-03-15,2017-03-15,2017-03-28
e3254712b854,2017-02-14,2017-03-15,2017-03-16
0d075377dc0f,2017-03-08,2017-03-15,2017-03-28
68e566849219,2017-03-04,2017-03-15,2017-03-28
7908c2266e82,2017-03-21,2017-03-21,2017-03-28
fd1426ef14eb,2017-02-18,2017-03-15,2017-03-20
830c608ae7d1,2017-03-15,2017-03-15,2017-03-28
4532b53d14b1,2017-03-19,2017-03-19,2017-03-28
58e0bde859e3,2017-02-26,2017-03-15,2017-03-28
b98dbc7653c7,2017-02-26,2017-03-15,2017-03-19
eae815d3eea5,2017-03-26,2017-03-26,2017-03-28
f26972d7b4be,2017-03-15,2017-03-15,2017-03-28
9e165a58da84,2017-02-28,2017-03-15,2017-03-28
49cbcd842662,2017-03-13,2017-03-15,2017-03-16
8d07c2f36bdc,2017-03-24,2017-03-24,2017-03-28
bff185747c46,2017-02-16,2017-03-15,2017-03-18
3fd93fe4b2fc,2017-02-25,2017-03-15,2017-03-27
213b7de6b12f,2017-02-18,2017-03-15,2017-03-20
6777f37d85b8,2017-02-14,2017-03-15,2017-03-16
f8dd2036973d,2017-03-04,2017-03-15,2017-03-28
59e020210bcd,2017-03-06,2017-03-15,2017-03-28
d09dd9b8f093,2017-02-27,2017-03-15,2017-03-28
32a4b71ca344,2017-02-19,2017-03-15,2017-03-21
3dc7f86f98c3,2017-02-27,2017-03-15,2017-03-28
05327fe4aaf5,2017-03-14,2017-03-15,2017-03-28
7a6e3012266d,2017-03-28,2017-03-28,2017-03-28
1ce76fa0cf0e,2017-03-28,2017-03-28,2017-03-28
46c7745b3141,2017-03-06,2017-03-15,2017-03-28
c6019788d8f9,2017-02-21,2017-03-15,2017-03-23
5f21264d9260,2017-02-24,2017-03-15,2017-03-26
cc8651e74e08,2017-02-20,2017-03-15,2017-03-22
786181619796,2017-03-21,2017-03-21,2017-03-28
e3c9e07918f9,2017-02-23,2017-03-15,2017-03-25
34decacbabe5,2017-02-24,2017-03-15,2017-03-25
3327a2a70ab1,2017-02-24,2017-03-15,2017-03-25
dbb5b76075c9,2017-03-04,2017-03-15,2017-03-28
01607ee679b2,2017-03-13,2017-03-15,2017-03-28
4c40aaa86178,2017-03-27,2017-03-27,2017-03-28
0f997ee70ede,2017-03-24,2017-03-24,2017-03-26
ba35953b1928,2017-03-28,2017-03-28,2017-03-28
2a456f2b7287,2017-03-16,2017-03-16,2017-03-18
ce0b4ba0d446,2017-02-25,2017-03-15,2017-03-27
49c96cac019d,2017-02-13,2017-03-15,2017-03-15
81e11bf4bce0,2017-03-09,2017-03-15,2017-03-28
495ba7c4d06f,2017-03-19,2017-03-19,2017-03-28
56aa068c3fb4,2017-03-20,2017-03-20,2017-03-28
3c718e07c5c5,2017-03-25,2017-03-25,2017-03-28
33734e895f17,2017-03-16,2017-03-16,2017-03-28
cdaf9a8cd0d6,2017-03-16,2017-03-16,2017-03-28
55605254882e,2017-02-28,2017-03-15,2017-03-28
29d932395989,2017-03-25,2017-03-25,2017-03-28
4c0cea1e677a,2017-02-20,2017-03-15,2017-03-22
95229458dee7,2017-03-14,2017-03-15,2017-03-28
4dca6d57598b,2017-02-15,2017-03-15,2017-03-17
77ff0f06f860,2017-03-25,2017-03-25,2017-03-28
029918dd8df4,2017-03-18,2017-03-18,2017-03-28
f88ac775f2b3,2017-02-26,2017-03-15,2017-03-28
666d447a0625,2017-02-14,2017-03-15,2017-03-15
b046a92e3a54,2017-02-20,2017-03-15,2017-03-22
666ea72891fd,2017-03-12,2017-03-15,2017-03-28
02cb85c5865d,2017-03-15,2017-03-15,2017-03-28
302564b8181f,2017-02-20,2017-03-15,2017-03-21
932c7a10d480,2017-03-20,2017-03-20,2017-03-28
b5457cab34a9,2017-03-11,2017-03-15,2017-03-28
83588bb92b9c,2017-03-16,2017-03-16,2017-03-28
c49f597cfe6a,2017-02-28,2017-03-15,2017-03-22
0ce4f1fcda41,2017-02-23,2017-03-15,2017-03-25
402dbd6ff581,2017-02-26,2017-03-15,2017-03-28
80cc9a3a1480,2017-02-21,2017-03-15,2017-03-22
24d9e9d7c6ee,2017-03-28,2017-03-28,2017-03-28
ffae119acee7,2017-03-03,2017-03-15,2017-03-28
bc80fa593cce,2017-03-07,2017-03-15,2017-03-28
ac5df6e06c10,2017-03-20,2017-03-20,2017-03-28
b9a99f81a840,2017-02-14,2017-03-15,2017-03-16
18214ca17561,2017-03-06,2017-03-15,2017-03-28
ce4c1cd51c6c,2017-02-25,2017-03-15,2017-03-26
61cafbb003cc,2017-03-27,2017-03-27,2017-03-28
2a9038175984,2017-03-05,2017-03-15,2017-03-28
c7f0699b5c7c,2017-02-21,2017-03-15,2017-03-23
c37c7d750716,2017-02-26,2017-03-15,2017-03-28
704b269b11c4,2017-02-25,2017-03-15,2017-03-26
36330d957e93,2017-03-13,2017-03-15,2017-03-28
09dfc97998fe,2017-03-04,2017-03-15,2017-03-28
ceacd8585004,2017-03-12,2017-03-15,2017-03-28
063734100edf,2017-02-19,2017-03-15,2017-03-21
b66aad23aa01,2017-03-03,2017-03-15,2017-03-28
a72ef2aa26ab,2017-03-01,2017-03-15,2017-03-28
218eec54e856,2017-03-15,2017-03-15,2017-03-28
7b9bb90acc4a,2017-03-22,2017-03-22,2017-03-28
488c750ef15c,2017-02-15,2017-03-15,2017-03-17
10aacf074e78,2017-03-08,2017-03-15,2017-03-28
da51a591600b,2017-03-08,2017-03-15,2017-03-28
78b5b2246843,2017-02-17,2017-03-15,2017-03-19
7005627567b7,2017-03-24,2017-03-24,2017-03-28
774678061997,2017-02-21,2017-03-15,2017-03-22
16db9661a529,2017-03-06,2017-03-15,2017-03-28
03b61d6edf9a,2017-03-20,2017-03-20,2017-03-28
4350bb138578,2017-02-22,2017-03-15,2017-03-23
5d1240d411f2,2017-03-16,2017-03-16,2017-03-28
d849ba9f8ebc,2017-03-12,2017-03-15,2017-03-28
397ed697d38b,2017-02-16,2017-03-15,2017-03-18
18bfa5aab36d,2017-03-22,2017-03-22,2017-03-28
9c24352fd057,2017-03-12,2017-03-15,2017-03-28
0f96dcf241c8,2017-02-27,2017-03-15,2017-03-28
3b2aaa21f1d1,2017-02-18,2017-03-15,2017-03-19
3fbf8c7e0fd8,2017-03-20,2017-03-20,2017-03-28
001517a6fbd4,2017-03-22,2017-03-22,2017-03-28
8f5d58e25c0e,2017-02-28,2017-03-15,2017-03-28
97f61e9f4882,2017-02-24,2017-03-15,2017-03-26
ee179ff25207,2017-03-06,2017-03-15,2017-03-28
5a900e3a205b,2017-03-22,2017-03-22,2017-03-25
047ce13cae23,2017-03-13,2017-03-15,2017-03-28
e1982e0d0593,2017-03-27,2017-03-27,2017-03-28
a3ed6a225c9c,2017-02-20,2017-03-15,2017-03-21
7a5411bfb46a,2017-02-15,2017-03-15,2017-03-16
344247d5afcd,2017-03-08,2017-03-15,2017-03-28
b67eef60e529,2017-03-21,2017-03-21,2017-03-28
1c9cdd13b658,2017-02-27,2017-03-15,2017-03-28
3f832605baaf,2017-03-11,2017-03-15,2017-03-28
defedbd5570b,2017-03-06,2017-03-15,2017-03-28
6b69ed048fd6,2017-03-28,2017-03-28,2017-03-28
582f83859f89,2017-03-19,2017-03-19,2017-03-28
a9642b344b15,2017-03-18,2017-03-18,2017-03-28
7dc63a223e92,2017-02-23,2017-03-15,2017-03-25
74c92ac22d7c,2017-03-20,2017-03-20,2017-03-28
85cdb5969a54,2017-02-25,2017-03-15,2017-03-27
5abef892b7a7,2017-03-17,2017-03-17,2017-03-28
b717d8103aaa,2017-03-04,2017-03-15,2017-03-28
35f7f275a164,2017-02-26,2017-03-15,2017-03-27
2bdf20455df9,2017-03-01,2017-03-15,2017-03-28
42cbe6166f1a,2017-02-28,2017-03-15,2017-03-28
28f4b80d4bc3,2017-02-26,2017-03-15,2017-03-18
61c99c2b72b7,2017-03-05,2017-03-15,2017-03-28
32b8c5483462,2017-03-06,2017-03-15,2017-03-28
a4b4ee90cacc,2017-03-07,2017-03-15,2017-03-28
b1f1fbb30ba1,2017-02-23,2017-03-15,2017-03-25
02987d6b48c9,2017-03-17,2017-03-17,2017-03-28
ae22c6ed74f3,2017-03-28,2017-03-28,2017-03-28
5702bc60d5e5,2017-03-26,2017-03-26,2017-03-28
b03e861d3581,2017-03-22,2017-03-22,2017-03-28
54ab952aaeba,2017-03-14,2017-03-15,2017-03-28
d113bbc0f6bc,2017-02-17,2017-03-15,2017-03-19
38f12e215ddd,2017-03-06,2017-03-15,2017-03-28
347b0bb40a1b,2017-03-06,2017-03-15,2017-03-20
49624d967f51,2017-03-26,2017-03-26,2017-03-28
9e1b842daca4,2017-02-20,2017-03-15,2017-03-28
8e9f10bc5249,2017-03-06,2017-03-15,2017-03-16
94424b91fc92,2017-03-19,2017-03-19,2017-03-28
84393df6b413,2017-03-22,2017-03-22,2017-03-28
19f813d0c971,2017-02-22,2017-03-15,2017-03-24
93d6eed082e1,2017-02-25,2017-03-15,2017-03-26
beddf68c0b93,2017-03-22,2017-03-22,2017-03-28
39503a8a7233,2017-03-19,2017-03-19,2017-03-28
7bf21bd68c8e,2017-03-15,2017-03-15,2017-03-20
9c9e5f94b25b,2017-02-15,2017-03-15,2017-03-17
aebe8d4e8725,2017-03-10,2017-03-15,2017-03-28
43eb8dedeb8d,2017-03-14,2017-03-15,2017-03-28
8a0dac3933d3,2017-02-19,2017-03-15,2017-03-21
e3f795c6ca0d,2017-03-18,2017-03-18,2017-03-28
93ffc3098475,2017-03-04,2017-03-15,2017-03-28
a9139addf407,2017-02-19,2017-03-15,2017-03-21
bd9eda8e3ec5,2017-03-20,2017-03-20,2017-03-28
ca2a512f32cd,2017-03-24,2017-03-24,2017-03-28
ff260d9d2fd0,2017-02-18,2017-03-15,2017-03-20
b5d526b27452,2017-03-09,2017-03-15,2017-03-28
6cb06e014542,2017-02-16,2017-03-15,2017-03-18
df767817b771,2017-03-07,2017-03-15,2017-03-28
6d9fc4203211,2017-02-16,2017-03-15,2017-03-18
ae9f60b23b15,2017-03-20,2017-03-20,2017-03-28
6058c8302a28,2017-03-16,2017-03-16,2017-03-28
6dac374569ac,2017-03-09,2017-03-15,2017-03-28
344a4278f40d,2017-02-23,2017-03-15,2017-03-25
18d4fda8d088,2017-03-28,2017-03-28,2017-03-28
3acb71049395,2017-03-21,2017-03-21,2017-03-28
83dd7e3366e0,2017-03-27,2017-03-27,2017-03-28
44186703f2e3,2017-03-26,2017-03-26,2017-03-28
1362b854ddc0,2017-03-18,2017-03-18,2017-03-28
12db097d1bbe,2017-03-23,2017-03-23,2017-03-28
6f43cc63ea5a,2017-02-27,2017-03-15,2017-03-28
78ed2200f632,2017-03-23,2017-03-23,2017-03-24
dc36a053eab2,2017-03-15,2017-03-15,2017-03-28
c6b0f59ffb90,2017-03-14,2017-03-15,2017-03-28
7a9fa200efe7,2017-03-04,2017-03-15,2017-03-28
7d26c403d1f8,2017-03-26,2017-03-26,2017-03-28
2c6d08c4dd86,2017-02-26,2017-03-15,2017-03-28
841e866de3e7,2017-02-14,2017-03-15,2017-03-15
838666494df0,2017-02-16,2017-03-15,2017-03-18
8c02ee692032,2017-03-08,2017-03-15,2017-03-28
d780cec59605,2017-03-16,2017-03-17,2017-03-28
35bc69a0a9ad,2017-02-26,2017-03-15,2017-03-28
dde1ab8113dd,2017-03-14,2017-03-15,2017-03-28
a5e221737889,2017-02-27,2017-03-15,2017-03-28
63f42dc8483a,2017-03-10,2017-03-15,2017-03-28
b6a67625e9b6,2017-03-05,2017-03-15,2017-03-28
b25ece3490cd,2017-03-11,2017-03-15,2017-03-28
831a13a908c4,2017-02-18,2017-03-15,2017-03-20
b30017f644b5,2017-02-17,2017-03-15,2017-03-19
550c0734cae9,2017-03-09,2017-03-15,2017-03-28
74c48f7d58d0,2017-03-10,2017-03-15,2017-03-28
9486826e72d1,2017-02-13,2017-03-15,2017-03-15
bf56fa90c82c,2017-02-21,2017-03-15,2017-03-23
bc5a6ba77c0b,2017-03-28,2017-03-28,2017-03-28
ec26580e1f5a,2017-02-25,2017-03-15,2017-03-27
064d0d6b509e,2017-03-06,2017-03-15,2017-03-28
22b34c88cbaf,2017-02-25,2017-03-15,2017-03-27
f4a5c68ba39a,2017-03-07,2017-03-15,2017-03-28
e33dee218c19,2017-03-23,2017-03-23,2017-03-28
b2da49b73304,2017-02-20,2017-03-15,2017-03-22
db3ec6ca02a9,2017-03-14,2017-03-15,2017-03-28
332c0f071d59,2017-03-27,2017-03-27,2017-03-28
154e6290f2b0,2017-03-20,2017-03-20,2017-03-28
1b161b1fe9ff,2017-03-06,2017-03-15,2017-03-28
e879672ac3c4,2017-03-02,2017-03-15,2017-03-28
a2171153a736,2017-03-16,2017-03-16,2017-03-28
aafbf0d8525a,2017-02-20,2017-03-15,2017-03-21
55afa4eecea7,2017-03-14,2017-03-15,2017-03-28
d1900a7615d8,2017-03-08,2017-03-15,2017-03-28
a1bc3db70bd7,2017-03-20,2017-03-20,2017-03-26
6ca9a55324f5,2017-02-16,2017-03-15,2017-03-18
df1b3c01bbd2,2017-02-28,2017-03-15,2017-03-28
5350d65112b3,2017-02-23,2017-03-15,2017-03-24
8f60220c30df,2017-02-17,2017-03-15,2017-03-19
6fbccf93042b,2017-03-25,2017-03-25,2017-03-28
f7cd2bd6b35b,2017-03-06,2017-03-15,2017-03-20
cc7952bf3aa5,2017-02-27,2017-03-15,2017-03-28
b646957d04ad,2017-02-20,2017-03-15,2017-03-22
dac036c2dd6f,2017-03-08,2017-03-15,2017-03-28
62d03ca03955,2017-03-02,2017-03-15,2017-03-24
31f21b2b6f3e,2017-03-26,2017-03-26,2017-03-28
0b01f9e5cd34,2017-03-15,2017-03-15,2017-03-28
d40edcc8a200,2017-03-26,2017-03-26,2017-03-28
05cf333fecc0,2017-02-20,2017-03-15,2017-03-22
fcb93335f364,2017-02-15,2017-03-15,2017-03-17
f6519cae0685,2017-02-26,2017-03-15,2017-03-28
df6609d37a62,2017-02-21,2017-03-15,2017-03-23
9ef9c14b3ef1,2017-03-02,2017-03-15,2017-03-28
900de80e6547,2017-03-09,2017-03-15,2017-03-28
dc9e154fe53a,2017-03-23,2017-03-23,2017-03-28
f4353f7b4872,2017-02-27,2017-03-15,2017-03-28
f393d0554a93,2017-03-25,2017-03-25,2017-03-28
cc0940646454,2017-03-07,2017-03-15,2017-03-28
28421dea01e1,2017-02-22,2017-03-15,2017-03-23
3e758afad537,2017-03-02,2017-03-15,2017-03-28
aee4ba7fffd5,2017-03-15,2017-03-15,2017-03-15
0e73ba4eb662,2017-03-20,2017-03-20,2017-03-28
4f73694d0e9c,2017-03-01,2017-03-15,2017-03-28
cf6062094d15,2017-03-05,2017-03-15,2017-03-28
501302b82fa0,2017-02-25,2017-03-15,2017-03-26
b0df878c3078,2017-03-15,2017-03-15,2017-03-28
91452dc35f6f,2017-03-10,2017-03-15,2017-03-28
0de7ff60aa45,2017-03-13,2017-03-15,2017-03-28
98816fc13a6f,2017-03-28,2017-03-28,2017-03-28
ed026299ba33,2017-03-19,2017-03-19,2017-03-28
07879652325f,2017-03-12,2017-03-15,2017-03-28
34137d2e6a87,2017-02-15,2017-03-15,2017-03-17
e5e05a992024,2017-03-01,2017-03-15,2017-03-28
8128a4f3b61d,2017-02-14,2017-03-15,2017-03-16
c4af9655f8a1,2017-03-22,2017-03-22,2017-03-28
40ca8bc513ff,2017-03-11,2017-03-15,2017-03-28
9b1f47cd1e41,2017-02-22,2017-03-15,2017-03-24
00adb82d553a,2017-02-28,2017-03-15,2017-03-28
5acc385c39c9,2017-03-13,2017-03-15,2017-03-28
a9d488ac6ea0,2017-03-05,2017-03-15,2017-03-28
00e54d786d2b,2017-03-14,2017-03-15,2017-03-28
2fc33eb447f1,2017-03-26,2017-03-26,2017-03-28
777e31e0a90d,2017-02-25,2017-03-15,2017-03-27
33d2cc5b2b4f,2017-03-20,2017-03-20,2017-03-28
08266a37c70a,2017-03-13,2017-03-15,2017-03-28
e3f2ea8d6817,2017-03-17,2017-03-17,2017-03-28
e88c396f63d4,2017-03-04,2017-03-15,2017-03-28
8a58635e2baf,2017-03-09,2017-03-15,2017-03-28
c7ae74ece426,2017-03-23,2017-03-23,2017-03-28
985320a8a411,2017-03-12,2017-03-15,2017-03-28
62ee0a1d54a1,2017-02-20,2017-03-15,2017-03-22
0db1df26912c,2017-03-06,2017-03-15,2017-03-28
0bc32644de32,2017-03-06,2017-03-15,2017-03-28
384290604962,2017-02-18,2017-03-15,2017-03-20
77278e3163be,2017-03-07,2017-03-15,2017-03-28
b450c2480feb,2017-03-03,2017-03-15,2017-03-28
174d14edbe34,2017-03-03,2017-03-15,2017-03-28
a5b1cb598194,2017-02-20,2017-03-15,2017-03-22
0a1045441d81,2017-03-04,2017-03-15,2017-03-28
261e8c56348c,2017-03-19,2017-03-19,2017-03-28
ef345d9fcec0,2017-02-25,2017-03-15,2017-03-27
d541160fe4d9,2017-03-05,2017-03-15,2017-03-28
03cb8ddeb561,2017-03-09,2017-03-15,2017-03-28
9968b20f738d,2017-03-03,2017-03-15,2017-03-28
6d02b4454871,2017-02-21,2017-03-15,2017-03-23
0cb9d75c2af1,2017-03-13,2017-03-15,2017-03-28
08ac2f10ed7b,2017-03-12,2017-03-15,2017-03-28
0a99fe42eeea,2017-02-16,2017-03-15,2017-03-17
efa883470fe9,2017-03-18,2017-03-18,2017-03-28
5d21c28f9957,2017-03-09,2017-03-15,2017-03-28
79a631201e1d,2017-03-09,2017-03-15,2017-03-28
1ef8136ae73b,2017-03-01,2017-03-15,2017-03-28
8066a1b91b0c,2017-02-25,2017-03-15,2017-03-27
b953a4fc242d,2017-03-27,2017-03-27,2017-03-28
b55aabef3e8c,2017-02-14,2017-03-15,2017-03-16
27e9f7e447a4,2017-03-21,2017-03-21,2017-03-28
560f75b46351,2017-03-13,2017-03-15,2017-03-28
d0b7ee31f48a,2017-02-17,2017-03-15,2017-03-19
c0d21b6441fe,2017-02-25,2017-03-15,2017-03-27
c5fdb2bb945a,2017-02-24,2017-03-15,2017-03-26
606499c4ac8d,2017-03-20,2017-03-20,2017-03-28
3972fea6d06a,2017-03-26,2017-03-26,2017-03-28
41880c5660ee,2017-02-15,2017-03-15,2017-03-16
ba3549fcccaf,2017-03-14,2017-03-15,2017-03-28
a41dd72f51de,2017-02-17,2017-03-15,2017-03-19
172d0a581ebb,2017-03-14,2017-03-15,2017-03-28
ab36efdf81b5,2017-02-16,2017-03-15,2017-03-18
731b222add20,2017-03-21,2017-03-21,2017-03-28
ec34333030f4,2017-03-12,2017-03-15,2017-03-16
f01a0b5caa77,2017-03-07,2017-03-15,2017-03-28
9720e8ad0a60,2017-02-17,2017-03-15,2017-03-19
3aaebea7fe97,2017-03-14,2017-03-15,2017-03-28
85c5a8bbeaf3,2017-02-26,2017-03-15,2017-03-27
b8203fcf7557,2017-03-16,2017-03-16,2017-03-18
76010570e3a0,2017-02-20,2017-03-15,2017-03-22
e8d91b92ae3e,2017-03-02,2017-03-15,2017-03-28
210b0f32482c,2017-02-19,2017-03-15,2017-03-21
256903a87d53,2017-03-11,2017-03-15,2017-03-28
035c2cea8868,2017-02-26,2017-03-15,2017-03-27
2ef4b9c98971,2017-03-22,2017-03-22,2017-03-28
0fe185ae55f2,2017-03-16,2017-03-16,2017-03-28
b364ae7412e2,2017-03-27,2017-03-27,2017-03-28
8fb1ed753544,2017-02-26,2017-03-15,2017-03-28
52ac12d85142,2017-02-16,2017-03-15,2017-03-18
0cff8446d330,2017-03-07,2017-03-15,2017-03-28
5c97cd8c035a,2017-03-20,2017-03-20,2017-03-28
e870414e1fa0,2017-02-20,2017-03-15,2017-03-22
ffdb8371b108,2017-02-19,2017-03-15,2017-03-21
75dde93a4a13,2017-02-25,2017-03-15,2017-03-27
1e47e297409f,2017-03-17,2017-03-17,2017-03-25
807a9afbe2a6,2017-02-28,2017-03-15,2017-03-28
6fc899ed8b40,2017-03-12,2017-03-15,2017-03-28
1804cdeef246,2017-03-27,2017-03-27,2017-03-28
6745bb742ddd,2017-03-18,2017-03-18,2017-03-28
5e19f28f3314,2017-03-14,2017-03-15,2017-03-28
e302fb698dda,2017-02-18,2017-03-15,2017-03-19
690e109be791,2017-03-12,2017-03-15,2017-03-18
6b1ff931aa08,2017-03-24,2017-03-24,2017-03-28
8142168e2950,2017-03-22,2017-03-22,2017-03-28
0a96ee239277,2017-03-12,2017-03-15,2017-03-28
e012c0a130d2,2017-02-14,2017-03-15,2017-03-16
0a744b1565ea,2017-03-09,2017-03-15,2017-03-28
6a18442086f9,2017-03-02,2017-03-15,2017-03-28
b8fc7647f5d5,2017-02-18,2017-03-15,2017-03-20
3efe35dff688,2017-03-15,2017-03-15,2017-03-28
154d92411b90,2017-02-19,2017-03-15,2017-03-21
a3b0dca127a9,2017-03-26,2017-03-26,2017-03-28
aa1b88634942,2017-03-24,2017-03-24,2017-03-28
ed1c12fe09db,2017-03-17,2017-03-17,2017-03-28
ddeb6e5de79f,2017-02-19,2017-03-15,2017-03-21
1b8065a5acef,2017-02-28,2017-03-15,2017-03-18
5c053c229edb,2017-03-23,2017-03-23,2017-03-28
54e6de6a13fa,2017-02-24,2017-03-15,2017-03-25
173fab222217,2017-03-07,2017-03-15,2017-03-21
773d6da3c189,2017-03-03,2017-03-15,2017-03-28
5f6ae62c6a1a,2017-03-23,2017-03-23,2017-03-28
66047919dae4,2017-03-15,2017-03-15,2017-03-18
a7aeea264fdb,2017-02-17,2017-03-15,2017-03-18
525aea35c343,2017-02-26,2017-03-15,2017-03-27
65763d03f6d6,2017-03-16,2017-03-16,2017-03-19
fd08ab084721,2017-02-26,2017-03-15,2017-03-28
8aaecc4e6fd6,2017-02-14,2017-03-15,2017-03-16
cbce356da2fa,2017-03-08,2017-03-15,2017-03-28
2ece81929628,2017-02-24,2017-03-15,2017-03-25
4b8339ae8e7d,2017-02-16,2017-03-15,2017-03-18
df86fcc2e878,2017-03-13,2017-03-15,2017-03-16
16c7b6446395,2017-03-12,2017-03-15,2017-03-28
e64970e03f6e,2017-03-12,2017-03-15,2017-03-28
2a6452d6b6e4,2017-03-28,2017-03-28,2017-03-28
80bf25b4935b,2017-02-23,2017-03-15,2017-03-16
1ccafbccd91a,2017-03-19,2017-03-19,2017-03-28
ef8ddbe1ad55,2017-03-16,2017-03-16,2017-03-28
01799b479f62,2017-03-04,2017-03-15,2017-03-28
4284059c8249,2017-03-15,2017-03-15,2017-03-28
afd230ade6b8,2017-02-25,2017-03-15,2017-03-26
ccdfb8ce7070,2017-02-21,2017-03-15,2017-03-23
4820ea4b9b97,2017-02-28,2017-03-15,2017-03-28
680df1e3f1cc,2017-03-19,2017-03-19,2017-03-19
963261e2cd67,2017-02-15,2017-03-15,2017-03-17
bdbc4b426d27,2017-03-10,2017-03-15,2017-03-28
2f27dbf4cc12,2017-03-01,2017-03-15,2017-03-28
b783f769df03,2017-03-17,2017-03-17,2017-03-28
3c64920d4d10,2017-03-13,2017-03-15,2017-03-28
d48262bdb817,2017-03-21,2017-03-21,2017-03-28
4006100741cd,2017-03-20,2017-03-20,2017-03-28
a78a3f5b3004,2017-03-11,2017-03-15,2017-03-28
d19399fec99e,2017-02-14,2017-03-15,2017-03-15
8827c2786c39,2017-03-24,2017-03-24,2017-03-28
bf98b8c391a2,2017-03-03,2017-03-15,2017-03-21
dbc5dec85587,2017-02-17,2017-03-15,2017-03-19
bed454473dda,2017-02-17,2017-03-15,2017-03-19
0ebb3bd9c499,2017-02-16,2017-03-15,2017-03-18
b6e127540861,2017-03-03,2017-03-15,2017-03-28
1413afb92042,2017-03-02,2017-03-15,2017-03-28
c71c4f92ab9e,2017-02-16,2017-03-15,2017-03-18
486fecd05d9f,2017-03-16,2017-03-16,2017-03-28
c74f19104c14,2017-02-23,2017-03-15,2017-03-24
d61a2ed2cc55,2017-02-20,2017-03-15,2017-03-21
462e09d705f9,2017-03-11,2017-03-15,2017-03-28
ad2e52ae45dc,2017-03-05,2017-03-15,2017-03-28
b9c8ba017f82,2017-03-22,2017-03-22,2017-03-28
acb3a428340f,2017-02-15,2017-03-15,2017-03-17
9dcbfb0266ab,2017-02-28,2017-03-15,2017-03-28
4f1640461477,2017-03-11,2017-03-15,2017-03-28
feb3334dbe75,2017-02-22,2017-03-15,2017-03-24
90209f2022ff,2017-02-24,2017-03-15,2017-03-26
e8c7dabcefc1,2017-02-28,2017-03-15,2017-03-28
90b471809f7b,2017-03-12,2017-03-15,2017-03-28
825e25d83717,2017-03-06,2017-03-15,2017-03-28
5c2f35361ffc,2017-02-26,2017-03-15,2017-03-28
d7cfb622ea4a,2017-03-13,2017-03-15,2017-03-28
3eaa41000111,2017-03-24,2017-03-24,2017-03-28
13fd14b79ec4,2017-03-15,2017-03-15,2017-03-28
572c75041643,2017-02-26,2017-03-15,2017-03-28
b94016c42eac,2017-03-08,2017-03-15,2017-03-28
30a79f0986e4,2017-02-20,2017-03-15,2017-03-22
b1a34a832ec6,2017-03-24,2017-03-24,2017-03-28
6e6172f4d3b7,2017-02-15,2017-03-15,2017-03-17
34f21e8ede34,2017-03-13,2017-03-15,2017-03-28
fa312bb0d0d8,2017-03-27,2017-03-27,2017-03-28
08a775dce607,2017-02-26,2017-03-15,2017-03-28
92675d18a588,2017-03-19,2017-03-19,2017-03-28
afaae6f6d663,2017-03-11,2017-03-15,2017-03-28
37d7fb0c4d47,2017-03-20,2017-03-20,2017-03-28
a8f77aa0e4ba,2017-03-15,2017-03-15,2017-03-28
c8e2fed4da18,2017-03-04,2017-03-15,2017-03-28
ed192a213401,2017-02-26,2017-03-15,2017-03-27
4af62022b57c,2017-02-28,2017-03-15,2017-03-28
02a097d68eaf,2017-03-23,2017-03-23,2017-03-28
524d1e1b5273,2017-03-09,2017-03-15,2017-03-28
6b1cb5440534,2017-03-02,2017-03-15,2017-03-28
82c6570a63bf,2017-02-28,2017-03-15,2017-03-28
3d24edb26da1,2017-03-14,2017-03-15,2017-03-28
98e122e29931,2017-03-05,2017-03-15,2017-03-28
746b4480c934,2017-03-22,2017-03-22,2017-03-28
9e9d57cc3537,2017-03-05,2017-03-15,2017-03-28
b45aa20c508d,2017-03-28,2017-03-28,2017-03-28
41b1f13760f8,2017-03-23,2017-03-23,2017-03-28
2ebe840e06b4,2017-02-21,2017-03-15,2017-03-22
2623804f49b6,2017-03-08,2017-03-15,2017-03-17
4ce69b71db2a,2017-03-05,2017-03-15,2017-03-28
78beb12dc769,2017-03-03,2017-03-15,2017-03-28
a78f063fb2a4,2017-02-21,2017-03-15,2017-03-23
06d4a67ee6b5,2017-02-15,2017-03-15,2017-03-17
7902bc81b3ea,2017-02-18,2017-03-15,2017-03-20
fa6020df781c,2017-03-12,2017-03-15,2017-03-28
3d4fbcd5909f,2017-03-06,2017-03-15,2017-03-28
e99cf4770da4,2017-03-01,2017-03-15,2017-03-28
a7c879ba7c64,2017-02-20,2017-03-15,2017-03-21
53d16adc060a,2017-03-28,2017-03-28,2017-03-28
4b0a72a53769,2017-02-21,2017-03-15,2017-03-23
86f2f6432d53,2017-03-19,2017-03-19,2017-03-28
625f1c6a311a,2017-02-27,2017-03-15,2017-03-28
5ab03333e6fd,2017-02-22,2017-03-15,2017-03-24
6ae302ed4c98,2017-03-05,2017-03-15,2017-03-28
27201ae25fab,2017-02-20,2017-03-15,2017-03-22
65191f57d2ca,2017-03-21,2017-03-21,2017-03-28
f2c55020ec37,2017-03-27,2017-03-27,2017-03-28
0c1d0882aaaa,2017-02-18,2017-03-15,2017-03-20
407a480fce4c,2017-03-09,2017-03-15,2017-03-28
8cbabdb1c278,2017-03-27,2017-03-27,2017-03-28
e40a4ebf0235,2017-03-10,2017-03-15,2017-03-28
989804114a22,2017-03-18,2017-03-18,2017-03-25
57d3ee72b269,2017-02-24,2017-03-15,2017-03-26
3dd7cb54f704,2017-03-13,2017-03-15,2017-03-28
b70f5dfcfc6e,2017-03-09,2017-03-15,2017-03-28
712738992bc6,2017-02-25,2017-03-15,2017-03-27
ef4bcde52afc,2017-02-19,2017-03-15,2017-03-20
2d60079ab6d5,2017-03-14,2017-03-15,2017-03-28
9ed2efd6d37d,2017-02-18,2017-03-15,2017-03-20
d3845a390337,2017-03-16,2017-03-16,2017-03-28
098fd39914b3,2017-03-02,2017-03-15,2017-03-28
503364099445,2017-03-24,2017-03-24,2017-03-28
1219906dd82e,2017-02-14,2017-03-15,2017-03-16
138faf9b4506,2017-02-15,2017-03-15,2017-03-17
c1796200af43,2017-03-10,2017-03-15,2017-03-28
f9a38a1265b8,2017-02-25,2017-03-15,2017-03-27
96689b611e32,2017-03-18,2017-03-18,2017-03-28
edd8e975a2c4,2017-03-15,2017-03-15,2017-03-28
953cf8ac9256,2017-02-16,2017-03-15,2017-03-18
995583c6af71,2017-02-26,2017-03-15,2017-03-28
852d2c402823,2017-02-26,2017-03-15,2017-03-28
f36106a4e26f,2017-02-27,2017-03-15,2017-03-28
8480e3038053,2017-03-27,2017-03-27,2017-03-28
9175c6b79baf,2017-03-07,2017-03-15,2017-03-28
f5fc8dd11c2e,2017-03-14,2017-03-15,2017-03-28
b9dbb29bb3a8,2017-03-10,2017-03-15,2017-03-28
24621e9bca7e,2017-02-26,2017-03-15,2017-03-27
a9a212f348dd,2017-02-15,2017-03-15,2017-03-16
4f3a4eca9999,2017-03-15,2017-03-15,2017-03-28
616b902c21bf,2017-02-13,2017-03-15,2017-03-15
32bdfdda543b,2017-02-16,2017-03-15,2017-03-18
86e330fb6ae1,2017-03-01,2017-03-15,2017-03-28
8b82eba599b3,2017-03-07,2017-03-15,2017-03-28
46abbdbbe4f1,2017-03-14,2017-03-15,2017-03-28
51380430c199,2017-03-06,2017-03-15,2017-03-28
09989261d2ac,2017-03-01,2017-03-15,2017-03-28
0ef6a9096e44,2017-02-27,2017-03-15,2017-03-28
368901f10734,2017-02-17,2017-03-15,2017-03-18
3b4458eaed98,2017-03-13,2017-03-15,2017-03-28
f54834690c11,2017-02-19,2017-03-15,2017-03-21
c5c40d548f45,2017-03-27,2017-03-27,2017-03-28
188462e765e7,2017-03-24,2017-03-24,2017-03-28
efae1903231d,2017-03-18,2017-03-18,2017-03-28
eb1ead586143,2017-03-12,2017-03-15,2017-03-28
073e38c7954a,2017-03-13,2017-03-15,2017-03-28
a9483274df5f,2017-03-12,2017-03-15,2017-03-28
aae22f583f4d,2017-03-06,2017-03-15,2017-03-28
2303a393f5aa,2017-03-14,2017-03-15,2017-03-28
7efe1aebf5de,2017-03-23,2017-03-23,2017-03-28
8f8886f88b50,2017-03-13,2017-03-15,2017-03-28
0818c593dc16,2017-03-09,2017-03-15,2017-03-28
53e11f35be38,2017-02-20,2017-03-15,2017-03-19
dd17d31964b9,2017-03-21,2017-03-21,2017-03-28
bb5d6017f5c0,2017-03-14,2017-03-15,2017-03-28
5f9ecd297caa,2017-03-15,2017-03-15,2017-03-28
1d2925104e70,2017-02-22,2017-03-15,2017-03-24
810672219cfb,2017-03-12,2017-03-15,2017-03-28
08307f2bb8e3,2017-02-16,2017-03-15,2017-03-18
82687bbd9429,2017-02-28,2017-03-15,2017-03-28
39011cb046ae,2017-03-18,2017-03-18,2017-03-28
436ea8782875,2017-03-24,2017-03-24,2017-03-28
9031958716bd,2017-03-15,2017-03-15,2017-03-28
aa06580098b0,2017-02-18,2017-03-15,2017-03-19
596e3ca70c49,2017-03-24,2017-03-24,2017-03-28
9181a0f7a2ee,2017-03-18,2017-03-18,2017-03-20
da521a675cdb,2017-03-06,2017-03-15,2017-03-28
53fb208f831b,2017-02-26,2017-03-15,2017-03-28
2e200bef3833,2017-03-09,2017-03-15,2017-03-28
dbf363b2f6f5,2017-03-04,2017-03-15,2017-03-28
b4feb471f1c7,2017-03-01,2017-03-15,2017-03-28
ab31a9700530,2017-03-15,2017-03-15,2017-03-28
50fff9ce9155,2017-03-13,2017-03-15,2017-03-23
3316af13a3ec,2017-02-24,2017-03-15,2017-03-26
7b26b69fa73e,2017-03-07,2017-03-15,2017-03-25
a8ff42d34cf0,2017-03-18,2017-03-18,2017-03-28
dd9d1dd33e6a,2017-02-22,2017-03-15,2017-03-24
15294d53be92,2017-03-13,2017-03-15,2017-03-28
c5528b0a8c56,2017-02-17,2017-03-15,2017-03-18
42acdefa5259,2017-03-08,2017-03-15,2017-03-19
90537a0bd8ef,2017-02-22,2017-03-15,2017-03-24
bdeb4eb197cd,2017-03-18,2017-03-18,2017-03-28
171a474f3137,2017-03-25,2017-03-25,2017-03-28
bc528311a7da,2017-03-12,2017-03-15,2017-03-28
29e357cb1cc8,2017-03-09,2017-03-15,2017-03-28
2c5b1b33dedf,2017-03-07,2017-03-15,2017-03-28
c93488a9e184,2017-03-22,2017-03-22,2017-03-28
77ec2864b746,2017-02-22,2017-03-15,2017-03-23
46401fac370c,2017-03-09,2017-03-15,2017-03-28
ebe1ae6f6617,2017-03-06,2017-03-15,2017-03-28
e878614e8dc4,2017-03-23,2017-03-23,2017-03-28
39596d76a8b2,2017-03-09,2017-03-15,2017-03-28
d6871a80b7de,2017-03-22,2017-03-22,2017-03-28
19fb646eba5f,2017-03-16,2017-03-16,2017-03-28
9360617fd4fc,2017-02-20,2017-03-15,2017-03-21
ee6d4ca8de84,2017-03-20,2017-03-20,2017-03-28
c1e57f4069e0,2017-02-21,2017-03-15,2017-03-23
07d70031f436,2017-02-20,2017-03-15,2017-03-22
706e2ec292df,2017-02-18,2017-03-15,2017-03-20
987ecef5c8f5,2017-02-15,2017-03-15,2017-03-17
d60e77136712,2017-02-20,2017-03-15,2017-03-22
58f489d52152,2017-03-07,2017-03-15,2017-03-21
b46ad3c2ee59,2017-03-28,2017-03-28,2017-03-28
379c63a26c0b,2017-03-28,2017-03-28,2017-03-28
17963e428058,2017-03-19,2017-03-19,2017-03-28
8a4989a5c4bf,2017-03-14,2017-03-15,2017-03-28
f89fd239ed84,2017-02-25,2017-03-15,2017-03-27
16566426c7bb,2017-03-25,2017-03-25,2017-03-28
6e82a9199e63,2017-03-11,2017-03-15,2017-03-28
6bdba499dc7c,2017-03-04,2017-03-15,2017-03-28
ce367dd11a88,2017-02-28,2017-03-15,2017-03-28
52532bc05dc1,2017-02-28,2017-03-15,2017-03-28
c2781fa7336f,2017-03-03,2017-03-15,2017-03-16
d7f27017856d,2017-02-20,2017-03-15,2017-03-22
a204fe7cc4fb,2017-03-07,2017-03-15,2017-03-28
2635f78c9a5c,2017-03-27,2017-03-27,2017-03-28
18acfb4539e2,2017-03-10,2017-03-15,2017-03-28
0702229f2271,2017-03-05,2017-03-15,2017-03-28
6a8e6ae40e9f,2017-02-16,2017-03-15,2017-03-18
b4645931a5a3,2017-02-17,2017-03-15,2017-03-18
dd72e8700397,2017-03-02,2017-03-15,2017-03-28
5e7bfd7694a6,2017-03-04,2017-03-15,2017-03-28
c4c080f01e4e,2017-03-14,2017-03-15,2017-03-28
5511776940f6,2017-02-20,2017-03-15,2017-03-17
59abe0508134,2017-03-10,2017-03-15,2017-03-28
4ac53906e0a1,2017-03-12,2017-03-15,2017-03-28
a0b7a8748185,2017-02-16,2017-03-15,2017-03-18
84c54480cb42,2017-03-11,2017-03-15,2017-03-28
f39f68304d64,2017-03-02,2017-03-15,2017-03-28
39fe15172fbf,2017-03-24,2017-03-24,2017-03-28
1b1b5468701f,2017-03-11,2017-03-15,2017-03-28
e2391945d54d,2017-02-24,2017-03-15,2017-03-26
01d514f68115,2017-03-15,2017-03-15,2017-03-20
b5338d08fe25,2017-03-08,2017-03-15,2017-03-28
7f966e006409,2017-02-22,2017-03-15,2017-03-24
6067e549e4c3,2017-03-13,2017-03-15,2017-03-28
e412f4540c87,2017-03-13,2017-03-15,2017-03-28
f50f5c343c90,2017-03-28,2017-03-28,2017-03-28
8a550008d27d,2017-03-06,2017-03-15,2017-03-28
af693bc79928,2017-03-16,2017-03-16,2017-03-28
40459f6c4fa8,2017-03-24,2017-03-24,2017-03-28
0260636c53f8,2017-02-25,2017-03-15,2017-03-27
af5f98c1e99f,2017-03-13,2017-03-15,2017-03-28
1d32101a52df,2017-03-24,2017-03-24,2017-03-28
ab8110f03b9f,2017-03-04,2017-03-15,2017-03-28
be38f431e070,2017-03-08,2017-03-15,2017-03-28
739a88b27d55,2017-03-13,2017-03-15,2017-03-28
8fc98bd5b825,2017-03-09,2017-03-15,2017-03-28
a0926dc63e0e,2017-03-06,2017-03-15,2017-03-28
c8776e19931f,2017-02-28,2017-03-15,2017-03-28
7cd1d9f2b817,2017-03-13,2017-03-15,2017-03-28
323003bb7def,2017-02-14,2017-03-15,2017-03-15
2dcf24c55859,2017-03-23,2017-03-23,2017-03-28
96e62b99d624,2017-02-25,2017-03-15,2017-03-27
edd58ba0fc93,2017-02-21,2017-03-15,2017-03-22
d8b1b9b6e3f9,2017-02-23,2017-03-15,2017-03-25
c7953a3c8307,2017-02-15,2017-03-15,2017-03-17
dfb09e28d251,2017-03-15,2017-03-15,2017-03-28
8b311edd7143,2017-03-15,2017-03-15,2017-03-28
8944e0789778,2017-02-20,2017-03-15,2017-03-22
ec5f96584fc9,2017-02-13,2017-03-15,2017-03-15
756a648b984d,2017-03-20,2017-03-20,2017-03-28
1b38073be92c,2017-03-16,2017-03-16,2017-03-28
5aa54c0d2859,2017-03-06,2017-03-15,2017-03-28
c57de0ae4fe0,2017-02-14,2017-03-15,2017-03-16
5fbb0a5ea0d4,2017-03-17,2017-03-17,2017-03-28
d87b7de75749,2017-02-21,2017-03-15,2017-03-23
01e483882abf,2017-02-27,2017-03-15,2017-03-28
684afadfe4fc,2017-03-28,2017-03-28,2017-03-28
dd8b7c72397c,2017-03-19,2017-03-19,2017-03-28
4cabdf5a2865,2017-02-24,2017-03-15,2017-03-26
1e38026411a7,2017-03-01,2017-03-15,2017-03-28
593ac27b058c,2017-03-03,2017-03-15,2017-03-28
e583c5f076bd,2017-02-25,2017-03-15,2017-03-26
e0fba5b5b6a6,2017-03-17,2017-03-17,2017-03-28
1580ace5293f,2017-03-27,2017-03-27,2017-03-28
e2b59e6e8c5d,2017-03-24,2017-03-24,2017-03-28
7f30c0e367db,2017-02-21,2017-03-15,2017-03-23
e63a2d9079c3,2017-03-06,2017-03-15,2017-03-28
7aa35f37938e,2017-02-27,2017-03-15,2017-03-28
cf2f55a86724,2017-03-16,2017-03-16,2017-03-28
679c0f2e89e9,2017-03-12,2017-03-15,2017-03-28
a7f1ae6dd09b,2017-03-17,2017-03-17,2017-03-28
7a7482bf193d,2017-02-28,2017-03-15,2017-03-28
cc1abbc3a902,2017-03-28,2017-03-28,2017-03-28
bca99a6eab23,2017-03-14,2017-03-15,2017-03-28
b31485f2b493,2017-02-14,2017-03-15,2017-03-16
26b400370d74,2017-03-08,2017-03-15,2017-03-28
46f06e6617db,2017-03-13,2017-03-15,2017-03-28
ef71bb30b3ad,2017-02-20,2017-03-15,2017-03-22
91c99880810c,2017-03-11,2017-03-15,2017-03-28
99b2a6524fc6,2017-03-28,2017-03-28,2017-03-28
3e2dde71db80,2017-03-19,2017-03-19,2017-03-23
91734c0586c1,2017-03-18,2017-03-18,2017-03-28
afd30e8bfa7d,2017-03-18,2017-03-18,2017-03-28
090169535295,2017-03-05,2017-03-15,2017-03-28
6b113ce0c341,2017-03-09,2017-03-15,2017-03-28
5e1e165473d3,2017-03-18,2017-03-18,2017-03-23
dc5fd4090070,2017-02-22,2017-03-15,2017-03-24
d646e29fb3f2,2017-02-28,2017-03-15,2017-03-28
4dbaa6cec445,2017-02-25,2017-03-15,2017-03-27
93f7f85fba02,2017-03-10,2017-03-15,2017-03-28
6fb6b08257ae,2017-02-27,2017-03-15,2017-03-28
0a52594a8897,2017-03-15,2017-03-15,2017-03-28
cab0ce14f8a8,2017-03-09,2017-03-15,2017-03-28
14bea7586d5a,2017-02-22,2017-03-15,2017-03-24
cce2de5b223b,2017-03-12,2017-03-15,2017-03-28
e5eb83bec6f2,2017-03-25,2017-03-25,2017-03-28
c42da3065968,2017-03-04,2017-03-15,2017-03-28
04e26498690b,2017-03-13,2017-03-15,2017-03-28
6c9ac6f856c5,2017-03-27,2017-03-27,2017-03-28
1318f3d64e71,2017-03-12,2017-03-15,2017-03-28
1ae7c8906641,2017-03-03,2017-03-15,2017-03-28
d92ad605fd14,2017-02-15,2017-03-15,2017-03-16
196a2513ca23,2017-03-16,2017-03-16,2017-03-22
85d2b4f9a4f9,2017-02-27,2017-03-15,2017-03-28
fdb12cec6d2b,2017-03-02,2017-03-15,2017-03-28
7eb28a9b681c,2017-03-23,2017-03-23,2017-03-28
140cb87e4902,2017-02-21,2017-03-15,2017-03-23
e016f6cf7b3c,2017-03-09,2017-03-15,2017-03-28
f2fd55dcac4a,2017-03-16,2017-03-16,2017-03-24
1112c5160af2,2017-03-28,2017-03-28,2017-03-28
faeed76f9509,2017-02-19,2017-03-15,2017-03-21
9477ed7fe26b,2017-03-11,2017-03-15,2017-03-28
e684b11fba67,2017-03-12,2017-03-15,2017-03-28
76b89e3490f1,2017-03-20,2017-03-20,2017-03-28
be70d5a38562,2017-03-26,2017-03-26,2017-03-28
2b0c46dff87c,2017-03-13,2017-03-15,2017-03-28
ef0f571e6cfe,2017-03-18,2017-03-18,2017-03-28
dab642f564a3,2017-03-04,2017-03-15,2017-03-28
939562737d6b,2017-02-19,2017-03-15,2017-03-21
b71324316650,2017-03-16,2017-03-16,2017-03-28
3664b54cb00c,,2017-03-15,2017-03-28
9d959fb6f203,2017-02-27,2017-03-15,2017-03-28
4deb8d9dd46b,2017-03-04,2017-03-15,2017-03-28
805475b9d8d2,2017-03-18,2017-03-18,2017-03-28
899ce5f098b2,2017-03-22,2017-03-22,2017-03-28
753d3dd71833,2017-02-14,2017-03-15,2017-03-15
49bb3ad055f7,2017-02-17,2017-03-15,2017-03-19
7a3d402293b2,2017-03-13,2017-03-15,2017-03-28
f6a7afea0c74,2017-02-19,2017-03-15,2017-03-20
fc8bf3c26165,2017-03-09,2017-03-15,2017-03-28
cd49d85ba48c,2017-03-13,2017-03-15,2017-03-28
a0fba7a3a4db,2017-02-22,2017-03-15,2017-03-23
60b539b8f3a2,2017-03-01,2017-03-15,2017-03-28
9b052692b913,2017-02-25,2017-03-15,2017-03-26
e50b639db872,2017-02-28,2017-03-15,2017-03-28
075d61663115,2017-02-19,2017-03-15,2017-03-21
0f39f7cf2525,2017-03-23,2017-03-23,2017-03-28
86385677bd34,2017-03-13,2017-03-15,2017-03-28
ebb393385cbb,2017-03-14,2017-03-15,2017-03-28
3c29b88cd824,2017-02-17,2017-03-15,2017-03-19
ba4ad18464be,2017-02-28,2017-03-15,2017-03-28
3b259646a53c,2017-03-18,2017-03-18,2017-03-28
39c39f3ed2df,2017-03-19,2017-03-19,2017-03-28
24db546151db,2017-03-14,2017-03-15,2017-03-28
124bcbe0de8b,2017-03-28,2017-03-28,2017-03-28
ca8a0692904b,2017-02-19,2017-03-15,2017-03-21
40f66aeffb37,2017-03-17,2017-03-17,2017-03-28
0af30a6d92e6,2017-03-25,2017-03-25,2017-03-28
38f41db2561b,2017-03-03,2017-03-15,2017-03-28
283a357f6ada,2017-02-28,2017-03-15,2017-03-28
a126ac1e6fbf,2017-03-11,2017-03-15,2017-03-28
2c220c2453fc,2017-03-02,2017-03-15,2017-03-28
7441230df0e3,2017-02-22,2017-03-15,2017-03-23
b365ec3b220c,2017-02-15,2017-03-15,2017-03-16
8cff7177bc27,2017-03-21,2017-03-22,2017-03-28
69ed36b2cac0,2017-02-14,2017-03-15,2017-03-15
8af31d52f342,2017-03-15,2017-03-15,2017-03-28
d66aa5be670c,2017-02-24,2017-03-15,2017-03-26
63dd09743c6a,2017-03-25,2017-03-25,2017-03-28
608ce4a86d4d,2017-02-20,2017-03-15,2017-03-22
509ba16fd4bb,2017-03-14,2017-03-15,2017-03-28
94d1a49e8fd0,2017-03-01,2017-03-15,2017-03-28
b5dc54b0d6ad,2017-02-19,2017-03-15,2017-03-20
ae82e5f42c2f,2017-03-23,2017-03-23,2017-03-28
e981b6de2598,2017-03-09,2017-03-15,2017-03-28
60647c69aa0f,2017-03-09,2017-03-15,2017-03-28
2ca699f63421,2017-03-01,2017-03-15,2017-03-28
83c3314ee097,2017-02-17,2017-03-15,2017-03-19
a6dbae69dab9,2017-02-15,2017-03-15,2017-03-17
1cf306ee65f1,2017-03-22,2017-03-22,2017-03-28
0228befb1be6,2017-03-02,2017-03-15,2017-03-28
f9e295d0f870,2017-02-16,2017-03-15,2017-03-18
c7ed998c1c14,2017-02-14,2017-03-15,2017-03-15
e70333184329,2017-03-21,2017-03-21,2017-03-24
c171ffc4f665,2017-02-21,2017-03-15,2017-03-22
96dfb3b7bf2e,2017-03-12,2017-03-15,2017-03-28
3e1eb20215c7,2017-03-13,2017-03-15,2017-03-28
4f0d9a0a3593,2017-03-21,2017-03-21,2017-03-28
36fcec6f68d8,2017-02-19,2017-03-15,2017-03-20
3737c2c2e74b,2017-02-13,2017-03-15,2017-03-15
17b69d418bcd,2017-03-11,2017-03-15,2017-03-24
ebf5b5c94262,2017-03-20,2017-03-20,2017-03-28
20678237d8d9,2017-02-28,2017-03-15,2017-03-28
eba8b3e64a74,2017-02-18,2017-03-15,2017-03-20
946b4451b7f2,2017-02-21,2017-03-15,2017-03-22
d610f6acd493,2017-02-18,2017-03-15,2017-03-19
098a828a48e3,2017-02-28,2017-03-15,2017-03-28
d1a7e05f841f,2017-03-16,2017-03-16,2017-03-28
2365ff4501f5,2017-03-23,2017-03-23,2017-03-28
ec9b18354991,2017-03-14,2017-03-15,2017-03-28
b634ed3a99c8,2017-03-12,2017-03-15,2017-03-28
d2b49c933ca2,2017-03-11,2017-03-15,2017-03-28
a34c02788583,2017-03-17,2017-03-17,2017-03-28
39da7ceb4dfc,2017-03-15,2017-03-15,2017-03-28
ecdff6264ba2,2017-02-15,2017-03-15,2017-03-16
c49eee46968d,2017-03-04,2017-03-15,2017-03-28
040a4129b145,2017-03-20,2017-03-20,2017-03-28
be9dd231fb57,2017-02-26,2017-03-15,2017-03-28
6b9be7944e1c,2017-03-11,2017-03-15,2017-03-16
2235b2d22f47,2017-03-15,2017-03-15,2017-03-28
6a611f65b514,2017-03-08,2017-03-15,2017-03-17
a940779b835d,2017-03-14,2017-03-15,2017-03-28
bf338b35bc65,2017-03-26,2017-03-26,2017-03-27
51bbf6d5cec4,2017-03-07,2017-03-15,2017-03-28
4d39a9413949,2017-03-21,2017-03-21,2017-03-28
c1d2066d3d45,2017-03-17,2017-03-17,2017-03-28
656298bf28d3,2017-02-16,2017-03-15,2017-03-18
286efe98881e,2017-03-05,2017-03-15,2017-03-28
383a678fb1fc,2017-03-02,2017-03-15,2017-03-28
d1fd1ad832e1,2017-02-25,2017-03-15,2017-03-26
488e6807ae6c,2017-02-21,2017-03-15,2017-03-23
c98dce3ce5ab,2017-03-21,2017-03-21,2017-03-28
31965b8c40f7,2017-03-02,2017-03-15,2017-03-28
67da5d2aeaad,2017-03-06,2017-03-15,2017-03-28
0593498ea8bb,2017-02-20,2017-03-15,2017-03-21
25e6b4a3cc2b,2017-02-22,2017-03-15,2017-03-24
384601e77ce6,2017-03-26,2017-03-26,2017-03-28
57d92349c439,2017-02-19,2017-03-15,2017-03-20
0e3e2002366c,2017-02-23,2017-03-15,2017-03-25
b802acd47a5e,2017-03-23,2017-03-23,2017-03-28
b02d5909619e,2017-03-02,2017-03-15,2017-03-28
59d7505e895e,2017-03-27,2017-03-27,2017-03-28
c19b825471fe,2017-03-11,2017-03-15,2017-03-28
50f7d714ec9f,2017-03-13,2017-03-15,2017-03-18
a6adb5c7a334,2017-02-14,2017-03-15,2017-03-15
25eb36f1dd2d,2017-02-24,2017-03-15,2017-03-26
14baa7d3d00b,2017-03-18,2017-03-18,2017-03-28
13ca648e496f,2017-03-21,2017-03-21,2017-03-28
baab9582a41a,2017-03-12,2017-03-15,2017-03-28
2278c550c830,2017-03-22,2017-03-22,2017-03-28
dbe8b5b03c9c,2017-02-28,2017-03-15,2017-03-28
a4c57498b855,2017-02-27,2017-03-15,2017-03-28
1150f7b9d360,2017-03-06,2017-03-15,2017-03-17
ae1aeb1ed404,2017-02-17,2017-03-15,2017-03-19
c8174b171247,2017-03-14,2017-03-15,2017-03-28
29ca0f992ad0,2017-02-20,2017-03-15,2017-03-22
0b282b075c4c,2017-03-21,2017-03-21,2017-03-28
411bbb5e08f7,2017-03-05,2017-03-15,2017-03-28
388ee66dd15c,2017-02-24,2017-03-15,2017-03-26
6a601971b202,2017-03-22,2017-03-22,2017-03-28
6b4423b2185f,2017-03-18,2017-03-18,2017-03-28
328d2e6b27b2,2017-03-12,2017-03-15,2017-03-28
5cf90ea5ce41,2017-03-24,2017-03-24,2017-03-28
1f2d6be24016,2017-03-28,2017-03-28,2017-03-28
63aa6122dacb,2017-02-16,2017-03-15,2017-03-18
a895a19e424f,2017-02-25,2017-03-15,2017-03-23
3299a0795c03,2017-03-14,2017-03-15,2017-03-17
36986c28e9a9,2017-02-17,2017-03-15,2017-03-19
0fff8a6a5fc9,2017-03-08,2017-03-15,2017-03-16
7a140c4dcd70,2017-02-25,2017-03-15,2017-03-27
16f93fdd95be,2017-03-17,2017-03-17,2017-03-28
d41637084ce0,2017-03-16,2017-03-16,2017-03-26
cf4785125356,2017-03-12,2017-03-15,2017-03-28
e3af95e062f5,2017-02-28,2017-03-15,2017-03-19
1567a4a07505,2017-03-14,2017-03-15,2017-03-28
b2b66b3ca394,2017-02-13,2017-03-15,2017-03-15
5993ebf68bc4,2017-02-25,2017-03-15,2017-03-27
08bf449ad928,2017-03-05,2017-03-15,2017-03-28
447e23e52d51,2017-03-06,2017-03-15,2017-03-28
8973a3ebcf70,2017-03-25,2017-03-25,2017-03-28
0ac150ee6728,2017-03-15,2017-03-15,2017-03-28
83045c6f5e52,2017-03-13,2017-03-15,2017-03-28
b0ec8d8334ad,2017-03-02,2017-03-15,2017-03-28
dbad801db7f7,2017-02-14,2017-03-15,2017-03-16
d4c2d5e46a6d,2017-03-27,2017-03-27,2017-03-28
a0bc699b8bd1,2017-03-20,2017-03-20,2017-03-28
20fafd15488c,2017-03-03,2017-03-15,2017-03-28
01e69066b2e4,2017-03-15,2017-03-15,2017-03-28
ea0b7cbfae4f,2017-02-16,2017-03-15,2017-03-18
3aa2e5f5e82f,2017-03-06,2017-03-15,2017-03-28
f6dcc39b46a3,2017-03-19,2017-03-19,2017-03-28
28902eb3b2aa,2017-03-06,2017-03-15,2017-03-21
d674b54a6d23,2017-03-26,2017-03-26,2017-03-28
f6d2412a4f14,2017-03-18,2017-03-18,2017-03-28
f3af331f8e08,2017-03-27,2017-03-27,2017-03-28
58098a59aa73,2017-03-09,2017-03-15,2017-03-28
57eb9f690560,2017-03-17,2017-03-17,2017-03-18
6519bab87b1b,2017-02-13,2017-03-15,2017-03-15
eee8bcccdeae,2017-02-26,2017-03-15,2017-03-28
8903ad52a5bd,2017-02-21,2017-03-15,2017-03-22
5004a6a7f384,2017-02-15,2017-03-15,2017-03-16
803a35166c2e,2017-02-14,2017-03-15,2017-03-16
e31921c4e6ed,2017-03-04,2017-03-15,2017-03-28
c3e5d8602e93,2017-03-02,2017-03-15,2017-03-28
0c31860602a2,2017-02-22,2017-03-15,2017-03-24
fa69e486f3ec,2017-02-23,2017-03-15,2017-03-24
7b93b6b86d91,2017-03-05,2017-03-15,2017-03-28
0a97ec3d1a5c,2017-03-22,2017-03-22,2017-03-28
c8645b4d77da,2017-03-03,2017-03-15,2017-03-28
bac4e206d93c,2017-03-21,2017-03-21,2017-03-28
949c3a6ad475,2017-02-28,2017-03-15,2017-03-28
7bba518a923f,2017-02-27,2017-03-15,2017-03-28
034bfb61571a,2017-03-10,2017-03-15,2017-03-28
70ba352668e3,2017-03-19,2017-03-19,2017-03-28
f0560b7e106a,2017-02-21,2017-03-15,2017-03-22
7624bb736ca4,2017-02-20,2017-03-15,2017-03-22
dd2174620a6e,2017-03-03,2017-03-15,2017-03-28
74ea4c412f50,2017-02-23,2017-03-15,2017-03-24
c72b9bcf2615,2017-03-09,2017-03-15,2017-03-28
3f557a69f267,2017-03-04,2017-03-15,2017-03-28
a6f893d5c833,2017-03-07,2017-03-15,2017-03-28
b7225ec1c543,2017-03-20,2017-03-20,2017-03-26
197fb5d6fddb,2017-03-26,2017-03-26,2017-03-28
ed9fc15294be,2017-02-20,2017-03-15,2017-03-22
ad515436596e,2017-03-06,2017-03-15,2017-03-28
99d83f5dc88f,2017-03-02,2017-03-15,2017-03-28
fd45e56326a1,2017-02-17,2017-03-15,2017-03-19
a4661272fa91,2017-02-14,2017-03-15,2017-03-17
c45367fc8a4d,2017-03-06,2017-03-15,2017-03-28
1cfc3888886e,2017-02-26,2017-03-15,2017-03-28
a6b3dfb11190,2017-02-25,2017-03-15,2017-03-27
76c28c3273be,2017-03-27,2017-03-27,2017-03-28
e801163a321e,2017-03-14,2017-03-15,2017-03-28
42c6b40a9f1b,2017-03-11,2017-03-15,2017-03-28
bf4c101854d6,2017-02-21,2017-03-15,2017-03-23
919f959d9d4e,2017-02-17,2017-03-15,2017-03-19
68859fa28221,2017-02-23,2017-03-15,2017-03-24
a3503b0c4863,2017-02-17,2017-03-15,2017-03-19
247faa7cc241,2017-03-21,2017-03-21,2017-03-28
5c72d2b9ab2a,2017-03-07,2017-03-15,2017-03-28
fd426d2b7b7b,2017-03-19,2017-03-19,2017-03-28
bb831f64ec39,2017-02-14,2017-03-15,2017-03-16
ad1c1ba610bc,2017-03-07,2017-03-15,2017-03-28
797adea0bd39,2017-03-28,2017-03-28,2017-03-28
a09e4fbe2390,2017-02-24,2017-03-15,2017-03-25
152298977b21,2017-03-25,2017-03-25,2017-03-28
52f4833eaff8,2017-03-15,2017-03-15,2017-03-28
ac6e4ab4188c,2017-03-21,2017-03-21,2017-03-28
f86162afed87,2017-02-21,2017-03-15,2017-03-23
beaf1d557997,2017-03-12,2017-03-15,2017-03-28
7a964f495140,2017-03-26,2017-03-26,2017-03-28
d478319a7fb0,2017-03-13,2017-03-15,2017-03-28
56d0b3d6bdef,2017-02-28,2017-03-15,2017-03-28
fbef43073d9a,2017-03-12,2017-03-15,2017-03-28
344bc8e40fd5,2017-03-02,2017-03-15,2017-03-28
38713be40806,2017-03-01,2017-03-15,2017-03-28
a4eb7e62fd45,2017-03-10,2017-03-15,2017-03-28
5bdd2d12a536,2017-03-22,2017-03-22,2017-03-28
3b9c0552f40a,2017-03-03,2017-03-15,2017-03-28
d090ee1d42ac,2017-03-21,2017-03-21,2017-03-28
72d9ec8b49bc,2017-02-27,2017-03-15,2017-03-28
d7201d26f6d0,2017-03-05,2017-03-15,2017-03-28
9856e3b18bda,2017-02-13,2017-03-15,2017-03-15
5c7f4952befe,2017-02-20,2017-03-15,2017-03-22
7ca3ec6f817e,2017-03-05,2017-03-15,2017-03-28
c30b9237d110,2017-03-16,2017-03-16,2017-03-28
e84fe239abdb,2017-03-22,2017-03-22,2017-03-28
d1421425a1de,2017-03-14,2017-03-15,2017-03-28
e3bdbfd990d3,2017-03-02,2017-03-15,2017-03-28
0b8772db10d9,2017-03-12,2017-03-15,2017-03-28
70804f25455c,2017-03-18,2017-03-18,2017-03-28
545bc3e2f767,2017-02-14,2017-03-15,2017-03-16
9c5da0ab26ca,2017-03-17,2017-03-17,2017-03-20
308db893cd40,2017-03-07,2017-03-15,2017-03-28
40836d0940ac,2017-03-12,2017-03-15,2017-03-28
f2ef0c97b315,2017-03-06,2017-03-15,2017-03-28
ec08689627c4,2017-03-10,2017-03-15,2017-03-28
93ccb7779fe7,2017-03-05,2017-03-15,2017-03-28
e09778b97fa6,2017-03-03,2017-03-15,2017-03-28
121cb16d1349,2017-03-11,2017-03-15,2017-03-28
5b28486e3a2b,2017-03-12,2017-03-15,2017-03-28
1cfed86ad4b3,2017-03-17,2017-03-17,2017-03-28
1d6833215266,2017-03-20,2017-03-20,2017-03-28
ab5a8f939b26,2017-02-24,2017-03-15,2017-03-26
b9ef01f01bc0,2017-02-22,2017-03-15,2017-03-23
0d3ec89037c1,2017-02-19,2017-03-15,2017-03-20
ff477b351d04,2017-03-25,2017-03-25,2017-03-28
e1ae68f994b3,2017-02-15,2017-03-15,2017-03-17
7ca39cc81c5f,2017-03-26,2017-03-26,2017-03-28
719d00c03d50,2017-03-13,2017-03-15,2017-03-28
34612a1dc11e,2017-03-25,2017-03-25,2017-03-28
6ec070d26656,2017-03-21,2017-03-21,2017-03-28
7bb7c85bb7b4,2017-03-05,2017-03-15,2017-03-28
291a9d7d3347,2017-03-09,2017-03-15,2017-03-28
94c43d3646df,2017-03-21,2017-03-21,2017-03-28
9d2ed26a993f,2017-03-27,2017-03-27,2017-03-28
4a793ad9049e,2017-03-22,2017-03-22,2017-03-28
965a54bacbbe,2017-02-20,2017-03-15,2017-03-22
3e4c57184cf9,2017-03-14,2017-03-15,2017-03-28
37d26f93cd2b,2017-02-24,2017-03-15,2017-03-26
95827ee8b26b,2017-02-17,2017-03-15,2017-03-19
403a98550016,2017-03-14,2017-03-15,2017-03-17
5ad00f383eb0,2017-02-27,2017-03-15,2017-03-28
4c314e6b8afd,2017-02-28,2017-03-15,2017-03-21
9325f24f8110,2017-02-25,2017-03-15,2017-03-27
7ba353a0226f,2017-03-23,2017-03-23,2017-03-28
8e7012db0b47,2017-03-14,2017-03-15,2017-03-28
16c62a748d3d,2017-03-27,2017-03-27,2017-03-28
70eefef124bf,2017-02-16,2017-03-15,2017-03-17
17a42d2f99e2,2017-02-24,2017-03-15,2017-03-26
cd003bce580a,2017-02-13,2017-03-15,2017-03-15
4d4e48408119,2017-03-14,2017-03-15,2017-03-28
5fab8062acd7,2017-03-18,2017-03-18,2017-03-28
b62b0997e038,2017-03-10,2017-03-15,2017-03-17
315926c2d955,2017-02-19,2017-03-15,2017-03-20
429579f91f70,2017-03-10,2017-03-15,2017-03-28
492391f2e1c5,2017-03-13,2017-03-15,2017-03-28
68cc3cd631f9,2017-02-21,2017-03-15,2017-03-23
36adaec9b1bd,2017-02-26,2017-03-15,2017-03-27
513ea5f1e2cf,2017-03-05,2017-03-15,2017-03-27
6f17e0922e79,2017-03-27,2017-03-27,2017-03-28
e1407f23ad10,2017-03-21,2017-03-21,2017-03-28
c9ca27747ed6,2017-03-09,2017-03-15,2017-03-28
bdaff1c25591,2017-03-26,2017-03-26,2017-03-28
67e44b221a40,2017-03-13,2017-03-15,2017-03-28
b499f954b7f9,2017-02-25,2017-03-15,2017-03-27
3c3795783eba,2017-03-08,2017-03-15,2017-03-28
43d47809d08d,2017-03-17,2017-03-17,2017-03-28
6b5670beb1dd,2017-03-27,2017-03-27,2017-03-28
ca18fc7f8a51,2017-02-25,2017-03-15,2017-03-27
a8e4c61cfbaa,2017-02-13,2017-03-15,2017-03-15
82d286d1b1f1,2017-02-15,2017-03-15,2017-03-17
c9437727bc20,2017-03-21,2017-03-21,2017-03-28
08b8abbba53f,2017-02-16,2017-03-15,2017-03-17
be061509ead2,2017-03-11,2017-03-15,2017-03-28
7c1c05bdc76e,2017-02-16,2017-03-15,2017-03-18
ce10a7150afc,2017-02-18,2017-03-15,2017-03-19
db682a5d7d1c,2017-03-03,2017-03-15,2017-03-28
db3f7a48d8a9,2017-03-15,2017-03-15,2017-03-22
7b573e5ec5be,2017-02-16,2017-03-15,2017-03-18
d6d13bcf95c2,2017-03-06,2017-03-15,2017-03-28
1f4d613f033e,2017-02-27,2017-03-15,2017-03-28
ec4ad4a239a4,2017-02-28,2017-03-15,2017-03-28
f8a0a190c097,2017-03-19,2017-03-19,2017-03-28
3a0c9ebb015c,2017-03-22,2017-03-22,2017-03-28
ab055b3ba859,2017-03-08,2017-03-15,2017-03-19
0623b4cf89cb,2017-03-15,2017-03-15,2017-03-28
3d35efe0d401,2017-02-27,2017-03-15,2017-03-28
7d4fe0636b26,2017-03-25,2017-03-25,2017-03-28
bf8db15e998b,2017-03-09,2017-03-15,2017-03-28
b134d4884653,2017-03-06,2017-03-15,2017-03-28
5db2c4e00dc4,2017-03-01,2017-03-15,2017-03-28
ed5e23ae0c66,2017-03-28,2017-03-28,2017-03-28
3aee9753cd98,2017-03-17,2017-03-17,2017-03-28
b7ef23eec626,2017-03-08,2017-03-15,2017-03-28
b68ac5000e82,2017-02-25,2017-03-15,2017-03-27
746273a0034e,2017-03-01,2017-03-15,2017-03-28
462ae08037ba,2017-03-09,2017-03-15,2017-03-28
6d1fe244fece,2017-02-14,2017-03-15,2017-03-16
7e98ff970f59,2017-03-12,2017-03-15,2017-03-28
e805590d965e,2017-02-18,2017-03-15,2017-03-19
e548d2bd431e,2017-03-19,2017-03-19,2017-03-28
4d465d54e964,2017-03-13,2017-03-15,2017-03-28
032514597b50,2017-02-27,2017-03-15,2017-03-28
0528fb91fd3a,2017-03-01,2017-03-15,2017-03-28
c58586aa9030,2017-03-17,2017-03-17,2017-03-28
d7927ad6c325,2017-02-28,2017-03-15,2017-03-28
9d3290e7a369,2017-03-19,2017-03-19,2017-03-28
77439d5a6efa,2017-02-17,2017-03-15,2017-03-19
a308eb64e835,2017-03-10,2017-03-15,2017-03-28
f99a6703b919,2017-02-27,2017-03-15,2017-03-28
069a8c617374,2017-03-22,2017-03-22,2017-03-28
41faa134e22a,2017-03-24,2017-03-24,2017-03-28
643f5ecd3006,2017-03-13,2017-03-15,2017-03-25
928d671e4d50,2017-03-19,2017-03-19,2017-03-28
185147225a39,2017-03-14,2017-03-15,2017-03-28
62678cc2f1ff,2017-02-20,2017-03-15,2017-03-21
cc20bdb6c7dd,2017-02-18,2017-03-15,2017-03-20
b43808cb29ba,2017-03-17,2017-03-17,2017-03-28
f4a570b7558a,2017-02-20,2017-03-15,2017-03-21
32cb932e54d3,2017-03-22,2017-03-22,2017-03-28
09601d06635e,2017-03-14,2017-03-15,2017-03-28
5d8975ca0e58,2017-03-19,2017-03-19,2017-03-28
70a595c81471,2017-03-12,2017-03-15,2017-03-28
792348d4a3a8,2017-03-09,2017-03-15,2017-03-28
e1bde88bf874,2017-03-27,2017-03-27,2017-03-28
42744a2c72c1,2017-03-08,2017-03-15,2017-03-28
6b64d59dc627,2017-02-16,2017-03-15,2017-03-18
a07be0ef6271,2017-03-03,2017-03-15,2017-03-28
70db71389f12,2017-03-12,2017-03-15,2017-03-28
563a650970c9,2017-03-04,2017-03-15,2017-03-28
75d7d66caa75,2017-03-25,2017-03-25,2017-03-28
465be46df544,2017-03-28,2017-03-28,2017-03-28
65112b8e781b,2017-03-04,2017-03-15,2017-03-28
afa60589067f,2017-03-06,2017-03-15,2017-03-28
a4525d259b96,2017-03-21,2017-03-21,2017-03-22
9cbf42b83924,2017-02-19,2017-03-15,2017-03-21
157791e06eec,2017-02-20,2017-03-15,2017-03-22
8d1e43c2f96c,2017-03-11,2017-03-15,2017-03-28
bd13883a2ba0,2017-02-15,2017-03-15,2017-03-16
4c98cac5a39c,2017-03-12,2017-03-15,2017-03-28
ec63c0dc0645,2017-03-22,2017-03-22,2017-03-28
3a7eeb4e07d6,2017-03-02,2017-03-15,2017-03-28
98107a67c029,2017-02-27,2017-03-15,2017-03-19
637e0fca4807,2017-03-03,2017-03-15,2017-03-28
045847ea3a64,2017-03-24,2017-03-24,2017-03-28
f232ce17db3b,2017-03-13,2017-03-15,2017-03-28
385bf1053749,2017-03-21,2017-03-21,2017-03-28
81fa0bf13113,2017-02-19,2017-03-15,2017-03-21
26dd7f4c719c,2017-03-26,2017-03-26,2017-03-28
ceee3cabd1c3,2017-03-03,2017-03-15,2017-03-28
ff0f08d2ddad,2017-02-28,2017-03-15,2017-03-28
d406127d6be5,2017-02-20,2017-03-15,2017-03-22
89c439abff42,2017-03-21,2017-03-21,2017-03-28
2b46586fba32,2017-03-05,2017-03-15,2017-03-28
62eb63208c3d,2017-02-24,2017-03-15,2017-03-25
6fb1dea62077,2017-02-19,2017-03-15,2017-03-21
a81cbc2fed41,2017-03-18,2017-03-18,2017-03-28
c0c51c258e75,2017-03-28,2017-03-28,2017-03-28
6eb69463e546,2017-03-20,2017-03-20,2017-03-28
726b22fa2bc9,2017-03-05,2017-03-15,2017-03-28
f5c3e352b7e5,2017-02-16,2017-03-15,2017-03-17
aaf6432d9d0a,2017-03-09,2017-03-15,2017-03-28
35e50918764b,2017-03-19,2017-03-19,2017-03-28
3de6c8b71d81,2017-02-17,2017-03-15,2017-03-19
584a5ec2907f,2017-02-24,2017-03-15,2017-03-26
b1557d342da8,2017-03-28,2017-03-28,2017-03-28
41e41b24b91c,2017-02-16,2017-03-15,2017-03-18
7d8196ecee80,2017-02-20,2017-03-15,2017-03-21
7f55cdc7a986,2017-02-18,2017-03-15,2017-03-20
ab8f765a72c8,2017-02-14,2017-03-15,2017-03-16
888e1b22a624,2017-03-09,2017-03-15,2017-03-28
f02eb3a149ef,2017-03-20,2017-03-20,2017-03-28
48b190b2f10f,2017-02-22,2017-03-15,2017-03-24
2d03a99db9f1,2017-02-13,2017-03-15,2017-03-15
9ad8ac2c2386,2017-03-12,2017-03-15,2017-03-27
37616d2c2204,2017-02-25,2017-03-15,2017-03-27
2b6ba4b87d61,2017-02-17,2017-03-15,2017-03-19
447706d27947,2017-03-02,2017-03-15,2017-03-28
7a6ecb13d6e0,2017-03-15,2017-03-15,2017-03-28
bb2e26b314aa,2017-03-23,2017-03-23,2017-03-28
78b0f3c84b0e,2017-03-06,2017-03-15,2017-03-28
e3e9b927e618,2017-02-16,2017-03-15,2017-03-18
7f416d3b9c2e,2017-03-15,2017-03-15,2017-03-25
5fb72fbe79df,2017-02-16,2017-03-15,2017-03-18
5391222ccbdf,2017-03-01,2017-03-15,2017-03-28
d0022bc23377,2017-03-16,2017-03-16,2017-03-28
8ccb1552e0ab,2017-03-22,2017-03-22,2017-03-28
b62d4bfb2e68,2017-02-28,2017-03-15,2017-03-28
826b20ea0b44,2017-03-03,2017-03-15,2017-03-28
ef675b846e28,2017-03-16,2017-03-16,2017-03-28
d077eea35039,2017-03-09,2017-03-15,2017-03-28
13ecbe1308a3,2017-03-13,2017-03-15,2017-03-28
2e2e6bf9d6bc,2017-03-14,2017-03-15,2017-03-28
acc83c995899,2017-03-17,2017-03-17,2017-03-28
203be7fbb4a7,2017-03-21,2017-03-21,2017-03-28
e9648a7c3585,2017-03-12,2017-03-15,2017-03-28
0c17e41afe2b,2017-03-24,2017-03-24,2017-03-28
74a5e1c71d30,2017-03-09,2017-03-15,2017-03-28
6365b70ee336,2017-03-06,2017-03-15,2017-03-28
9aa8cd1f5c5a,2017-03-26,2017-03-26,2017-03-28
973221064979,2017-02-28,2017-03-15,2017-03-28
6899e5852d56,2017-02-25,2017-03-15,2017-03-26
4cddde21bec8,2017-03-15,2017-03-15,2017-03-28
1ed841773705,2017-02-13,2017-03-15,2017-03-15
35a9867189db,2017-02-15,2017-03-15,2017-03-17
e05aa3cf6996,2017-03-04,2017-03-15,2017-03-28
926eedcc3b9a,2017-03-04,2017-03-15,2017-03-28
bd6ccd7c99ea,2017-02-17,2017-03-15,2017-03-19
e9445194cded,2017-02-22,2017-03-15,2017-03-24
d7739ea0cf2c,2017-03-21,2017-03-21,2017-03-28
081a3495d75c,2017-02-24,2017-03-15,2017-03-26
d99ae9ad0aac,2017-03-21,2017-03-21,2017-03-28
2056dbe944a5,2017-03-25,2017-03-25,2017-03-28
baf8d40327de,2017-03-20,2017-03-20,2017-03-28
c956795ba273,2017-03-13,2017-03-15,2017-03-28
8f1414563755,2017-03-18,2017-03-18,2017-03-28
e8455af64fd7,2017-03-21,2017-03-21,2017-03-28
b9188e138a60,2017-02-25,2017-03-15,2017-03-27
9e33dfea3cda,2017-02-25,2017-03-15,2017-03-28
9c3f96ed8f08,2017-03-08,2017-03-15,2017-03-20
6b4c32380e54,2017-03-26,2017-03-26,2017-03-28
c52a2790b0bd,2017-03-06,2017-03-15,2017-03-28
15819840b761,2017-03-13,2017-03-15,2017-03-28
a3b1f406aef6,2017-03-04,2017-03-15,2017-03-28
f9d22f7eb9de,2017-03-12,2017-03-15,2017-03-28
453ad1547f44,2017-03-18,2017-03-18,2017-03-28
09e348a522f0,2017-03-07,2017-03-15,2017-03-28
a12c9e39709e,2017-02-20,2017-03-15,2017-03-22
392ffe950a2a,2017-03-21,2017-03-21,2017-03-28
170321ff5d19,2017-03-17,2017-03-17,2017-03-28
6fbcd1fe3cca,2017-02-14,2017-03-15,2017-03-16
772de147fc34,2017-02-27,2017-03-15,2017-03-28
176f33a7f423,2017-02-16,2017-03-15,2017-03-18
a810b6cf00c5,2017-03-01,2017-03-15,2017-03-28
a6fbcd5abf79,2017-03-10,2017-03-15,2017-03-28
144a85b91f1a,2017-02-20,2017-03-15,2017-03-22
234325f69729,2017-03-21,2017-03-21,2017-03-28
1ad0997fa688,2017-02-15,2017-03-15,2017-03-17
d1c14d346e04,2017-02-26,2017-03-15,2017-03-28
e83e0000e5b4,2017-03-16,2017-03-16,2017-03-28
67f74395603c,2017-03-17,2017-03-17,2017-03-28
b87371c7b4c0,2017-03-07,2017-03-15,2017-03-28
00f4d54a4c64,2017-03-01,2017-03-15,2017-03-28
4db4b6f4fa9f,2017-03-15,2017-03-15,2017-03-28
49124d2e7cfe,2017-02-22,2017-03-15,2017-03-23
2e21f6847f63,2017-02-21,2017-03-15,2017-03-23
6f0e0960b7f9,2017-03-02,2017-03-15,2017-03-28
43e254fdbde1,2017-02-26,2017-03-15,2017-03-27
9606add4df6d,2017-02-24,2017-03-15,2017-03-26
074812be6b10,2017-02-28,2017-03-15,2017-03-28
3666830dd4ac,2017-03-27,2017-03-27,2017-03-28
bca44fdf0e47,2017-03-20,2017-03-20,2017-03-28
6113725f3b01,2017-02-21,2017-03-15,2017-03-22
9004a0413e47,2017-02-16,2017-03-15,2017-03-18
b7fdfe42efbb,2017-02-14,2017-03-15,2017-03-16
64095d8a0a11,2017-03-13,2017-03-15,2017-03-28
d45b09aed534,2017-03-19,2017-03-19,2017-03-28
875cdc4dab18,2017-03-12,2017-03-15,2017-03-28
b7438197767a,2017-02-25,2017-03-15,2017-03-16
c104da8e1232,2017-03-21,2017-03-21,2017-03-28
9cdfe2ba18e9,2017-02-21,2017-03-15,2017-03-23
c31e8e1e9127,2017-02-26,2017-03-15,2017-03-28
d18ea45c580d,2017-03-20,2017-03-20,2017-03-28
5d4d42265e6c,2017-03-12,2017-03-15,2017-03-28
72713b5e5747,2017-03-02,2017-03-15,2017-03-28
d488376c49ff,2017-03-20,2017-03-20,2017-03-25
37680c117968,2017-03-27,2017-03-27,2017-03-28
0bf0a11a0994,2017-03-04,2017-03-15,2017-03-28
81ee14e50a73,2017-02-13,2017-03-15,2017-03-15
249f86fd3a08,2017-03-05,2017-03-15,2017-03-28
49ab5a1fad19,,2017-03-15,2017-03-28
14b0f2d58189,2017-03-06,2017-03-15,2017-03-28
91754eea8e9b,2017-03-09,2017-03-15,2017-03-28
08dda2d5fa94,2017-02-19,2017-03-15,2017-03-21
f0a5148fbf90,2017-03-13,2017-03-15,2017-03-28
4fc46887895f,2017-03-03,2017-03-15,2017-03-28
34c67f8d4996,2017-03-26,2017-03-26,2017-03-28
7e225380c51c,2017-03-06,2017-03-15,2017-03-28
242e4ab10db9,2017-02-24,2017-03-15,2017-03-25
629c4572d0cb,2017-03-12,2017-03-15,2017-03-28
1b1bef426633,2017-02-16,2017-03-15,2017-03-17
30ef0a467441,2017-02-24,2017-03-15,2017-03-25
968f2bd637f6,2017-02-26,2017-03-15,2017-03-28
f846edc12018,2017-03-19,2017-03-19,2017-03-28
c3ee3b1e555c,2017-03-20,2017-03-20,2017-03-28
675d70eaa25d,2017-02-18,2017-03-15,2017-03-19
bab2b9b5860f,2017-02-18,2017-03-15,2017-03-20
d257ea89f11d,2017-03-14,2017-03-15,2017-03-16
fa021e0b05aa,2017-03-22,2017-03-22,2017-03-28
ef76053f734b,2017-02-22,2017-03-15,2017-03-24
6f70d9499397,2017-02-19,2017-03-15,2017-03-21
149d2934c6bf,2017-03-11,2017-03-15,2017-03-28
b3993a5de7ed,2017-03-05,2017-03-15,2017-03-28
688248815b81,2017-02-19,2017-03-15,2017-03-21
8783408c3960,2017-02-16,2017-03-15,2017-03-18
9f1da16efc9d,2017-02-25,2017-03-15,2017-03-27
1d899fe88114,2017-03-18,2017-03-18,2017-03-28
068602a9da4d,2017-03-06,2017-03-15,2017-03-28
5cbd15a97ae9,2017-03-20,2017-03-20,2017-03-24
942118f7d516,2017-02-16,2017-03-15,2017-03-18
1c94dfe38a8c,2017-03-28,2017-03-28,2017-03-28
72c11de3e21d,2017-02-17,2017-03-15,2017-03-18
f094167f11f4,2017-03-14,2017-03-15,2017-03-28
4439fe76aeec,2017-03-03,2017-03-15,2017-03-28
912bc25977b7,2017-03-18,2017-03-18,2017-03-28
e957dbc66237,2017-03-05,2017-03-15,2017-03-28
da222326acac,2017-03-08,2017-03-15,2017-03-28
23bc7feddce6,2017-03-06,2017-03-15,2017-03-28
f97609615649,2017-03-19,2017-03-19,2017-03-28
5bb44e57dd9c,2017-03-21,2017-03-21,2017-03-28
ee461f685a00,2017-03-14,2017-03-15,2017-03-28
2c6796558ea6,2017-02-16,2017-03-15,2017-03-18
d2a310c386da,2017-02-17,2017-03-15,2017-03-19
07128d676599,2017-03-12,2017-03-15,2017-03-28
8b174227a412,2017-02-17,2017-03-15,2017-03-18
b8cf289f3e83,2017-02-26,2017-03-15,2017-03-28
92a16e3602ee,2017-03-11,2017-03-15,2017-03-28
1f866b84b40c,2017-03-21,2017-03-21,2017-03-28
74db7a10e595,2017-02-14,2017-03-15,2017-03-16
653ec7907138,2017-03-21,2017-03-21,2017-03-28
a0d3612ddbef,2017-03-02,2017-03-15,2017-03-28
b421d7801d7f,2017-03-14,2017-03-15,2017-03-28
8410011ca96a,2017-03-03,2017-03-15,2017-03-28
d413787015f6,2017-03-07,2017-03-15,2017-03-28
f4c5eb23eb13,2017-03-22,2017-03-22,2017-03-28
b708ec1a696c,2017-02-27,2017-03-15,2017-03-28
ac511f63c020,2017-02-24,2017-03-15,2017-03-25
2998ba96dc16,2017-03-18,2017-03-18,2017-03-19
8ab53b8a843b,2017-03-10,2017-03-15,2017-03-28
8073bd0c5464,2017-02-18,2017-03-15,2017-03-19
bb0191d9b021,2017-03-27,2017-03-27,2017-03-28
42c4e037b029,2017-02-20,2017-03-15,2017-03-22
bfb795e1075e,2017-03-15,2017-03-15,2017-03-28
39a3fe7d3c73,2017-02-26,2017-03-15,2017-03-28
b32c5f229c3c,2017-03-01,2017-03-15,2017-03-28
abc3a4f4670a,2017-03-09,2017-03-15,2017-03-28
72d9a418fb88,2017-03-04,2017-03-15,2017-03-28
8eadaebb8929,2017-02-20,2017-03-15,2017-03-21
a04814da4c91,2017-03-27,2017-03-27,2017-03-28
411a9cc866b7,2017-03-06,2017-03-15,2017-03-28
d0315553d875,2017-02-20,2017-03-15,2017-03-22
6ff5f4276a65,2017-02-25,2017-03-15,2017-03-26
3324cab9140a,2017-03-28,2017-03-28,2017-03-28
65bab7ac70d1,2017-02-27,2017-03-15,2017-03-28
a779d594b256,2017-03-02,2017-03-15,2017-03-28
c628f9a11462,2017-02-22,2017-03-15,2017-03-23
af3ac2397a33,2017-03-07,2017-03-15,2017-03-28
b5dd6809fbb2,2017-03-17,2017-03-17,2017-03-28
d8a9f64b0d33,2017-03-24,2017-03-24,2017-03-28
1710c4fbf794,2017-03-25,2017-03-25,2017-03-28
bb1954166b34,2017-03-04,2017-03-15,2017-03-21
0ff5c24698f9,2017-03-20,2017-03-20,2017-03-28
edbbfd4fc59b,2017-02-22,2017-03-15,2017-03-24
8031832032bf,2017-03-03,2017-03-15,2017-03-28
53b4d0f2849f,2017-02-25,2017-03-15,2017-03-26
73607fc75f46,2017-03-24,2017-03-24,2017-03-28
e2809e275330,2017-02-15,2017-03-15,2017-03-17
80e4fa5cd864,2017-02-13,2017-03-15,2017-03-15
ed8c279e767b,2017-02-26,2017-03-15,2017-03-28
fd8e46cd7ce4,2017-03-20,2017-03-20,2017-03-28
7130161a072c,2017-02-17,2017-03-15,2017-03-19
9152198a87dc,2017-03-19,2017-03-19,2017-03-28
cb51ca6b4cde,2017-03-22,2017-03-22,2017-03-28
e8b695a661df,2017-03-12,2017-03-15,2017-03-28
4149187f704b,2017-03-11,2017-03-15,2017-03-28
0b83f3c614ac,2017-03-24,2017-03-24,2017-03-28
bcd191dbd384,2017-03-13,2017-03-15,2017-03-28
8b709752c05a,2017-03-27,2017-03-27,2017-03-28
511299bbfbe0,2017-03-17,2017-03-17,2017-03-28
a8c9895d3bfa,2017-03-24,2017-03-24,2017-03-28
9fa15387436d,2017-03-27,2017-03-27,2017-03-28
bb78c1f04cfb,2017-03-15,2017-03-15,2017-03-20
349f806b2e86,2017-03-05,2017-03-15,2017-03-28
62aae34be39f,2017-03-16,2017-03-16,2017-03-28
a06bdba2d6ea,2017-03-23,2017-03-23,2017-03-27
36c4e8f48a08,2017-03-27,2017-03-27,2017-03-28
cbb3c093e7d7,2017-02-14,2017-03-15,2017-03-16
3fdacfe543b3,2017-03-02,2017-03-15,2017-03-28
0871024eda50,2017-03-28,2017-03-28,2017-03-28
9f3da23c3f9e,2017-02-28,2017-03-15,2017-03-28
ec1df8fcbb0a,2017-03-27,2017-03-27,2017-03-28
67b1daa7cea3,2017-02-14,2017-03-15,2017-03-16
7a061b4d5b8f,2017-03-01,2017-03-15,2017-03-26
b78fe164ccc7,2017-03-04,2017-03-15,2017-03-28
d08755b90bb5,2017-02-20,2017-03-15,2017-03-22
b6bd0a1f2854,2017-03-17,2017-03-17,2017-03-28
b1b46c3e4b2c,2017-02-27,2017-03-15,2017-03-28
fd504fc707c5,2017-03-09,2017-03-15,2017-03-28
c2be2681c097,2017-02-15,2017-03-15,2017-03-17
f1a65fc8efc1,2017-02-17,2017-03-15,2017-03-19
a28c5fb53d0a,2017-03-19,2017-03-19,2017-03-28
dd265ac5149b,2017-03-24,2017-03-24,2017-03-28
3f49fb0a3cbe,2017-03-05,2017-03-15,2017-03-28
c4e3ae2b3810,2017-02-22,2017-03-15,2017-03-24
863bddcc5387,2017-03-23,2017-03-23,2017-03-28
ce297eea8991,2017-02-25,2017-03-15,2017-03-27
d180be0fa8b4,2017-03-26,2017-03-26,2017-03-28
18ee7ce94f0c,2017-03-19,2017-03-19,2017-03-28
f0779406478a,2017-02-20,2017-03-15,2017-03-22
d8091d632170,2017-03-20,2017-03-20,2017-03-28
81f7d7a3103a,2017-02-19,2017-03-15,2017-03-21
00c49c630542,2017-02-23,2017-03-15,2017-03-25
98be6483e269,2017-03-19,2017-03-19,2017-03-28
db85fd169c59,2017-03-14,2017-03-15,2017-03-28
49ea7902394a,2017-03-28,2017-03-28,2017-03-28
cf1f67d77806,2017-03-01,2017-03-15,2017-03-28
2b0472987244,2017-03-24,2017-03-24,2017-03-28
3a7691a78a69,2017-03-13,2017-03-15,2017-03-26
bd8d1279345e,2017-03-09,2017-03-15,2017-03-28
f0a842498bd8,2017-03-09,2017-03-15,2017-03-28
2daa3d0b6569,2017-02-27,2017-03-15,2017-03-28
7a228d076102,2017-03-20,2017-03-20,2017-03-28
13c12af68fff,2017-03-28,2017-03-28,2017-03-28
27eea0ed3942,2017-03-12,2017-03-15,2017-03-22
76c5655965e4,2017-03-03,2017-03-15,2017-03-28
8f7406c39929,2017-02-28,2017-03-15,2017-03-18
f24296f00cd6,2017-03-21,2017-03-21,2017-03-28
6ab7fe8ba65d,2017-03-10,2017-03-15,2017-03-28
7a07bf53e18a,2017-02-26,2017-03-15,2017-03-28
17aa2bda8184,2017-03-15,2017-03-15,2017-03-28
aa784a158e64,2017-02-20,2017-03-15,2017-03-22
4eff2474f70a,2017-02-22,2017-03-15,2017-03-23
6f561764546c,2017-03-19,2017-03-19,2017-03-28
f416d2708be5,2017-03-10,2017-03-15,2017-03-28
18a7c6ddacb5,2017-03-23,2017-03-23,2017-03-28
f872396f3e2c,2017-03-04,2017-03-15,2017-03-28
75553cdc0a07,2017-02-22,2017-03-15,2017-03-24
67d04911212c,2017-03-04,2017-03-15,2017-03-28
366e21dc9f9a,2017-02-15,2017-03-15,2017-03-16
b5b39dae8f88,2017-03-09,2017-03-15,2017-03-28
55b609b5b95a,2017-03-25,2017-03-25,2017-03-28
574153cc11a4,2017-03-07,2017-03-15,2017-03-28
4b4f9c8bd2f4,2017-03-07,2017-03-15,2017-03-28
fa715059079a,2017-02-26,2017-03-15,2017-03-24
8f09d0300f81,2017-02-16,2017-03-15,2017-03-18
4ab5a3259a1d,2017-02-27,2017-03-15,2017-03-28
db9e118242ea,2017-03-04,2017-03-15,2017-03-28
6123edf40b5c,2017-03-21,2017-03-21,2017-03-28
2b5377413959,2017-03-01,2017-03-15,2017-03-28
e588af14d62d,2017-02-19,2017-03-15,2017-03-21
2dcc99f1b75b,2017-03-17,2017-03-17,2017-03-28
d26680937026,2017-02-24,2017-03-15,2017-03-25
17816ecbaec3,2017-02-21,2017-03-15,2017-03-23
232b3cd3e1e9,2017-03-06,2017-03-15,2017-03-28
1c88830cfceb,2017-02-26,2017-03-15,2017-03-28
b654d2415af0,2017-03-20,2017-03-20,2017-03-28
b9bb0e725cf6,2017-03-03,2017-03-15,2017-03-28
acabac56136d,2017-02-15,2017-03-15,2017-03-16
dad1a031c963,2017-03-20,2017-03-20,2017-03-28
15e11c7a254a,2017-03-09,2017-03-15,2017-03-28
9e442987d4a4,2017-03-11,2017-03-15,2017-03-28
60da222aae7a,2017-03-25,2017-03-25,2017-03-28
618287e3ff94,2017-03-14,2017-03-15,2017-03-28
085d6a7d1c49,2017-02-22,2017-03-15,2017-03-24
5f06be3aac5f,2017-03-22,2017-03-22,2017-03-28
1bf2d3830424,2017-03-04,2017-03-15,2017-03-28
f9c136cecd04,2017-03-17,2017-03-17,2017-03-28
48379174ba91,2017-03-13,2017-03-15,2017-03-28
9060ea91f2de,2017-03-26,2017-03-26,2017-03-28
c3aef6b1b0e0,2017-02-14,2017-03-15,2017-03-16
f246d0d6efea,2017-03-10,2017-03-15,2017-03-28
60c4dfad0ea5,2017-03-02,2017-03-15,2017-03-28
477dff538cd4,2017-02-16,2017-03-15,2017-03-18
c2e011ca76e1,2017-03-13,2017-03-15,2017-03-28
c460bd66cc57,2017-02-28,2017-03-15,2017-03-28
c4a8e24e10b9,2017-02-19,2017-03-15,2017-03-21
c0be8e5f9094,2017-02-28,2017-03-15,2017-03-28
ed3a90e9aabc,2017-03-13,2017-03-15,2017-03-28
e24162831013,2017-03-18,2017-03-18,2017-03-28
93a76eb11df1,2017-03-06,2017-03-15,2017-03-28
80bc8305f669,2017-02-24,2017-03-15,2017-03-26
3a20f0591d57,2017-02-25,2017-03-15,2017-03-27
8f09deb1742e,2017-03-26,2017-03-26,2017-03-28
769d42383e3d,2017-03-19,2017-03-19,2017-03-28
d2bf73fe0993,2017-02-15,2017-03-15,2017-03-16
571be9b5ad2f,2017-03-06,2017-03-15,2017-03-28
affb0c353885,2017-03-23,2017-03-23,2017-03-28
27b5369686b7,2017-02-14,2017-03-15,2017-03-16
784c8b038afd,2017-03-11,2017-03-15,2017-03-28
df89f6c3d743,2017-03-05,2017-03-15,2017-03-28
bea5522c4d1b,2017-02-26,2017-03-15,2017-03-28
7195074e6d9b,2017-02-16,2017-03-15,2017-03-18
10d639b80502,2017-02-24,2017-03-15,2017-03-25
e9327b8db0a5,2017-02-26,2017-03-15,2017-03-27
7d38503b7897,2017-03-09,2017-03-15,2017-03-28
55e17347cac6,2017-02-24,2017-03-15,2017-03-25
7eac4bc5913d,2017-03-08,2017-03-15,2017-03-28
91312709c492,2017-03-11,2017-03-15,2017-03-28
056d5fc93a25,2017-02-18,2017-03-15,2017-03-19
702b1b0b41b1,2017-03-01,2017-03-15,2017-03-28
d763f74818e6,2017-03-09,2017-03-15,2017-03-28
7c76aaa7f587,2017-03-10,2017-03-15,2017-03-28
1080afeed5a1,2017-02-15,2017-03-15,2017-03-17
4172995f8e20,2017-03-23,2017-03-23,2017-03-28
bbb2708b1df5,2017-02-15,2017-03-15,2017-03-17
b96abb866e64,2017-02-26,2017-03-15,2017-03-28
2505dd1a5f50,2017-02-28,2017-03-15,2017-03-28
98680ce7f9de,2017-03-08,2017-03-15,2017-03-28
a684ba26073d,2017-03-07,2017-03-15,2017-03-28
b3ea457abebc,2017-03-24,2017-03-24,2017-03-28
98034bb50e64,2017-03-01,2017-03-15,2017-03-28
61744e947691,2017-03-27,2017-03-27,2017-03-28
96e514b88800,2017-02-27,2017-03-15,2017-03-28
176208a27dd6,2017-03-10,2017-03-15,2017-03-28
a9ffa3d8cb24,2017-03-06,2017-03-15,2017-03-28
4f437ab1a73b,2017-03-15,2017-03-15,2017-03-28
489de0693bc5,2017-03-08,2017-03-15,2017-03-28
2c691a525820,2017-03-20,2017-03-20,2017-03-28
46ed42d26bfc,2017-02-19,2017-03-15,2017-03-21
8ae6da43ee53,2017-03-26,2017-03-26,2017-03-28
a3e2cb4a4284,2017-03-03,2017-03-15,2017-03-28
d5e1d24749b0,2017-03-03,2017-03-15,2017-03-28
94423a84be23,2017-03-10,2017-03-15,2017-03-28
740d87f8421b,2017-02-26,2017-03-15,2017-03-27
e2064b24d146,2017-03-01,2017-03-15,2017-03-28
04b558289b0a,2017-03-10,2017-03-15,2017-03-28
ccbbf9b4f0d5,2017-03-23,2017-03-23,2017-03-28
599c8204ddff,2017-03-03,2017-03-15,2017-03-28
f6d3845dea19,2017-03-10,2017-03-15,2017-03-28
6109eb1471c1,2017-03-11,2017-03-15,2017-03-28
789d97fc4371,2017-02-17,2017-03-15,2017-03-19
7875830a24ef,2017-02-16,2017-03-15,2017-03-17
91fba7d8d334,2017-02-22,2017-03-15,2017-03-24
48b507868a00,2017-03-09,2017-03-15,2017-03-28
e56917837d2f,2017-02-19,2017-03-15,2017-03-21
96d737e3d3ea,2017-02-17,2017-03-15,2017-03-19
89ec8b52d885,2017-02-14,2017-03-15,2017-03-16
62b1c9b9885e,2017-03-22,2017-03-22,2017-03-28
415e745e4514,2017-02-27,2017-03-15,2017-03-28
c1945780f721,2017-03-26,2017-03-26,2017-03-28
fdaa1dc39053,2017-02-24,2017-03-15,2017-03-26
98cb1f67b064,2017-03-09,2017-03-15,2017-03-28
39e1a0e03723,2017-02-28,2017-03-15,2017-03-28
56824820bd44,2017-02-18,2017-03-15,2017-03-20
950afe90c934,2017-03-11,2017-03-15,2017-03-28
794ac0af916a,2017-03-10,2017-03-15,2017-03-18
2036659dfc53,2017-03-06,2017-03-15,2017-03-19
c640efacd84a,2017-02-26,2017-03-15,2017-03-28
7b4c448e9e3a,2017-02-28,2017-03-15,2017-03-28
bb85ce171df5,2017-03-06,2017-03-15,2017-03-28
0acd61fffa55,2017-02-15,2017-03-15,2017-03-17
b884c1f5f51e,2017-03-12,2017-03-15,2017-03-23
e849ad433413,2017-03-08,2017-03-15,2017-03-28
264c53fc3bbe,2017-02-15,2017-03-15,2017-03-17
bc89c8031782,2017-02-25,2017-03-15,2017-03-27
a6d2bd96f46a,2017-03-18,2017-03-18,2017-03-22
d7c2a7b5645d,2017-02-26,2017-03-15,2017-03-28
23c380e0e553,2017-03-06,2017-03-15,2017-03-28
39f9ae36bacb,2017-02-18,2017-03-15,2017-03-20
5cfc10162e80,2017-03-15,2017-03-15,2017-03-28
57eb719e144e,2017-02-24,2017-03-15,2017-03-25
feb68f383bd9,2017-03-14,2017-03-15,2017-03-28
c3d4a6e5f92d,2017-02-21,2017-03-15,2017-03-23
d86bd65d5aa0,2017-03-24,2017-03-24,2017-03-28
435deef82acb,2017-02-19,2017-03-15,2017-03-21
56393f620fde,2017-03-15,2017-03-15,2017-03-28
ca357a5bab54,2017-02-19,2017-03-15,2017-03-21
c398734e9720,2017-03-22,2017-03-22,2017-03-28
8d3beb2b8013,2017-03-02,2017-03-15,2017-03-28
0ed7beab2f30,2017-02-16,2017-03-15,2017-03-17
e23a16b4f881,2017-02-28,2017-03-15,2017-03-28
c9a36ded9042,2017-03-12,2017-03-15,2017-03-28
1213063f6495,2017-02-13,2017-03-15,2017-03-15
767c5382caac,2017-02-28,2017-03-15,2017-03-26
f46a388614e5,2017-02-26,2017-03-15,2017-03-28
13dd6fc9f420,2017-03-18,2017-03-18,2017-03-28
8b76243672e1,2017-03-01,2017-03-15,2017-03-28
698489076d7a,2017-02-26,2017-03-15,2017-03-16
9cf8ba651d7b,2017-02-17,2017-03-15,2017-03-18
f75345863c8f,2017-03-22,2017-03-22,2017-03-28
171ade92ce6c,2017-03-25,2017-03-25,2017-03-28
63203e9402e1,2017-03-06,2017-03-15,2017-03-28
1005f748d260,2017-03-23,2017-03-23,2017-03-28
635eb4d6767a,2017-03-17,2017-03-17,2017-03-28
33b89c27c48e,2017-03-14,2017-03-15,2017-03-28
49ea3166477e,2017-03-04,2017-03-15,2017-03-28
14bd7de331a1,2017-03-09,2017-03-15,2017-03-28
923479c8962f,2017-03-23,2017-03-23,2017-03-28
c85f388ec756,2017-02-24,2017-03-15,2017-03-26
0263338129a5,2017-03-16,2017-03-16,2017-03-28
7faf1c1d92ca,2017-03-11,2017-03-15,2017-03-28
2ff1f230f6e3,2017-03-12,2017-03-15,2017-03-28
e7784fda43fa,2017-02-19,2017-03-15,2017-03-21
5e18268e601a,2017-03-12,2017-03-15,2017-03-28
671b4f0dafac,2017-03-09,2017-03-15,2017-03-28
26254a351e29,2017-03-10,2017-03-15,2017-03-28
4e6847df3666,2017-03-10,2017-03-15,2017-03-28
39c0d5dd1186,2017-03-10,2017-03-15,2017-03-28
142b6dd0b82a,2017-03-12,2017-03-15,2017-03-28
3fac52590230,2017-03-06,2017-03-15,2017-03-28
1996df70de95,2017-02-28,2017-03-15,2017-03-28
7a9a086fcb67,2017-02-19,2017-03-15,2017-03-21
39db9a1d24b4,2017-02-25,2017-03-15,2017-03-27
2b152c208e0a,2017-03-26,2017-03-26,2017-03-28
f0791016eed1,2017-02-16,2017-03-15,2017-03-17
5ede7cfb5f5a,2017-03-06,2017-03-15,2017-03-28
adc94728faa5,2017-02-21,2017-03-15,2017-03-23
82eb60ae6701,2017-03-21,2017-03-21,2017-03-28
4ac7b02c660f,2017-03-12,2017-03-15,2017-03-28
cf7ba90f84ef,2017-02-26,2017-03-15,2017-03-28
96b91f20092e,2017-03-12,2017-03-15,2017-03-28
2b8993ad6e54,2017-03-12,2017-03-15,2017-03-28
5b3a8558f1ca,2017-03-14,2017-03-15,2017-03-28
2cb85aa72517,2017-02-19,2017-03-15,2017-03-20
45b7f3e9df95,2017-03-10,2017-03-15,2017-03-28
81f2ae7c2d54,2017-03-11,2017-03-15,2017-03-28
40995396a6ad,2017-03-15,2017-03-15,2017-03-28
4597739bb427,2017-02-20,2017-03-15,2017-03-22
83f841593665,2017-02-22,2017-03-15,2017-03-24
df29dd2a79d3,2017-02-21,2017-03-15,2017-03-23
b2baa1482f18,2017-02-28,2017-03-15,2017-03-28
3ab1b9e6c00d,2017-03-06,2017-03-15,2017-03-28
3ac507e0f71b,2017-02-25,2017-03-15,2017-03-26
3dd04a1ac03a,2017-02-26,2017-03-15,2017-03-28
7245339f18cb,2017-03-19,2017-03-19,2017-03-28
6b76112e321a,2017-03-05,2017-03-15,2017-03-17
ae1a26314436,2017-03-02,2017-03-15,2017-03-28
f4107402add6,2017-03-25,2017-03-25,2017-03-28
b198ccd5e761,2017-02-26,2017-03-15,2017-03-27
2018c5facc77,2017-02-24,2017-03-15,2017-03-25
b24965a68cba,2017-03-15,2017-03-15,2017-03-28
5bb1ef6d82b7,2017-02-17,2017-03-15,2017-03-19
d9f0973c8e46,2017-03-09,2017-03-15,2017-03-28
106e2bbeaf85,2017-02-20,2017-03-15,2017-03-22
b76ebe9a1be7,2017-02-25,2017-03-15,2017-03-27
a7c2773c1ac3,2017-03-24,2017-03-24,2017-03-28
83de25476d1f,2017-03-11,2017-03-15,2017-03-25
0025e5e5c037,2017-03-15,2017-03-15,2017-03-19
4895426ed162,2017-03-06,2017-03-15,2017-03-28
d7f988778aa9,2017-02-23,2017-03-15,2017-03-25
969354192982,2017-03-03,2017-03-15,2017-03-28
d10250bc2bb6,2017-03-02,2017-03-15,2017-03-28
405591336e1e,2017-03-21,2017-03-21,2017-03-28
2268e1baff82,2017-03-01,2017-03-15,2017-03-28
fd87ec8b7183,2017-03-03,2017-03-15,2017-03-19
51c0d063eaf0,2017-02-18,2017-03-15,2017-03-20
7615740d1e1d,2017-02-14,2017-03-15,2017-03-16
d2fb3e24f3c2,2017-03-13,2017-03-15,2017-03-28
4fcefd55a2e8,2017-03-27,2017-03-27,2017-03-28
e9c985ec4e1d,2017-03-20,2017-03-20,2017-03-28
fa391b2e0902,2017-03-09,2017-03-15,2017-03-28
1a72466ba883,2017-02-15,2017-03-15,2017-03-17
23a92ea7f44c,2017-03-16,2017-03-16,2017-03-28
76e228bdb2a4,2017-02-28,2017-03-15,2017-03-28
8e06fd083bdc,2017-02-15,2017-03-15,2017-03-17
4c837120d464,2017-03-16,2017-03-16,2017-03-28
39dd9e7af241,2017-03-09,2017-03-15,2017-03-28
c9de1a7bdb69,2017-03-10,2017-03-15,2017-03-28
0eab272f2c61,2017-03-17,2017-03-17,2017-03-28
71a3429df73b,2017-03-10,2017-03-15,2017-03-28
cd59483f3951,2017-03-05,2017-03-15,2017-03-28
724bf9625643,2017-02-21,2017-03-15,2017-03-22
447046440d31,2017-03-17,2017-03-17,2017-03-28
bed356ab6703,2017-03-02,2017-03-15,2017-03-28
17c10cc10551,2017-02-27,2017-03-15,2017-03-28
c4ea4cecb4e1,2017-03-22,2017-03-22,2017-03-28
7296f78843a0,2017-03-23,2017-03-23,2017-03-28
6e078a806979,2017-02-16,2017-03-15,2017-03-18
213f2de7d25a,2017-03-01,2017-03-15,2017-03-21
5f85098a30c0,2017-03-13,2017-03-15,2017-03-28
e6c582a07537,2017-02-19,2017-03-15,2017-03-21
e75b2b7c4201,2017-03-10,2017-03-15,2017-03-28
f481419bf1c8,2017-03-16,2017-03-16,2017-03-28
280e1474c3b0,2017-03-03,2017-03-15,2017-03-28
188e03c68446,2017-03-06,2017-03-15,2017-03-28
e45f9e323a7d,2017-02-27,2017-03-15,2017-03-28
e2b676f72bc7,2017-02-14,2017-03-15,2017-03-16
107be3da7d63,2017-03-05,2017-03-15,2017-03-21
4f84cc6b104c,2017-03-21,2017-03-21,2017-03-28
0ab610db3540,2017-02-14,2017-03-15,2017-03-16
be69c589aea0,2017-02-27,2017-03-15,2017-03-28
f8bd96d18177,2017-03-18,2017-03-18,2017-03-28
0ac98c67bf2b,2017-03-26,2017-03-26,2017-03-28
3a089675d4d7,2017-03-09,2017-03-15,2017-03-28
3fae7dff8085,2017-03-16,2017-03-16,2017-03-28
0eff328cad82,2017-03-05,2017-03-15,2017-03-28
d3240d054067,2017-03-12,2017-03-15,2017-03-19
ce2e3dd8ca66,2017-03-23,2017-03-23,2017-03-28
d09e9f05f973,2017-03-06,2017-03-15,2017-03-28
8633817d7d97,2017-03-02,2017-03-15,2017-03-28
8e2ba4aa2f06,2017-02-22,2017-03-15,2017-03-23
b16dd42b5dd4,2017-03-25,2017-03-25,2017-03-28
94588099b35e,2017-03-25,2017-03-25,2017-03-25
9688e41a53a2,2017-03-02,2017-03-15,2017-03-28
5444c9c7c34a,2017-03-24,2017-03-24,2017-03-28
ce697c0d579f,2017-03-19,2017-03-19,2017-03-28
3b1ab8eda142,2017-02-21,2017-03-15,2017-03-23
e031e1fdd0ca,2017-02-26,2017-03-15,2017-03-27
d0fc664fe12e,2017-03-21,2017-03-21,2017-03-28
8748875ac8fb,2017-03-11,2017-03-15,2017-03-28
9b6b6bfda8eb,2017-03-09,2017-03-15,2017-03-28
ac6d267c7abf,2017-02-17,2017-03-15,2017-03-19
f8d756dce74f,2017-03-09,2017-03-15,2017-03-28
b84279dddfd0,2017-03-10,2017-03-15,2017-03-26
ced2c4d992fd,2017-02-19,2017-03-15,2017-03-20
3357acf5dcc2,2017-03-01,2017-03-15,2017-03-28
e0bd9c3a1f60,2017-03-07,2017-03-15,2017-03-28
597147904893,2017-03-09,2017-03-15,2017-03-28
f07988989d38,2017-03-12,2017-03-15,2017-03-28
7cd759338f9c,2017-03-25,2017-03-25,2017-03-26
480e1e2774fc,2017-03-08,2017-03-15,2017-03-28
fe5a6add46e3,2017-02-15,2017-03-15,2017-03-17
06fae2f0a816,2017-03-13,2017-03-15,2017-03-28
41365b21d5de,2017-03-06,2017-03-15,2017-03-18
8a3c5ae1a907,2017-02-14,2017-03-15,2017-03-16
fcfe182cf289,2017-03-14,2017-03-15,2017-03-28
4497fcec117c,2017-03-23,2017-03-23,2017-03-28
7b747dfcf434,2017-02-22,2017-03-15,2017-03-24
76d1db869a9d,2017-03-18,2017-03-18,2017-03-28
39b950244a8d,2017-02-28,2017-03-15,2017-03-28
f0c56819f6bb,2017-03-12,2017-03-15,2017-03-28
70b7fb2f1b9d,2017-03-15,2017-03-15,2017-03-28
91012010077b,2017-03-23,2017-03-23,2017-03-28
6d4b22efecea,2017-02-19,2017-03-15,2017-03-21
2b7ee9e68897,2017-03-11,2017-03-15,2017-03-28
8368e8865252,2017-02-23,2017-03-15,2017-03-25
102204460b1d,2017-03-20,2017-03-20,2017-03-28
40ceb943c261,2017-03-18,2017-03-18,2017-03-28
e79b6435a503,2017-03-14,2017-03-15,2017-03-20
d8aecfe2348c,2017-03-13,2017-03-15,2017-03-28
feebc9651dea,2017-02-20,2017-03-15,2017-03-22
038f15e22bd3,2017-02-21,2017-03-15,2017-03-23
260315139e49,2017-03-08,2017-03-15,2017-03-28
3228fb5d7e84,2017-03-08,2017-03-15,2017-03-28
47d59028b135,2017-03-22,2017-03-22,2017-03-28
71cd593f9a98,2017-03-11,2017-03-15,2017-03-28
a6036f4df0a6,2017-02-27,2017-03-15,2017-03-28
3029383ba1b0,2017-03-04,2017-03-15,2017-03-28
c0d93eaf0744,2017-03-09,2017-03-15,2017-03-28
6a7e5cb20315,2017-03-28,2017-03-28,2017-03-28
6acc51415f73,2017-02-20,2017-03-15,2017-03-22
57964f7a2329,2017-03-19,2017-03-19,2017-03-28
27c12747d80c,2017-02-20,2017-03-15,2017-03-22
edac604b8df1,2017-03-09,2017-03-15,2017-03-28
6cb00d8483b3,2017-03-10,2017-03-15,2017-03-22
c5f0210eaeb6,2017-02-23,2017-03-15,2017-03-24
a2ddaea3ed16,2017-02-23,2017-03-15,2017-03-25
151ce5a3d100,2017-03-19,2017-03-19,2017-03-24
53a390f19f56,2017-02-19,2017-03-15,2017-03-21
9c47ba51ec9f,2017-03-06,2017-03-15,2017-03-28
396f8dd774fa,2017-03-24,2017-03-24,2017-03-28
dd8cfbaace1d,2017-02-18,2017-03-15,2017-03-20
3fb96c78038c,2017-02-14,2017-03-15,2017-03-16
42f51571eba0,2017-03-27,2017-03-27,2017-03-28
0c34176a0cb4,2017-03-07,2017-03-15,2017-03-28
392217a0e751,2017-03-19,2017-03-19,2017-03-28
5a9369bda7e4,2017-03-26,2017-03-26,2017-03-28
15d52c121835,2017-03-25,2017-03-25,2017-03-28
aaed8c587cb5,2017-03-08,2017-03-15,2017-03-28
64203b6ceb1f,2017-02-24,2017-03-15,2017-03-26
80366bd0667c,2017-03-01,2017-03-15,2017-03-28
868833fc7f27,2017-02-23,2017-03-15,2017-03-25
87cb3013590b,2017-03-25,2017-03-25,2017-03-28
189175d3991a,2017-03-26,2017-03-26,2017-03-28
e845451441cd,2017-03-07,2017-03-15,2017-03-28
972be15f0932,2017-02-28,2017-03-15,2017-03-28
1f930c43446f,2017-03-09,2017-03-15,2017-03-28
d43230f8c64a,2017-02-15,2017-03-15,2017-03-28
c71cfaf5c9b0,2017-02-17,2017-03-15,2017-03-18
0bea53e1055c,2017-02-26,2017-03-15,2017-03-28
5375d320cd3a,2017-02-15,2017-03-15,2017-03-17
65e4eae80875,2017-03-27,2017-03-27,2017-03-28
2fe40fd8de1f,2017-03-26,2017-03-26,2017-03-28
07dbbbf7e88a,2017-03-28,2017-03-28,2017-03-28
4eec0450c6ec,2017-03-27,2017-03-27,2017-03-28
79f74e2859f8,2017-03-23,2017-03-24,2017-03-28
e1a914f5f624,2017-02-26,2017-03-15,2017-03-28
db11db0bf569,2017-03-06,2017-03-15,2017-03-28
4ac37f5ada71,2017-02-27,2017-03-15,2017-03-28
2ac4bb9eca2c,2017-03-12,2017-03-15,2017-03-28
7235cd3e8671,2017-03-02,2017-03-15,2017-03-28
b8664d98bb75,2017-03-24,2017-03-24,2017-03-28
f7042c2fc883,2017-03-17,2017-03-17,2017-03-19
